-1.727000117301940918e+00,-1.730000138282775879e+00,-1.730000138282775879e+00,-1.727000117301940918e+00,-1.727000117301940918e+00,-1.727000117301940918e+00,-1.727000117301940918e+00,-1.730000138282775879e+00,-1.730000138282775879e+00,-1.732000112533569336e+00,-1.732000112533569336e+00,-1.732000112533569336e+00,-1.732000112533569336e+00,-1.732000112533569336e+00,-1.732000112533569336e+00,-1.732000112533569336e+00,-1.735000133514404297e+00,-1.735000133514404297e+00,-1.735000133514404297e+00,-1.732000112533569336e+00,-1.732000112533569336e+00,-1.732000112533569336e+00,-1.732000112533569336e+00,-1.732000112533569336e+00,-1.735000133514404297e+00,-1.735000133514404297e+00,-1.735000133514404297e+00,-1.732000112533569336e+00,-1.732000112533569336e+00,-1.730000138282775879e+00,-1.732000112533569336e+00,-1.732000112533569336e+00,-1.732000112533569336e+00,-1.730000138282775879e+00,-1.730000138282775879e+00,-1.727000117301940918e+00,-1.732000112533569336e+00,-1.735000133514404297e+00,-1.732000112533569336e+00,-1.732000112533569336e+00,-1.732000112533569336e+00,-1.735000133514404297e+00,-1.735000133514404297e+00,-1.735000133514404297e+00,-1.737000107765197754e+00,-1.737000107765197754e+00,-1.737000107765197754e+00,-1.740000128746032715e+00,-1.740000128746032715e+00,-1.742000102996826172e+00,-1.740000128746032715e+00,-1.740000128746032715e+00,-1.742000102996826172e+00,-1.742000102996826172e+00,-1.742000102996826172e+00,-1.742000102996826172e+00,-1.742000102996826172e+00,-1.745000123977661133e+00,-1.740000128746032715e+00,-1.740000128746032715e+00,-1.742000102996826172e+00,-1.742000102996826172e+00,-1.742000102996826172e+00,-1.740000128746032715e+00,-1.740000128746032715e+00,-1.737000107765197754e+00,-1.735000133514404297e+00,-1.732000112533569336e+00,-1.730000138282775879e+00,-1.727000117301940918e+00,-1.720000028610229492e+00,-1.715000033378601074e+00,-1.710000038146972656e+00,-1.705000042915344238e+00,-1.700000047683715820e+00,-1.695000052452087402e+00,-1.690000057220458984e+00,-1.687000036239624023e+00,-1.690000057220458984e+00,-1.687000036239624023e+00,-1.690000057220458984e+00,-1.687000036239624023e+00,-1.690000057220458984e+00,-1.687000036239624023e+00,-1.687000036239624023e+00,-1.690000057220458984e+00,-1.690000057220458984e+00,-1.692000031471252441e+00,-1.692000031471252441e+00,-1.692000031471252441e+00,-1.692000031471252441e+00,-1.692000031471252441e+00,-1.692000031471252441e+00,-1.697000026702880859e+00,-1.695000052452087402e+00,-1.697000026702880859e+00,-1.692000031471252441e+00,-1.692000031471252441e+00,-1.690000057220458984e+00,-1.690000057220458984e+00,-1.692000031471252441e+00,-1.692000031471252441e+00,-1.692000031471252441e+00,-1.697000026702880859e+00,-1.697000026702880859e+00,-1.695000052452087402e+00,-1.700000047683715820e+00,-1.700000047683715820e+00,-1.700000047683715820e+00,-1.702000021934509277e+00,-1.702000021934509277e+00,-1.702000021934509277e+00,-1.705000042915344238e+00,-1.705000042915344238e+00,-1.705000042915344238e+00,-1.705000042915344238e+00,-1.705000042915344238e+00,-1.702000021934509277e+00,-1.705000042915344238e+00,-1.705000042915344238e+00,-1.705000042915344238e+00,-1.705000042915344238e+00,-1.702000021934509277e+00,-1.705000042915344238e+00,-1.707000136375427246e+00,-1.707000136375427246e+00,-1.707000136375427246e+00,-1.707000136375427246e+00,-1.710000038146972656e+00,-1.710000038146972656e+00,-1.710000038146972656e+00,-1.710000038146972656e+00,-1.710000038146972656e+00,-1.705000042915344238e+00,-1.707000136375427246e+00,-1.710000038146972656e+00,-1.710000038146972656e+00,-1.712000131607055664e+00,-1.710000038146972656e+00,-1.710000038146972656e+00,-1.710000038146972656e+00,-1.710000038146972656e+00,-1.705000042915344238e+00,-1.707000136375427246e+00,-1.707000136375427246e+00,-1.710000038146972656e+00,-1.710000038146972656e+00,-1.710000038146972656e+00,-1.712000131607055664e+00,-1.712000131607055664e+00,-1.712000131607055664e+00,-1.710000038146972656e+00,-1.712000131607055664e+00,-1.710000038146972656e+00,-1.712000131607055664e+00,-1.715000033378601074e+00,-1.715000033378601074e+00,-1.715000033378601074e+00,-1.715000033378601074e+00,-1.715000033378601074e+00,-1.717000126838684082e+00,-1.717000126838684082e+00,-1.715000033378601074e+00,-1.717000126838684082e+00,-1.720000028610229492e+00,-1.717000126838684082e+00,-1.717000126838684082e+00,-1.717000126838684082e+00,-1.717000126838684082e+00,-1.717000126838684082e+00,-1.717000126838684082e+00,-1.717000126838684082e+00,-1.717000126838684082e+00,-1.715000033378601074e+00,-1.712000131607055664e+00,-1.715000033378601074e+00,-1.712000131607055664e+00,-1.712000131607055664e+00,-1.712000131607055664e+00,-1.712000131607055664e+00,-1.710000038146972656e+00,-1.710000038146972656e+00,-1.712000131607055664e+00,-1.712000131607055664e+00,-1.712000131607055664e+00,-1.712000131607055664e+00,-1.710000038146972656e+00,-1.712000131607055664e+00,-1.707000136375427246e+00,-1.707000136375427246e+00,-1.707000136375427246e+00,-1.707000136375427246e+00,-1.707000136375427246e+00,-1.705000042915344238e+00,-1.702000021934509277e+00,-1.702000021934509277e+00,-1.700000047683715820e+00,-1.697000026702880859e+00,-1.697000026702880859e+00,-1.697000026702880859e+00,-1.695000052452087402e+00,-1.692000031471252441e+00,-1.692000031471252441e+00,-1.690000057220458984e+00,-1.687000036239624023e+00,-1.687000036239624023e+00,-1.690000057220458984e+00,-1.687000036239624023e+00,-1.685000061988830566e+00,-1.685000061988830566e+00,-1.685000061988830566e+00,-1.680000066757202148e+00,-1.687000036239624023e+00,-1.682000041007995605e+00,-1.680000066757202148e+00,-1.685000061988830566e+00,-1.692000031471252441e+00,-1.695000052452087402e+00,-1.695000052452087402e+00,-1.700000047683715820e+00,-1.702000021934509277e+00,-1.705000042915344238e+00,-1.707000136375427246e+00,-1.712000131607055664e+00,-1.715000033378601074e+00,-1.717000126838684082e+00,-1.725000023841857910e+00,-1.722000122070312500e+00,-1.727000117301940918e+00,-1.730000138282775879e+00,-1.735000133514404297e+00,-1.735000133514404297e+00,-1.735000133514404297e+00,-1.735000133514404297e+00,-1.732000112533569336e+00,-1.730000138282775879e+00,-1.727000117301940918e+00,-1.727000117301940918e+00,-1.727000117301940918e+00,-1.725000023841857910e+00,-1.725000023841857910e+00,-1.727000117301940918e+00,-1.727000117301940918e+00,-1.725000023841857910e+00,-1.725000023841857910e+00,-1.725000023841857910e+00,-1.725000023841857910e+00,-1.725000023841857910e+00,-1.722000122070312500e+00,-1.722000122070312500e+00,-1.722000122070312500e+00,-1.722000122070312500e+00,-1.722000122070312500e+00,-1.722000122070312500e+00,-1.722000122070312500e+00,-1.722000122070312500e+00,-1.722000122070312500e+00,-1.720000028610229492e+00,-1.720000028610229492e+00,-1.720000028610229492e+00,-1.720000028610229492e+00,-1.720000028610229492e+00,-1.720000028610229492e+00,-1.720000028610229492e+00,-1.720000028610229492e+00,-1.720000028610229492e+00,-1.720000028610229492e+00,-1.720000028610229492e+00,-1.720000028610229492e+00,-1.720000028610229492e+00,-1.715000033378601074e+00,-1.717000126838684082e+00,-1.715000033378601074e+00,-1.717000126838684082e+00,-1.717000126838684082e+00,-1.717000126838684082e+00,-1.717000126838684082e+00,-1.720000028610229492e+00,-1.720000028610229492e+00,-1.720000028610229492e+00,-1.720000028610229492e+00,-1.720000028610229492e+00,-1.720000028610229492e+00,-1.720000028610229492e+00,-1.722000122070312500e+00,-1.722000122070312500e+00,-1.722000122070312500e+00,-1.722000122070312500e+00,-1.725000023841857910e+00,-1.725000023841857910e+00,-1.730000138282775879e+00,-1.730000138282775879e+00,-1.730000138282775879e+00,-1.727000117301940918e+00,-1.727000117301940918e+00,-1.727000117301940918e+00,-1.727000117301940918e+00,-1.727000117301940918e+00,-1.727000117301940918e+00,-1.727000117301940918e+00,-1.727000117301940918e+00,-1.727000117301940918e+00,-1.727000117301940918e+00,-1.727000117301940918e+00,-1.727000117301940918e+00,-1.725000023841857910e+00,-1.725000023841857910e+00,-1.725000023841857910e+00,-1.725000023841857910e+00,-1.725000023841857910e+00,-1.722000122070312500e+00,-1.725000023841857910e+00,-1.722000122070312500e+00,-1.720000028610229492e+00,-1.720000028610229492e+00,-1.722000122070312500e+00,-1.722000122070312500e+00,-1.722000122070312500e+00,-1.722000122070312500e+00,-1.722000122070312500e+00,-1.725000023841857910e+00,-1.722000122070312500e+00,-1.722000122070312500e+00,-1.725000023841857910e+00,-1.725000023841857910e+00,-1.725000023841857910e+00,-1.725000023841857910e+00,-1.725000023841857910e+00,-1.725000023841857910e+00,-1.727000117301940918e+00,-1.727000117301940918e+00,-1.727000117301940918e+00,-1.727000117301940918e+00,-1.727000117301940918e+00,-1.727000117301940918e+00,-1.727000117301940918e+00,-1.727000117301940918e+00,-1.727000117301940918e+00,-1.725000023841857910e+00,-1.727000117301940918e+00,-1.727000117301940918e+00,-1.727000117301940918e+00,-1.727000117301940918e+00,-1.727000117301940918e+00,-1.727000117301940918e+00,-1.725000023841857910e+00,-1.725000023841857910e+00,-1.725000023841857910e+00,-1.727000117301940918e+00,-1.725000023841857910e+00,-1.725000023841857910e+00,-1.725000023841857910e+00,-1.727000117301940918e+00,-1.725000023841857910e+00,-1.722000122070312500e+00,-1.725000023841857910e+00,-1.727000117301940918e+00,-1.725000023841857910e+00,-1.722000122070312500e+00,-1.727000117301940918e+00
-1.732000112533569336e+00,-1.735000133514404297e+00,-1.740000128746032715e+00,-1.740000128746032715e+00,-1.742000102996826172e+00,-1.742000102996826172e+00,-1.742000102996826172e+00,-1.742000102996826172e+00,-1.742000102996826172e+00,-1.742000102996826172e+00,-1.742000102996826172e+00,-1.742000102996826172e+00,-1.742000102996826172e+00,-1.742000102996826172e+00,-1.742000102996826172e+00,-1.742000102996826172e+00,-1.740000128746032715e+00,-1.740000128746032715e+00,-1.740000128746032715e+00,-1.737000107765197754e+00,-1.735000133514404297e+00,-1.732000112533569336e+00,-1.735000133514404297e+00,-1.732000112533569336e+00,-1.735000133514404297e+00,-1.732000112533569336e+00,-1.732000112533569336e+00,-1.732000112533569336e+00,-1.732000112533569336e+00,-1.730000138282775879e+00,-1.730000138282775879e+00,-1.730000138282775879e+00,-1.727000117301940918e+00,-1.727000117301940918e+00,-1.727000117301940918e+00,-1.727000117301940918e+00,-1.730000138282775879e+00,-1.727000117301940918e+00,-1.730000138282775879e+00,-1.730000138282775879e+00,-1.730000138282775879e+00,-1.727000117301940918e+00,-1.725000023841857910e+00,-1.725000023841857910e+00,-1.727000117301940918e+00,-1.730000138282775879e+00,-1.727000117301940918e+00,-1.727000117301940918e+00,-1.735000133514404297e+00,-1.735000133514404297e+00,-1.737000107765197754e+00,-1.740000128746032715e+00,-1.742000102996826172e+00,-1.742000102996826172e+00,-1.742000102996826172e+00,-1.740000128746032715e+00,-1.740000128746032715e+00,-1.740000128746032715e+00,-1.740000128746032715e+00,-1.740000128746032715e+00,-1.737000107765197754e+00,-1.735000133514404297e+00,-1.737000107765197754e+00,-1.737000107765197754e+00,-1.737000107765197754e+00,-1.735000133514404297e+00,-1.732000112533569336e+00,-1.730000138282775879e+00,-1.725000023841857910e+00,-1.722000122070312500e+00,-1.717000126838684082e+00,-1.712000131607055664e+00,-1.705000042915344238e+00,-1.702000021934509277e+00,-1.695000052452087402e+00,-1.692000031471252441e+00,-1.685000061988830566e+00,-1.687000036239624023e+00,-1.682000041007995605e+00,-1.687000036239624023e+00,-1.685000061988830566e+00,-1.687000036239624023e+00,-1.687000036239624023e+00,-1.690000057220458984e+00,-1.687000036239624023e+00,-1.690000057220458984e+00,-1.692000031471252441e+00,-1.692000031471252441e+00,-1.692000031471252441e+00,-1.695000052452087402e+00,-1.697000026702880859e+00,-1.702000021934509277e+00,-1.702000021934509277e+00,-1.702000021934509277e+00,-1.702000021934509277e+00,-1.697000026702880859e+00,-1.700000047683715820e+00,-1.697000026702880859e+00,-1.695000052452087402e+00,-1.697000026702880859e+00,-1.695000052452087402e+00,-1.695000052452087402e+00,-1.695000052452087402e+00,-1.697000026702880859e+00,-1.700000047683715820e+00,-1.700000047683715820e+00,-1.702000021934509277e+00,-1.702000021934509277e+00,-1.705000042915344238e+00,-1.702000021934509277e+00,-1.705000042915344238e+00,-1.707000136375427246e+00,-1.707000136375427246e+00,-1.705000042915344238e+00,-1.707000136375427246e+00,-1.707000136375427246e+00,-1.705000042915344238e+00,-1.705000042915344238e+00,-1.707000136375427246e+00,-1.707000136375427246e+00,-1.707000136375427246e+00,-1.705000042915344238e+00,-1.705000042915344238e+00,-1.710000038146972656e+00,-1.710000038146972656e+00,-1.710000038146972656e+00,-1.710000038146972656e+00,-1.710000038146972656e+00,-1.710000038146972656e+00,-1.710000038146972656e+00,-1.710000038146972656e+00,-1.712000131607055664e+00,-1.712000131607055664e+00,-1.712000131607055664e+00,-1.712000131607055664e+00,-1.712000131607055664e+00,-1.715000033378601074e+00,-1.715000033378601074e+00,-1.715000033378601074e+00,-1.715000033378601074e+00,-1.712000131607055664e+00,-1.715000033378601074e+00,-1.715000033378601074e+00,-1.712000131607055664e+00,-1.715000033378601074e+00,-1.715000033378601074e+00,-1.715000033378601074e+00,-1.715000033378601074e+00,-1.715000033378601074e+00,-1.715000033378601074e+00,-1.715000033378601074e+00,-1.715000033378601074e+00,-1.715000033378601074e+00,-1.715000033378601074e+00,-1.710000038146972656e+00,-1.710000038146972656e+00,-1.710000038146972656e+00,-1.707000136375427246e+00,-1.712000131607055664e+00,-1.715000033378601074e+00,-1.712000131607055664e+00,-1.715000033378601074e+00,-1.715000033378601074e+00,-1.715000033378601074e+00,-1.715000033378601074e+00,-1.715000033378601074e+00,-1.717000126838684082e+00,-1.715000033378601074e+00,-1.715000033378601074e+00,-1.715000033378601074e+00,-1.715000033378601074e+00,-1.715000033378601074e+00,-1.717000126838684082e+00,-1.717000126838684082e+00,-1.715000033378601074e+00,-1.717000126838684082e+00,-1.715000033378601074e+00,-1.715000033378601074e+00,-1.717000126838684082e+00,-1.715000033378601074e+00,-1.715000033378601074e+00,-1.715000033378601074e+00,-1.717000126838684082e+00,-1.715000033378601074e+00,-1.715000033378601074e+00,-1.715000033378601074e+00,-1.712000131607055664e+00,-1.710000038146972656e+00,-1.710000038146972656e+00,-1.707000136375427246e+00,-1.707000136375427246e+00,-1.707000136375427246e+00,-1.707000136375427246e+00,-1.702000021934509277e+00,-1.702000021934509277e+00,-1.697000026702880859e+00,-1.697000026702880859e+00,-1.697000026702880859e+00,-1.692000031471252441e+00,-1.692000031471252441e+00,-1.690000057220458984e+00,-1.690000057220458984e+00,-1.687000036239624023e+00,-1.685000061988830566e+00,-1.685000061988830566e+00,-1.685000061988830566e+00,-1.685000061988830566e+00,-1.682000041007995605e+00,-1.675000071525573730e+00,-1.675000071525573730e+00,-1.675000071525573730e+00,-1.677000045776367188e+00,-1.672000050544738770e+00,-1.672000050544738770e+00,-1.677000045776367188e+00,-1.677000045776367188e+00,-1.680000066757202148e+00,-1.682000041007995605e+00,-1.685000061988830566e+00,-1.687000036239624023e+00,-1.690000057220458984e+00,-1.697000026702880859e+00,-1.697000026702880859e+00,-1.700000047683715820e+00,-1.702000021934509277e+00,-1.705000042915344238e+00,-1.705000042915344238e+00,-1.707000136375427246e+00,-1.712000131607055664e+00,-1.717000126838684082e+00,-1.717000126838684082e+00,-1.717000126838684082e+00,-1.720000028610229492e+00,-1.720000028610229492e+00,-1.717000126838684082e+00,-1.717000126838684082e+00,-1.717000126838684082e+00,-1.717000126838684082e+00,-1.717000126838684082e+00,-1.717000126838684082e+00,-1.720000028610229492e+00,-1.717000126838684082e+00,-1.717000126838684082e+00,-1.717000126838684082e+00,-1.715000033378601074e+00,-1.715000033378601074e+00,-1.717000126838684082e+00,-1.717000126838684082e+00,-1.715000033378601074e+00,-1.715000033378601074e+00,-1.715000033378601074e+00,-1.710000038146972656e+00,-1.715000033378601074e+00,-1.710000038146972656e+00,-1.712000131607055664e+00,-1.712000131607055664e+00,-1.710000038146972656e+00,-1.710000038146972656e+00,-1.707000136375427246e+00,-1.710000038146972656e+00,-1.710000038146972656e+00,-1.712000131607055664e+00,-1.712000131607055664e+00,-1.712000131607055664e+00,-1.710000038146972656e+00,-1.710000038146972656e+00,-1.707000136375427246e+00,-1.710000038146972656e+00,-1.710000038146972656e+00,-1.710000038146972656e+00,-1.707000136375427246e+00,-1.707000136375427246e+00,-1.710000038146972656e+00,-1.707000136375427246e+00,-1.707000136375427246e+00,-1.705000042915344238e+00,-1.705000042915344238e+00,-1.705000042915344238e+00,-1.705000042915344238e+00,-1.702000021934509277e+00,-1.705000042915344238e+00,-1.705000042915344238e+00,-1.707000136375427246e+00,-1.710000038146972656e+00,-1.712000131607055664e+00,-1.717000126838684082e+00,-1.717000126838684082e+00,-1.720000028610229492e+00,-1.722000122070312500e+00,-1.722000122070312500e+00,-1.722000122070312500e+00,-1.722000122070312500e+00,-1.722000122070312500e+00,-1.717000126838684082e+00,-1.720000028610229492e+00,-1.720000028610229492e+00,-1.722000122070312500e+00,-1.722000122070312500e+00,-1.722000122070312500e+00,-1.722000122070312500e+00,-1.722000122070312500e+00,-1.725000023841857910e+00,-1.722000122070312500e+00,-1.722000122070312500e+00,-1.722000122070312500e+00,-1.720000028610229492e+00,-1.722000122070312500e+00,-1.722000122070312500e+00,-1.722000122070312500e+00,-1.722000122070312500e+00,-1.722000122070312500e+00,-1.725000023841857910e+00,-1.722000122070312500e+00,-1.725000023841857910e+00,-1.720000028610229492e+00,-1.720000028610229492e+00,-1.720000028610229492e+00,-1.720000028610229492e+00,-1.720000028610229492e+00,-1.722000122070312500e+00,-1.722000122070312500e+00,-1.725000023841857910e+00,-1.725000023841857910e+00,-1.730000138282775879e+00,-1.730000138282775879e+00,-1.727000117301940918e+00,-1.730000138282775879e+00,-1.727000117301940918e+00,-1.730000138282775879e+00,-1.730000138282775879e+00,-1.727000117301940918e+00,-1.727000117301940918e+00,-1.727000117301940918e+00,-1.727000117301940918e+00,-1.727000117301940918e+00,-1.727000117301940918e+00,-1.727000117301940918e+00,-1.730000138282775879e+00,-1.730000138282775879e+00,-1.730000138282775879e+00,-1.730000138282775879e+00,-1.730000138282775879e+00,-1.730000138282775879e+00,-1.730000138282775879e+00,-1.730000138282775879e+00,-1.730000138282775879e+00,-1.730000138282775879e+00,-1.730000138282775879e+00,-1.737000107765197754e+00,-1.730000138282775879e+00,-1.730000138282775879e+00,-1.727000117301940918e+00,-1.727000117301940918e+00,-1.727000117301940918e+00,-1.727000117301940918e+00,-1.730000138282775879e+00,-1.730000138282775879e+00,-1.730000138282775879e+00,-1.730000138282775879e+00,-1.730000138282775879e+00
-1.742000102996826172e+00,-1.752000093460083008e+00,-1.752000093460083008e+00,-1.757000088691711426e+00,-1.760000109672546387e+00,-1.757000088691711426e+00,-1.760000109672546387e+00,-1.757000088691711426e+00,-1.752000093460083008e+00,-1.752000093460083008e+00,-1.755000114440917969e+00,-1.752000093460083008e+00,-1.752000093460083008e+00,-1.747000098228454590e+00,-1.745000123977661133e+00,-1.740000128746032715e+00,-1.742000102996826172e+00,-1.745000123977661133e+00,-1.745000123977661133e+00,-1.745000123977661133e+00,-1.740000128746032715e+00,-1.737000107765197754e+00,-1.740000128746032715e+00,-1.742000102996826172e+00,-1.740000128746032715e+00,-1.740000128746032715e+00,-1.737000107765197754e+00,-1.737000107765197754e+00,-1.735000133514404297e+00,-1.732000112533569336e+00,-1.730000138282775879e+00,-1.727000117301940918e+00,-1.722000122070312500e+00,-1.720000028610229492e+00,-1.720000028610229492e+00,-1.722000122070312500e+00,-1.727000117301940918e+00,-1.730000138282775879e+00,-1.730000138282775879e+00,-1.730000138282775879e+00,-1.732000112533569336e+00,-1.735000133514404297e+00,-1.732000112533569336e+00,-1.730000138282775879e+00,-1.727000117301940918e+00,-1.730000138282775879e+00,-1.732000112533569336e+00,-1.732000112533569336e+00,-1.730000138282775879e+00,-1.735000133514404297e+00,-1.735000133514404297e+00,-1.732000112533569336e+00,-1.732000112533569336e+00,-1.732000112533569336e+00,-1.725000023841857910e+00,-1.727000117301940918e+00,-1.725000023841857910e+00,-1.725000023841857910e+00,-1.725000023841857910e+00,-1.727000117301940918e+00,-1.725000023841857910e+00,-1.725000023841857910e+00,-1.725000023841857910e+00,-1.727000117301940918e+00,-1.727000117301940918e+00,-1.725000023841857910e+00,-1.720000028610229492e+00,-1.720000028610229492e+00,-1.712000131607055664e+00,-1.712000131607055664e+00,-1.707000136375427246e+00,-1.700000047683715820e+00,-1.695000052452087402e+00,-1.692000031471252441e+00,-1.690000057220458984e+00,-1.690000057220458984e+00,-1.690000057220458984e+00,-1.682000041007995605e+00,-1.680000066757202148e+00,-1.680000066757202148e+00,-1.685000061988830566e+00,-1.680000066757202148e+00,-1.682000041007995605e+00,-1.685000061988830566e+00,-1.687000036239624023e+00,-1.687000036239624023e+00,-1.692000031471252441e+00,-1.692000031471252441e+00,-1.700000047683715820e+00,-1.700000047683715820e+00,-1.705000042915344238e+00,-1.705000042915344238e+00,-1.705000042915344238e+00,-1.707000136375427246e+00,-1.702000021934509277e+00,-1.705000042915344238e+00,-1.707000136375427246e+00,-1.712000131607055664e+00,-1.715000033378601074e+00,-1.712000131607055664e+00,-1.717000126838684082e+00,-1.717000126838684082e+00,-1.720000028610229492e+00,-1.717000126838684082e+00,-1.722000122070312500e+00,-1.720000028610229492e+00,-1.720000028610229492e+00,-1.720000028610229492e+00,-1.722000122070312500e+00,-1.722000122070312500e+00,-1.725000023841857910e+00,-1.730000138282775879e+00,-1.732000112533569336e+00,-1.730000138282775879e+00,-1.730000138282775879e+00,-1.727000117301940918e+00,-1.727000117301940918e+00,-1.727000117301940918e+00,-1.722000122070312500e+00,-1.722000122070312500e+00,-1.722000122070312500e+00,-1.722000122070312500e+00,-1.722000122070312500e+00,-1.725000023841857910e+00,-1.722000122070312500e+00,-1.722000122070312500e+00,-1.722000122070312500e+00,-1.730000138282775879e+00,-1.727000117301940918e+00,-1.727000117301940918e+00,-1.727000117301940918e+00,-1.727000117301940918e+00,-1.722000122070312500e+00,-1.720000028610229492e+00,-1.717000126838684082e+00,-1.717000126838684082e+00,-1.717000126838684082e+00,-1.717000126838684082e+00,-1.717000126838684082e+00,-1.715000033378601074e+00,-1.717000126838684082e+00,-1.717000126838684082e+00,-1.717000126838684082e+00,-1.717000126838684082e+00,-1.715000033378601074e+00,-1.715000033378601074e+00,-1.710000038146972656e+00,-1.710000038146972656e+00,-1.710000038146972656e+00,-1.715000033378601074e+00,-1.707000136375427246e+00,-1.707000136375427246e+00,-1.707000136375427246e+00,-1.705000042915344238e+00,-1.700000047683715820e+00,-1.697000026702880859e+00,-1.697000026702880859e+00,-1.697000026702880859e+00,-1.697000026702880859e+00,-1.705000042915344238e+00,-1.702000021934509277e+00,-1.702000021934509277e+00,-1.700000047683715820e+00,-1.700000047683715820e+00,-1.702000021934509277e+00,-1.702000021934509277e+00,-1.702000021934509277e+00,-1.700000047683715820e+00,-1.700000047683715820e+00,-1.700000047683715820e+00,-1.702000021934509277e+00,-1.700000047683715820e+00,-1.705000042915344238e+00,-1.707000136375427246e+00,-1.702000021934509277e+00,-1.700000047683715820e+00,-1.705000042915344238e+00,-1.707000136375427246e+00,-1.710000038146972656e+00,-1.710000038146972656e+00,-1.712000131607055664e+00,-1.715000033378601074e+00,-1.715000033378601074e+00,-1.717000126838684082e+00,-1.717000126838684082e+00,-1.717000126838684082e+00,-1.715000033378601074e+00,-1.717000126838684082e+00,-1.715000033378601074e+00,-1.712000131607055664e+00,-1.712000131607055664e+00,-1.715000033378601074e+00,-1.717000126838684082e+00,-1.717000126838684082e+00,-1.717000126838684082e+00,-1.710000038146972656e+00,-1.712000131607055664e+00,-1.707000136375427246e+00,-1.705000042915344238e+00,-1.705000042915344238e+00,-1.702000021934509277e+00,-1.700000047683715820e+00,-1.700000047683715820e+00,-1.697000026702880859e+00,-1.692000031471252441e+00,-1.690000057220458984e+00,-1.690000057220458984e+00,-1.687000036239624023e+00,-1.682000041007995605e+00,-1.685000061988830566e+00,-1.682000041007995605e+00,-1.680000066757202148e+00,-1.677000045776367188e+00,-1.672000050544738770e+00,-1.677000045776367188e+00,-1.677000045776367188e+00,-1.677000045776367188e+00,-1.677000045776367188e+00,-1.675000071525573730e+00,-1.682000041007995605e+00,-1.685000061988830566e+00,-1.690000057220458984e+00,-1.690000057220458984e+00,-1.695000052452087402e+00,-1.695000052452087402e+00,-1.695000052452087402e+00,-1.695000052452087402e+00,-1.697000026702880859e+00,-1.702000021934509277e+00,-1.705000042915344238e+00,-1.705000042915344238e+00,-1.707000136375427246e+00,-1.702000021934509277e+00,-1.702000021934509277e+00,-1.700000047683715820e+00,-1.697000026702880859e+00,-1.697000026702880859e+00,-1.697000026702880859e+00,-1.695000052452087402e+00,-1.695000052452087402e+00,-1.697000026702880859e+00,-1.695000052452087402e+00,-1.692000031471252441e+00,-1.697000026702880859e+00,-1.697000026702880859e+00,-1.695000052452087402e+00,-1.697000026702880859e+00,-1.695000052452087402e+00,-1.695000052452087402e+00,-1.695000052452087402e+00,-1.692000031471252441e+00,-1.690000057220458984e+00,-1.695000052452087402e+00,-1.695000052452087402e+00,-1.695000052452087402e+00,-1.695000052452087402e+00,-1.695000052452087402e+00,-1.695000052452087402e+00,-1.692000031471252441e+00,-1.692000031471252441e+00,-1.692000031471252441e+00,-1.692000031471252441e+00,-1.692000031471252441e+00,-1.695000052452087402e+00,-1.695000052452087402e+00,-1.695000052452087402e+00,-1.695000052452087402e+00,-1.692000031471252441e+00,-1.692000031471252441e+00,-1.695000052452087402e+00,-1.692000031471252441e+00,-1.692000031471252441e+00,-1.692000031471252441e+00,-1.690000057220458984e+00,-1.692000031471252441e+00,-1.692000031471252441e+00,-1.690000057220458984e+00,-1.695000052452087402e+00,-1.695000052452087402e+00,-1.695000052452087402e+00,-1.700000047683715820e+00,-1.697000026702880859e+00,-1.707000136375427246e+00,-1.710000038146972656e+00,-1.715000033378601074e+00,-1.717000126838684082e+00,-1.720000028610229492e+00,-1.720000028610229492e+00,-1.720000028610229492e+00,-1.720000028610229492e+00,-1.722000122070312500e+00,-1.722000122070312500e+00,-1.722000122070312500e+00,-1.725000023841857910e+00,-1.725000023841857910e+00,-1.725000023841857910e+00,-1.727000117301940918e+00,-1.730000138282775879e+00,-1.732000112533569336e+00,-1.727000117301940918e+00,-1.727000117301940918e+00,-1.732000112533569336e+00,-1.735000133514404297e+00,-1.737000107765197754e+00,-1.732000112533569336e+00,-1.727000117301940918e+00,-1.727000117301940918e+00,-1.730000138282775879e+00,-1.727000117301940918e+00,-1.727000117301940918e+00,-1.727000117301940918e+00,-1.727000117301940918e+00,-1.725000023841857910e+00,-1.725000023841857910e+00,-1.727000117301940918e+00,-1.727000117301940918e+00,-1.722000122070312500e+00,-1.722000122070312500e+00,-1.722000122070312500e+00,-1.720000028610229492e+00,-1.722000122070312500e+00,-1.720000028610229492e+00,-1.720000028610229492e+00,-1.717000126838684082e+00,-1.717000126838684082e+00,-1.722000122070312500e+00,-1.722000122070312500e+00,-1.717000126838684082e+00,-1.720000028610229492e+00,-1.717000126838684082e+00,-1.717000126838684082e+00,-1.720000028610229492e+00,-1.720000028610229492e+00,-1.717000126838684082e+00,-1.720000028610229492e+00,-1.710000038146972656e+00,-1.715000033378601074e+00,-1.720000028610229492e+00,-1.720000028610229492e+00,-1.720000028610229492e+00,-1.720000028610229492e+00,-1.720000028610229492e+00,-1.727000117301940918e+00,-1.730000138282775879e+00,-1.730000138282775879e+00,-1.730000138282775879e+00,-1.725000023841857910e+00,-1.730000138282775879e+00,-1.730000138282775879e+00,-1.730000138282775879e+00,-1.730000138282775879e+00,-1.727000117301940918e+00,-1.732000112533569336e+00,-1.732000112533569336e+00,-1.735000133514404297e+00,-1.740000128746032715e+00,-1.742000102996826172e+00,-1.732000112533569336e+00,-1.735000133514404297e+00,-1.742000102996826172e+00
-1.747000098228454590e+00,-1.752000093460083008e+00,-1.752000093460083008e+00,-1.757000088691711426e+00,-1.760000109672546387e+00,-1.762000083923339844e+00,-1.767000079154968262e+00,-1.762000083923339844e+00,-1.767000079154968262e+00,-1.765000104904174805e+00,-1.767000079154968262e+00,-1.762000083923339844e+00,-1.762000083923339844e+00,-1.760000109672546387e+00,-1.762000083923339844e+00,-1.757000088691711426e+00,-1.755000114440917969e+00,-1.760000109672546387e+00,-1.762000083923339844e+00,-1.760000109672546387e+00,-1.757000088691711426e+00,-1.755000114440917969e+00,-1.750000119209289551e+00,-1.750000119209289551e+00,-1.752000093460083008e+00,-1.750000119209289551e+00,-1.747000098228454590e+00,-1.747000098228454590e+00,-1.745000123977661133e+00,-1.735000133514404297e+00,-1.735000133514404297e+00,-1.725000023841857910e+00,-1.725000023841857910e+00,-1.722000122070312500e+00,-1.715000033378601074e+00,-1.715000033378601074e+00,-1.722000122070312500e+00,-1.722000122070312500e+00,-1.722000122070312500e+00,-1.722000122070312500e+00,-1.725000023841857910e+00,-1.727000117301940918e+00,-1.727000117301940918e+00,-1.725000023841857910e+00,-1.725000023841857910e+00,-1.730000138282775879e+00,-1.727000117301940918e+00,-1.730000138282775879e+00,-1.727000117301940918e+00,-1.730000138282775879e+00,-1.730000138282775879e+00,-1.732000112533569336e+00,-1.732000112533569336e+00,-1.727000117301940918e+00,-1.722000122070312500e+00,-1.722000122070312500e+00,-1.720000028610229492e+00,-1.722000122070312500e+00,-1.725000023841857910e+00,-1.727000117301940918e+00,-1.727000117301940918e+00,-1.727000117301940918e+00,-1.730000138282775879e+00,-1.727000117301940918e+00,-1.725000023841857910e+00,-1.717000126838684082e+00,-1.717000126838684082e+00,-1.712000131607055664e+00,-1.707000136375427246e+00,-1.705000042915344238e+00,-1.702000021934509277e+00,-1.697000026702880859e+00,-1.692000031471252441e+00,-1.692000031471252441e+00,-1.682000041007995605e+00,-1.680000066757202148e+00,-1.680000066757202148e+00,-1.680000066757202148e+00,-1.680000066757202148e+00,-1.677000045776367188e+00,-1.677000045776367188e+00,-1.677000045776367188e+00,-1.680000066757202148e+00,-1.680000066757202148e+00,-1.682000041007995605e+00,-1.685000061988830566e+00,-1.692000031471252441e+00,-1.695000052452087402e+00,-1.695000052452087402e+00,-1.700000047683715820e+00,-1.702000021934509277e+00,-1.705000042915344238e+00,-1.707000136375427246e+00,-1.712000131607055664e+00,-1.710000038146972656e+00,-1.712000131607055664e+00,-1.710000038146972656e+00,-1.710000038146972656e+00,-1.710000038146972656e+00,-1.710000038146972656e+00,-1.707000136375427246e+00,-1.710000038146972656e+00,-1.707000136375427246e+00,-1.707000136375427246e+00,-1.707000136375427246e+00,-1.710000038146972656e+00,-1.707000136375427246e+00,-1.707000136375427246e+00,-1.705000042915344238e+00,-1.702000021934509277e+00,-1.702000021934509277e+00,-1.700000047683715820e+00,-1.700000047683715820e+00,-1.697000026702880859e+00,-1.697000026702880859e+00,-1.697000026702880859e+00,-1.700000047683715820e+00,-1.695000052452087402e+00,-1.692000031471252441e+00,-1.692000031471252441e+00,-1.685000061988830566e+00,-1.685000061988830566e+00,-1.685000061988830566e+00,-1.687000036239624023e+00,-1.687000036239624023e+00,-1.692000031471252441e+00,-1.695000052452087402e+00,-1.692000031471252441e+00,-1.692000031471252441e+00,-1.690000057220458984e+00,-1.692000031471252441e+00,-1.687000036239624023e+00,-1.692000031471252441e+00,-1.692000031471252441e+00,-1.685000061988830566e+00,-1.690000057220458984e+00,-1.685000061988830566e+00,-1.685000061988830566e+00,-1.685000061988830566e+00,-1.687000036239624023e+00,-1.690000057220458984e+00,-1.690000057220458984e+00,-1.687000036239624023e+00,-1.690000057220458984e+00,-1.687000036239624023e+00,-1.690000057220458984e+00,-1.690000057220458984e+00,-1.687000036239624023e+00,-1.687000036239624023e+00,-1.687000036239624023e+00,-1.687000036239624023e+00,-1.687000036239624023e+00,-1.692000031471252441e+00,-1.697000026702880859e+00,-1.695000052452087402e+00,-1.687000036239624023e+00,-1.687000036239624023e+00,-1.695000052452087402e+00,-1.695000052452087402e+00,-1.692000031471252441e+00,-1.695000052452087402e+00,-1.697000026702880859e+00,-1.692000031471252441e+00,-1.697000026702880859e+00,-1.692000031471252441e+00,-1.690000057220458984e+00,-1.687000036239624023e+00,-1.685000061988830566e+00,-1.685000061988830566e+00,-1.685000061988830566e+00,-1.682000041007995605e+00,-1.682000041007995605e+00,-1.687000036239624023e+00,-1.680000066757202148e+00,-1.677000045776367188e+00,-1.672000050544738770e+00,-1.675000071525573730e+00,-1.675000071525573730e+00,-1.672000050544738770e+00,-1.672000050544738770e+00,-1.672000050544738770e+00,-1.677000045776367188e+00,-1.677000045776367188e+00,-1.680000066757202148e+00,-1.682000041007995605e+00,-1.687000036239624023e+00,-1.687000036239624023e+00,-1.685000061988830566e+00,-1.690000057220458984e+00,-1.690000057220458984e+00,-1.690000057220458984e+00,-1.690000057220458984e+00,-1.690000057220458984e+00,-1.690000057220458984e+00,-1.692000031471252441e+00,-1.692000031471252441e+00,-1.690000057220458984e+00,-1.690000057220458984e+00,-1.685000061988830566e+00,-1.685000061988830566e+00,-1.687000036239624023e+00,-1.687000036239624023e+00,-1.685000061988830566e+00,-1.682000041007995605e+00,-1.680000066757202148e+00,-1.680000066757202148e+00,-1.680000066757202148e+00,-1.680000066757202148e+00,-1.680000066757202148e+00,-1.680000066757202148e+00,-1.680000066757202148e+00,-1.677000045776367188e+00,-1.677000045776367188e+00,-1.677000045776367188e+00,-1.675000071525573730e+00,-1.675000071525573730e+00,-1.675000071525573730e+00,-1.672000050544738770e+00,-1.675000071525573730e+00,-1.672000050544738770e+00,-1.677000045776367188e+00,-1.677000045776367188e+00,-1.677000045776367188e+00,-1.682000041007995605e+00,-1.680000066757202148e+00,-1.675000071525573730e+00,-1.680000066757202148e+00,-1.685000061988830566e+00,-1.687000036239624023e+00,-1.690000057220458984e+00,-1.692000031471252441e+00,-1.690000057220458984e+00,-1.690000057220458984e+00,-1.687000036239624023e+00,-1.687000036239624023e+00,-1.685000061988830566e+00,-1.685000061988830566e+00,-1.682000041007995605e+00,-1.680000066757202148e+00,-1.680000066757202148e+00,-1.680000066757202148e+00,-1.677000045776367188e+00,-1.677000045776367188e+00,-1.672000050544738770e+00,-1.667000055313110352e+00,-1.670000076293945312e+00,-1.670000076293945312e+00,-1.667000055313110352e+00,-1.670000076293945312e+00,-1.670000076293945312e+00,-1.670000076293945312e+00,-1.670000076293945312e+00,-1.672000050544738770e+00,-1.670000076293945312e+00,-1.670000076293945312e+00,-1.670000076293945312e+00,-1.670000076293945312e+00,-1.672000050544738770e+00,-1.670000076293945312e+00,-1.670000076293945312e+00,-1.672000050544738770e+00,-1.672000050544738770e+00,-1.670000076293945312e+00,-1.672000050544738770e+00,-1.665000081062316895e+00,-1.672000050544738770e+00,-1.672000050544738770e+00,-1.675000071525573730e+00,-1.677000045776367188e+00,-1.677000045776367188e+00,-1.680000066757202148e+00,-1.687000036239624023e+00,-1.687000036239624023e+00,-1.687000036239624023e+00,-1.682000041007995605e+00,-1.687000036239624023e+00,-1.685000061988830566e+00,-1.687000036239624023e+00,-1.687000036239624023e+00,-1.692000031471252441e+00,-1.695000052452087402e+00,-1.692000031471252441e+00,-1.695000052452087402e+00,-1.702000021934509277e+00,-1.702000021934509277e+00,-1.702000021934509277e+00,-1.702000021934509277e+00,-1.702000021934509277e+00,-1.702000021934509277e+00,-1.697000026702880859e+00,-1.702000021934509277e+00,-1.702000021934509277e+00,-1.705000042915344238e+00,-1.702000021934509277e+00,-1.700000047683715820e+00,-1.705000042915344238e+00,-1.705000042915344238e+00,-1.707000136375427246e+00,-1.705000042915344238e+00,-1.702000021934509277e+00,-1.705000042915344238e+00,-1.707000136375427246e+00,-1.715000033378601074e+00,-1.717000126838684082e+00,-1.717000126838684082e+00,-1.720000028610229492e+00,-1.717000126838684082e+00,-1.717000126838684082e+00,-1.722000122070312500e+00,-1.722000122070312500e+00,-1.722000122070312500e+00,-1.725000023841857910e+00,-1.722000122070312500e+00,-1.722000122070312500e+00,-1.720000028610229492e+00,-1.722000122070312500e+00,-1.717000126838684082e+00,-1.717000126838684082e+00,-1.717000126838684082e+00,-1.717000126838684082e+00,-1.712000131607055664e+00,-1.712000131607055664e+00,-1.712000131607055664e+00,-1.717000126838684082e+00,-1.720000028610229492e+00,-1.720000028610229492e+00,-1.717000126838684082e+00,-1.715000033378601074e+00,-1.715000033378601074e+00,-1.715000033378601074e+00,-1.717000126838684082e+00,-1.717000126838684082e+00,-1.717000126838684082e+00,-1.717000126838684082e+00,-1.720000028610229492e+00,-1.725000023841857910e+00,-1.725000023841857910e+00,-1.725000023841857910e+00,-1.725000023841857910e+00,-1.720000028610229492e+00,-1.712000131607055664e+00,-1.720000028610229492e+00,-1.717000126838684082e+00,-1.720000028610229492e+00,-1.720000028610229492e+00,-1.717000126838684082e+00,-1.717000126838684082e+00,-1.720000028610229492e+00,-1.727000117301940918e+00,-1.717000126838684082e+00,-1.725000023841857910e+00,-1.725000023841857910e+00,-1.722000122070312500e+00,-1.722000122070312500e+00,-1.725000023841857910e+00,-1.730000138282775879e+00,-1.730000138282775879e+00,-1.730000138282775879e+00,-1.737000107765197754e+00,-1.740000128746032715e+00
-1.705000042915344238e+00,-1.710000038146972656e+00,-1.715000033378601074e+00,-1.715000033378601074e+00,-1.720000028610229492e+00,-1.722000122070312500e+00,-1.730000138282775879e+00,-1.732000112533569336e+00,-1.742000102996826172e+00,-1.742000102996826172e+00,-1.747000098228454590e+00,-1.752000093460083008e+00,-1.750000119209289551e+00,-1.760000109672546387e+00,-1.757000088691711426e+00,-1.760000109672546387e+00,-1.757000088691711426e+00,-1.760000109672546387e+00,-1.757000088691711426e+00,-1.757000088691711426e+00,-1.757000088691711426e+00,-1.762000083923339844e+00,-1.762000083923339844e+00,-1.765000104904174805e+00,-1.762000083923339844e+00,-1.762000083923339844e+00,-1.757000088691711426e+00,-1.752000093460083008e+00,-1.752000093460083008e+00,-1.747000098228454590e+00,-1.747000098228454590e+00,-1.742000102996826172e+00,-1.737000107765197754e+00,-1.740000128746032715e+00,-1.735000133514404297e+00,-1.740000128746032715e+00,-1.740000128746032715e+00,-1.740000128746032715e+00,-1.740000128746032715e+00,-1.745000123977661133e+00,-1.747000098228454590e+00,-1.750000119209289551e+00,-1.747000098228454590e+00,-1.750000119209289551e+00,-1.747000098228454590e+00,-1.747000098228454590e+00,-1.740000128746032715e+00,-1.740000128746032715e+00,-1.732000112533569336e+00,-1.732000112533569336e+00,-1.732000112533569336e+00,-1.732000112533569336e+00,-1.727000117301940918e+00,-1.725000023841857910e+00,-1.720000028610229492e+00,-1.720000028610229492e+00,-1.722000122070312500e+00,-1.717000126838684082e+00,-1.715000033378601074e+00,-1.720000028610229492e+00,-1.725000023841857910e+00,-1.722000122070312500e+00,-1.720000028610229492e+00,-1.722000122070312500e+00,-1.717000126838684082e+00,-1.717000126838684082e+00,-1.712000131607055664e+00,-1.715000033378601074e+00,-1.715000033378601074e+00,-1.710000038146972656e+00,-1.705000042915344238e+00,-1.707000136375427246e+00,-1.697000026702880859e+00,-1.700000047683715820e+00,-1.695000052452087402e+00,-1.692000031471252441e+00,-1.692000031471252441e+00,-1.687000036239624023e+00,-1.687000036239624023e+00,-1.677000045776367188e+00,-1.677000045776367188e+00,-1.677000045776367188e+00,-1.672000050544738770e+00,-1.675000071525573730e+00,-1.680000066757202148e+00,-1.682000041007995605e+00,-1.682000041007995605e+00,-1.680000066757202148e+00,-1.680000066757202148e+00,-1.680000066757202148e+00,-1.677000045776367188e+00,-1.677000045776367188e+00,-1.680000066757202148e+00,-1.680000066757202148e+00,-1.680000066757202148e+00,-1.675000071525573730e+00,-1.677000045776367188e+00,-1.682000041007995605e+00,-1.680000066757202148e+00,-1.680000066757202148e+00,-1.680000066757202148e+00,-1.680000066757202148e+00,-1.685000061988830566e+00,-1.685000061988830566e+00,-1.685000061988830566e+00,-1.690000057220458984e+00,-1.687000036239624023e+00,-1.682000041007995605e+00,-1.680000066757202148e+00,-1.670000076293945312e+00,-1.670000076293945312e+00,-1.665000081062316895e+00,-1.667000055313110352e+00,-1.662000060081481934e+00,-1.652000069618225098e+00,-1.660000085830688477e+00,-1.660000085830688477e+00,-1.660000085830688477e+00,-1.657000064849853516e+00,-1.650000095367431641e+00,-1.645000100135803223e+00,-1.645000100135803223e+00,-1.642000079154968262e+00,-1.642000079154968262e+00,-1.647000074386596680e+00,-1.645000100135803223e+00,-1.647000074386596680e+00,-1.650000095367431641e+00,-1.650000095367431641e+00,-1.650000095367431641e+00,-1.652000069618225098e+00,-1.650000095367431641e+00,-1.652000069618225098e+00,-1.657000064849853516e+00,-1.655000090599060059e+00,-1.652000069618225098e+00,-1.652000069618225098e+00,-1.650000095367431641e+00,-1.647000074386596680e+00,-1.650000095367431641e+00,-1.647000074386596680e+00,-1.645000100135803223e+00,-1.650000095367431641e+00,-1.652000069618225098e+00,-1.655000090599060059e+00,-1.647000074386596680e+00,-1.655000090599060059e+00,-1.655000090599060059e+00,-1.655000090599060059e+00,-1.660000085830688477e+00,-1.660000085830688477e+00,-1.660000085830688477e+00,-1.662000060081481934e+00,-1.662000060081481934e+00,-1.660000085830688477e+00,-1.665000081062316895e+00,-1.670000076293945312e+00,-1.672000050544738770e+00,-1.672000050544738770e+00,-1.670000076293945312e+00,-1.667000055313110352e+00,-1.667000055313110352e+00,-1.665000081062316895e+00,-1.665000081062316895e+00,-1.665000081062316895e+00,-1.657000064849853516e+00,-1.657000064849853516e+00,-1.657000064849853516e+00,-1.655000090599060059e+00,-1.655000090599060059e+00,-1.657000064849853516e+00,-1.655000090599060059e+00,-1.652000069618225098e+00,-1.650000095367431641e+00,-1.647000074386596680e+00,-1.647000074386596680e+00,-1.647000074386596680e+00,-1.645000100135803223e+00,-1.652000069618225098e+00,-1.652000069618225098e+00,-1.650000095367431641e+00,-1.650000095367431641e+00,-1.657000064849853516e+00,-1.657000064849853516e+00,-1.657000064849853516e+00,-1.665000081062316895e+00,-1.665000081062316895e+00,-1.667000055313110352e+00,-1.667000055313110352e+00,-1.670000076293945312e+00,-1.670000076293945312e+00,-1.670000076293945312e+00,-1.667000055313110352e+00,-1.672000050544738770e+00,-1.675000071525573730e+00,-1.675000071525573730e+00,-1.670000076293945312e+00,-1.665000081062316895e+00,-1.670000076293945312e+00,-1.665000081062316895e+00,-1.667000055313110352e+00,-1.665000081062316895e+00,-1.662000060081481934e+00,-1.665000081062316895e+00,-1.662000060081481934e+00,-1.665000081062316895e+00,-1.670000076293945312e+00,-1.667000055313110352e+00,-1.675000071525573730e+00,-1.667000055313110352e+00,-1.667000055313110352e+00,-1.672000050544738770e+00,-1.670000076293945312e+00,-1.665000081062316895e+00,-1.665000081062316895e+00,-1.657000064849853516e+00,-1.655000090599060059e+00,-1.645000100135803223e+00,-1.645000100135803223e+00,-1.645000100135803223e+00,-1.645000100135803223e+00,-1.645000100135803223e+00,-1.645000100135803223e+00,-1.642000079154968262e+00,-1.642000079154968262e+00,-1.640000104904174805e+00,-1.645000100135803223e+00,-1.652000069618225098e+00,-1.657000064849853516e+00,-1.655000090599060059e+00,-1.662000060081481934e+00,-1.667000055313110352e+00,-1.667000055313110352e+00,-1.667000055313110352e+00,-1.662000060081481934e+00,-1.667000055313110352e+00,-1.665000081062316895e+00,-1.662000060081481934e+00,-1.662000060081481934e+00,-1.667000055313110352e+00,-1.667000055313110352e+00,-1.665000081062316895e+00,-1.662000060081481934e+00,-1.660000085830688477e+00,-1.657000064849853516e+00,-1.652000069618225098e+00,-1.655000090599060059e+00,-1.655000090599060059e+00,-1.655000090599060059e+00,-1.655000090599060059e+00,-1.655000090599060059e+00,-1.655000090599060059e+00,-1.657000064849853516e+00,-1.652000069618225098e+00,-1.662000060081481934e+00,-1.657000064849853516e+00,-1.655000090599060059e+00,-1.655000090599060059e+00,-1.655000090599060059e+00,-1.647000074386596680e+00,-1.650000095367431641e+00,-1.647000074386596680e+00,-1.642000079154968262e+00,-1.645000100135803223e+00,-1.647000074386596680e+00,-1.645000100135803223e+00,-1.650000095367431641e+00,-1.652000069618225098e+00,-1.652000069618225098e+00,-1.652000069618225098e+00,-1.655000090599060059e+00,-1.655000090599060059e+00,-1.655000090599060059e+00,-1.652000069618225098e+00,-1.650000095367431641e+00,-1.645000100135803223e+00,-1.647000074386596680e+00,-1.645000100135803223e+00,-1.647000074386596680e+00,-1.647000074386596680e+00,-1.647000074386596680e+00,-1.647000074386596680e+00,-1.647000074386596680e+00,-1.655000090599060059e+00,-1.662000060081481934e+00,-1.657000064849853516e+00,-1.657000064849853516e+00,-1.657000064849853516e+00,-1.657000064849853516e+00,-1.660000085830688477e+00,-1.660000085830688477e+00,-1.662000060081481934e+00,-1.660000085830688477e+00,-1.660000085830688477e+00,-1.662000060081481934e+00,-1.665000081062316895e+00,-1.670000076293945312e+00,-1.667000055313110352e+00,-1.670000076293945312e+00,-1.672000050544738770e+00,-1.680000066757202148e+00,-1.682000041007995605e+00,-1.692000031471252441e+00,-1.697000026702880859e+00,-1.700000047683715820e+00,-1.705000042915344238e+00,-1.707000136375427246e+00,-1.707000136375427246e+00,-1.712000131607055664e+00,-1.712000131607055664e+00,-1.715000033378601074e+00,-1.717000126838684082e+00,-1.717000126838684082e+00,-1.715000033378601074e+00,-1.715000033378601074e+00,-1.712000131607055664e+00,-1.710000038146972656e+00,-1.710000038146972656e+00,-1.710000038146972656e+00,-1.712000131607055664e+00,-1.707000136375427246e+00,-1.707000136375427246e+00,-1.705000042915344238e+00,-1.710000038146972656e+00,-1.705000042915344238e+00,-1.702000021934509277e+00,-1.702000021934509277e+00,-1.702000021934509277e+00,-1.705000042915344238e+00,-1.702000021934509277e+00,-1.705000042915344238e+00,-1.705000042915344238e+00,-1.705000042915344238e+00,-1.705000042915344238e+00,-1.702000021934509277e+00,-1.702000021934509277e+00,-1.707000136375427246e+00,-1.707000136375427246e+00,-1.710000038146972656e+00,-1.705000042915344238e+00,-1.707000136375427246e+00,-1.700000047683715820e+00,-1.705000042915344238e+00,-1.700000047683715820e+00,-1.695000052452087402e+00,-1.697000026702880859e+00,-1.695000052452087402e+00,-1.692000031471252441e+00,-1.690000057220458984e+00,-1.690000057220458984e+00,-1.692000031471252441e+00,-1.687000036239624023e+00,-1.690000057220458984e+00,-1.682000041007995605e+00,-1.687000036239624023e+00,-1.692000031471252441e+00,-1.690000057220458984e+00,-1.695000052452087402e+00,-1.695000052452087402e+00,-1.702000021934509277e+00
-1.662000060081481934e+00,-1.667000055313110352e+00,-1.670000076293945312e+00,-1.660000085830688477e+00,-1.665000081062316895e+00,-1.657000064849853516e+00,-1.662000060081481934e+00,-1.665000081062316895e+00,-1.672000050544738770e+00,-1.675000071525573730e+00,-1.677000045776367188e+00,-1.680000066757202148e+00,-1.685000061988830566e+00,-1.695000052452087402e+00,-1.697000026702880859e+00,-1.707000136375427246e+00,-1.707000136375427246e+00,-1.715000033378601074e+00,-1.717000126838684082e+00,-1.722000122070312500e+00,-1.722000122070312500e+00,-1.730000138282775879e+00,-1.730000138282775879e+00,-1.732000112533569336e+00,-1.732000112533569336e+00,-1.735000133514404297e+00,-1.735000133514404297e+00,-1.732000112533569336e+00,-1.732000112533569336e+00,-1.732000112533569336e+00,-1.727000117301940918e+00,-1.722000122070312500e+00,-1.715000033378601074e+00,-1.712000131607055664e+00,-1.707000136375427246e+00,-1.705000042915344238e+00,-1.700000047683715820e+00,-1.697000026702880859e+00,-1.697000026702880859e+00,-1.697000026702880859e+00,-1.697000026702880859e+00,-1.695000052452087402e+00,-1.690000057220458984e+00,-1.690000057220458984e+00,-1.677000045776367188e+00,-1.670000076293945312e+00,-1.665000081062316895e+00,-1.657000064849853516e+00,-1.650000095367431641e+00,-1.645000100135803223e+00,-1.647000074386596680e+00,-1.647000074386596680e+00,-1.650000095367431641e+00,-1.647000074386596680e+00,-1.655000090599060059e+00,-1.657000064849853516e+00,-1.662000060081481934e+00,-1.667000055313110352e+00,-1.672000050544738770e+00,-1.672000050544738770e+00,-1.672000050544738770e+00,-1.672000050544738770e+00,-1.682000041007995605e+00,-1.682000041007995605e+00,-1.680000066757202148e+00,-1.687000036239624023e+00,-1.687000036239624023e+00,-1.700000047683715820e+00,-1.702000021934509277e+00,-1.705000042915344238e+00,-1.702000021934509277e+00,-1.695000052452087402e+00,-1.695000052452087402e+00,-1.692000031471252441e+00,-1.690000057220458984e+00,-1.687000036239624023e+00,-1.690000057220458984e+00,-1.695000052452087402e+00,-1.682000041007995605e+00,-1.682000041007995605e+00,-1.677000045776367188e+00,-1.670000076293945312e+00,-1.665000081062316895e+00,-1.665000081062316895e+00,-1.657000064849853516e+00,-1.662000060081481934e+00,-1.667000055313110352e+00,-1.667000055313110352e+00,-1.667000055313110352e+00,-1.665000081062316895e+00,-1.665000081062316895e+00,-1.672000050544738770e+00,-1.670000076293945312e+00,-1.670000076293945312e+00,-1.670000076293945312e+00,-1.672000050544738770e+00,-1.670000076293945312e+00,-1.670000076293945312e+00,-1.672000050544738770e+00,-1.672000050544738770e+00,-1.670000076293945312e+00,-1.672000050544738770e+00,-1.670000076293945312e+00,-1.665000081062316895e+00,-1.670000076293945312e+00,-1.667000055313110352e+00,-1.665000081062316895e+00,-1.672000050544738770e+00,-1.665000081062316895e+00,-1.657000064849853516e+00,-1.652000069618225098e+00,-1.650000095367431641e+00,-1.650000095367431641e+00,-1.642000079154968262e+00,-1.635000109672546387e+00,-1.635000109672546387e+00,-1.632000088691711426e+00,-1.625000119209289551e+00,-1.625000119209289551e+00,-1.622000098228454590e+00,-1.615000128746032715e+00,-1.602000117301940918e+00,-1.607000112533569336e+00,-1.602000117301940918e+00,-1.597000122070312500e+00,-1.600000023841857910e+00,-1.597000122070312500e+00,-1.592000126838684082e+00,-1.590000033378601074e+00,-1.587000131607055664e+00,-1.585000038146972656e+00,-1.580000042915344238e+00,-1.580000042915344238e+00,-1.580000042915344238e+00,-1.577000021934509277e+00,-1.580000042915344238e+00,-1.582000017166137695e+00,-1.580000042915344238e+00,-1.582000017166137695e+00,-1.587000131607055664e+00,-1.590000033378601074e+00,-1.590000033378601074e+00,-1.597000122070312500e+00,-1.600000023841857910e+00,-1.602000117301940918e+00,-1.610000133514404297e+00,-1.612000107765197754e+00,-1.612000107765197754e+00,-1.615000128746032715e+00,-1.627000093460083008e+00,-1.627000093460083008e+00,-1.627000093460083008e+00,-1.630000114440917969e+00,-1.630000114440917969e+00,-1.635000109672546387e+00,-1.635000109672546387e+00,-1.642000079154968262e+00,-1.640000104904174805e+00,-1.642000079154968262e+00,-1.637000083923339844e+00,-1.642000079154968262e+00,-1.642000079154968262e+00,-1.640000104904174805e+00,-1.640000104904174805e+00,-1.642000079154968262e+00,-1.630000114440917969e+00,-1.630000114440917969e+00,-1.625000119209289551e+00,-1.620000123977661133e+00,-1.622000098228454590e+00,-1.622000098228454590e+00,-1.622000098228454590e+00,-1.620000123977661133e+00,-1.612000107765197754e+00,-1.607000112533569336e+00,-1.607000112533569336e+00,-1.610000133514404297e+00,-1.610000133514404297e+00,-1.612000107765197754e+00,-1.617000102996826172e+00,-1.615000128746032715e+00,-1.617000102996826172e+00,-1.620000123977661133e+00,-1.620000123977661133e+00,-1.622000098228454590e+00,-1.627000093460083008e+00,-1.627000093460083008e+00,-1.632000088691711426e+00,-1.635000109672546387e+00,-1.635000109672546387e+00,-1.635000109672546387e+00,-1.632000088691711426e+00,-1.637000083923339844e+00,-1.632000088691711426e+00,-1.645000100135803223e+00,-1.640000104904174805e+00,-1.640000104904174805e+00,-1.640000104904174805e+00,-1.642000079154968262e+00,-1.635000109672546387e+00,-1.635000109672546387e+00,-1.635000109672546387e+00,-1.637000083923339844e+00,-1.637000083923339844e+00,-1.637000083923339844e+00,-1.647000074386596680e+00,-1.640000104904174805e+00,-1.642000079154968262e+00,-1.650000095367431641e+00,-1.652000069618225098e+00,-1.645000100135803223e+00,-1.645000100135803223e+00,-1.647000074386596680e+00,-1.645000100135803223e+00,-1.645000100135803223e+00,-1.647000074386596680e+00,-1.642000079154968262e+00,-1.642000079154968262e+00,-1.642000079154968262e+00,-1.635000109672546387e+00,-1.635000109672546387e+00,-1.630000114440917969e+00,-1.632000088691711426e+00,-1.627000093460083008e+00,-1.620000123977661133e+00,-1.620000123977661133e+00,-1.622000098228454590e+00,-1.625000119209289551e+00,-1.637000083923339844e+00,-1.640000104904174805e+00,-1.640000104904174805e+00,-1.642000079154968262e+00,-1.642000079154968262e+00,-1.642000079154968262e+00,-1.642000079154968262e+00,-1.640000104904174805e+00,-1.635000109672546387e+00,-1.632000088691711426e+00,-1.637000083923339844e+00,-1.637000083923339844e+00,-1.640000104904174805e+00,-1.637000083923339844e+00,-1.637000083923339844e+00,-1.637000083923339844e+00,-1.635000109672546387e+00,-1.625000119209289551e+00,-1.622000098228454590e+00,-1.627000093460083008e+00,-1.622000098228454590e+00,-1.622000098228454590e+00,-1.620000123977661133e+00,-1.620000123977661133e+00,-1.622000098228454590e+00,-1.620000123977661133e+00,-1.617000102996826172e+00,-1.622000098228454590e+00,-1.622000098228454590e+00,-1.622000098228454590e+00,-1.622000098228454590e+00,-1.617000102996826172e+00,-1.617000102996826172e+00,-1.617000102996826172e+00,-1.622000098228454590e+00,-1.622000098228454590e+00,-1.625000119209289551e+00,-1.627000093460083008e+00,-1.630000114440917969e+00,-1.630000114440917969e+00,-1.635000109672546387e+00,-1.637000083923339844e+00,-1.635000109672546387e+00,-1.632000088691711426e+00,-1.630000114440917969e+00,-1.622000098228454590e+00,-1.620000123977661133e+00,-1.620000123977661133e+00,-1.615000128746032715e+00,-1.612000107765197754e+00,-1.612000107765197754e+00,-1.617000102996826172e+00,-1.615000128746032715e+00,-1.622000098228454590e+00,-1.617000102996826172e+00,-1.617000102996826172e+00,-1.617000102996826172e+00,-1.625000119209289551e+00,-1.622000098228454590e+00,-1.625000119209289551e+00,-1.625000119209289551e+00,-1.625000119209289551e+00,-1.632000088691711426e+00,-1.637000083923339844e+00,-1.640000104904174805e+00,-1.642000079154968262e+00,-1.647000074386596680e+00,-1.647000074386596680e+00,-1.647000074386596680e+00,-1.655000090599060059e+00,-1.657000064849853516e+00,-1.660000085830688477e+00,-1.665000081062316895e+00,-1.665000081062316895e+00,-1.670000076293945312e+00,-1.675000071525573730e+00,-1.677000045776367188e+00,-1.677000045776367188e+00,-1.680000066757202148e+00,-1.690000057220458984e+00,-1.697000026702880859e+00,-1.697000026702880859e+00,-1.705000042915344238e+00,-1.707000136375427246e+00,-1.705000042915344238e+00,-1.705000042915344238e+00,-1.712000131607055664e+00,-1.715000033378601074e+00,-1.712000131607055664e+00,-1.707000136375427246e+00,-1.707000136375427246e+00,-1.700000047683715820e+00,-1.692000031471252441e+00,-1.687000036239624023e+00,-1.682000041007995605e+00,-1.692000031471252441e+00,-1.692000031471252441e+00,-1.692000031471252441e+00,-1.692000031471252441e+00,-1.692000031471252441e+00,-1.692000031471252441e+00,-1.695000052452087402e+00,-1.700000047683715820e+00,-1.695000052452087402e+00,-1.697000026702880859e+00,-1.692000031471252441e+00,-1.692000031471252441e+00,-1.690000057220458984e+00,-1.685000061988830566e+00,-1.682000041007995605e+00,-1.680000066757202148e+00,-1.677000045776367188e+00,-1.675000071525573730e+00,-1.672000050544738770e+00,-1.670000076293945312e+00,-1.670000076293945312e+00,-1.667000055313110352e+00,-1.662000060081481934e+00,-1.657000064849853516e+00,-1.652000069618225098e+00,-1.647000074386596680e+00,-1.642000079154968262e+00,-1.640000104904174805e+00,-1.637000083923339844e+00,-1.637000083923339844e+00,-1.627000093460083008e+00,-1.640000104904174805e+00,-1.637000083923339844e+00,-1.640000104904174805e+00,-1.645000100135803223e+00,-1.645000100135803223e+00,-1.657000064849853516e+00
-1.662000060081481934e+00,-1.665000081062316895e+00,-1.660000085830688477e+00,-1.657000064849853516e+00,-1.660000085830688477e+00,-1.650000095367431641e+00,-1.655000090599060059e+00,-1.660000085830688477e+00,-1.657000064849853516e+00,-1.655000090599060059e+00,-1.660000085830688477e+00,-1.657000064849853516e+00,-1.657000064849853516e+00,-1.655000090599060059e+00,-1.657000064849853516e+00,-1.660000085830688477e+00,-1.667000055313110352e+00,-1.670000076293945312e+00,-1.672000050544738770e+00,-1.672000050544738770e+00,-1.675000071525573730e+00,-1.680000066757202148e+00,-1.677000045776367188e+00,-1.680000066757202148e+00,-1.680000066757202148e+00,-1.677000045776367188e+00,-1.682000041007995605e+00,-1.685000061988830566e+00,-1.690000057220458984e+00,-1.695000052452087402e+00,-1.692000031471252441e+00,-1.697000026702880859e+00,-1.692000031471252441e+00,-1.697000026702880859e+00,-1.690000057220458984e+00,-1.695000052452087402e+00,-1.690000057220458984e+00,-1.687000036239624023e+00,-1.685000061988830566e+00,-1.682000041007995605e+00,-1.680000066757202148e+00,-1.672000050544738770e+00,-1.670000076293945312e+00,-1.657000064849853516e+00,-1.642000079154968262e+00,-1.637000083923339844e+00,-1.622000098228454590e+00,-1.610000133514404297e+00,-1.590000033378601074e+00,-1.580000042915344238e+00,-1.567000031471252441e+00,-1.560000061988830566e+00,-1.560000061988830566e+00,-1.562000036239624023e+00,-1.565000057220458984e+00,-1.577000021934509277e+00,-1.585000038146972656e+00,-1.595000028610229492e+00,-1.600000023841857910e+00,-1.597000122070312500e+00,-1.602000117301940918e+00,-1.610000133514404297e+00,-1.617000102996826172e+00,-1.627000093460083008e+00,-1.637000083923339844e+00,-1.642000079154968262e+00,-1.657000064849853516e+00,-1.672000050544738770e+00,-1.682000041007995605e+00,-1.690000057220458984e+00,-1.695000052452087402e+00,-1.697000026702880859e+00,-1.700000047683715820e+00,-1.695000052452087402e+00,-1.695000052452087402e+00,-1.702000021934509277e+00,-1.702000021934509277e+00,-1.710000038146972656e+00,-1.710000038146972656e+00,-1.707000136375427246e+00,-1.705000042915344238e+00,-1.697000026702880859e+00,-1.690000057220458984e+00,-1.692000031471252441e+00,-1.695000052452087402e+00,-1.697000026702880859e+00,-1.702000021934509277e+00,-1.705000042915344238e+00,-1.710000038146972656e+00,-1.712000131607055664e+00,-1.715000033378601074e+00,-1.710000038146972656e+00,-1.705000042915344238e+00,-1.702000021934509277e+00,-1.702000021934509277e+00,-1.700000047683715820e+00,-1.695000052452087402e+00,-1.692000031471252441e+00,-1.690000057220458984e+00,-1.682000041007995605e+00,-1.682000041007995605e+00,-1.680000066757202148e+00,-1.680000066757202148e+00,-1.680000066757202148e+00,-1.677000045776367188e+00,-1.670000076293945312e+00,-1.665000081062316895e+00,-1.660000085830688477e+00,-1.655000090599060059e+00,-1.647000074386596680e+00,-1.640000104904174805e+00,-1.635000109672546387e+00,-1.627000093460083008e+00,-1.620000123977661133e+00,-1.615000128746032715e+00,-1.597000122070312500e+00,-1.585000038146972656e+00,-1.580000042915344238e+00,-1.567000031471252441e+00,-1.562000036239624023e+00,-1.555000066757202148e+00,-1.547000050544738770e+00,-1.547000050544738770e+00,-1.537000060081481934e+00,-1.537000060081481934e+00,-1.535000085830688477e+00,-1.532000064849853516e+00,-1.532000064849853516e+00,-1.520000100135803223e+00,-1.515000104904174805e+00,-1.510000109672546387e+00,-1.502000093460083008e+00,-1.505000114440917969e+00,-1.497000098228454590e+00,-1.492000102996826172e+00,-1.495000123977661133e+00,-1.492000102996826172e+00,-1.492000102996826172e+00,-1.495000123977661133e+00,-1.500000119209289551e+00,-1.505000114440917969e+00,-1.512000083923339844e+00,-1.525000095367431641e+00,-1.532000064849853516e+00,-1.540000081062316895e+00,-1.552000045776367188e+00,-1.560000061988830566e+00,-1.567000031471252441e+00,-1.575000047683715820e+00,-1.585000038146972656e+00,-1.592000126838684082e+00,-1.600000023841857910e+00,-1.600000023841857910e+00,-1.602000117301940918e+00,-1.612000107765197754e+00,-1.620000123977661133e+00,-1.620000123977661133e+00,-1.620000123977661133e+00,-1.615000128746032715e+00,-1.617000102996826172e+00,-1.617000102996826172e+00,-1.615000128746032715e+00,-1.617000102996826172e+00,-1.615000128746032715e+00,-1.612000107765197754e+00,-1.607000112533569336e+00,-1.607000112533569336e+00,-1.595000028610229492e+00,-1.592000126838684082e+00,-1.587000131607055664e+00,-1.585000038146972656e+00,-1.587000131607055664e+00,-1.585000038146972656e+00,-1.580000042915344238e+00,-1.577000021934509277e+00,-1.585000038146972656e+00,-1.582000017166137695e+00,-1.582000017166137695e+00,-1.582000017166137695e+00,-1.582000017166137695e+00,-1.590000033378601074e+00,-1.587000131607055664e+00,-1.590000033378601074e+00,-1.595000028610229492e+00,-1.590000033378601074e+00,-1.592000126838684082e+00,-1.597000122070312500e+00,-1.602000117301940918e+00,-1.607000112533569336e+00,-1.602000117301940918e+00,-1.607000112533569336e+00,-1.607000112533569336e+00,-1.612000107765197754e+00,-1.605000019073486328e+00,-1.615000128746032715e+00,-1.607000112533569336e+00,-1.610000133514404297e+00,-1.610000133514404297e+00,-1.612000107765197754e+00,-1.612000107765197754e+00,-1.607000112533569336e+00,-1.607000112533569336e+00,-1.612000107765197754e+00,-1.607000112533569336e+00,-1.612000107765197754e+00,-1.615000128746032715e+00,-1.617000102996826172e+00,-1.617000102996826172e+00,-1.622000098228454590e+00,-1.622000098228454590e+00,-1.625000119209289551e+00,-1.622000098228454590e+00,-1.625000119209289551e+00,-1.627000093460083008e+00,-1.630000114440917969e+00,-1.627000093460083008e+00,-1.635000109672546387e+00,-1.632000088691711426e+00,-1.630000114440917969e+00,-1.630000114440917969e+00,-1.630000114440917969e+00,-1.625000119209289551e+00,-1.617000102996826172e+00,-1.615000128746032715e+00,-1.605000019073486328e+00,-1.602000117301940918e+00,-1.605000019073486328e+00,-1.607000112533569336e+00,-1.615000128746032715e+00,-1.622000098228454590e+00,-1.625000119209289551e+00,-1.622000098228454590e+00,-1.622000098228454590e+00,-1.617000102996826172e+00,-1.617000102996826172e+00,-1.617000102996826172e+00,-1.620000123977661133e+00,-1.617000102996826172e+00,-1.622000098228454590e+00,-1.622000098228454590e+00,-1.622000098228454590e+00,-1.622000098228454590e+00,-1.622000098228454590e+00,-1.617000102996826172e+00,-1.612000107765197754e+00,-1.612000107765197754e+00,-1.607000112533569336e+00,-1.610000133514404297e+00,-1.610000133514404297e+00,-1.607000112533569336e+00,-1.605000019073486328e+00,-1.602000117301940918e+00,-1.597000122070312500e+00,-1.595000028610229492e+00,-1.597000122070312500e+00,-1.605000019073486328e+00,-1.605000019073486328e+00,-1.597000122070312500e+00,-1.607000112533569336e+00,-1.607000112533569336e+00,-1.607000112533569336e+00,-1.612000107765197754e+00,-1.612000107765197754e+00,-1.610000133514404297e+00,-1.612000107765197754e+00,-1.622000098228454590e+00,-1.627000093460083008e+00,-1.630000114440917969e+00,-1.637000083923339844e+00,-1.647000074386596680e+00,-1.645000100135803223e+00,-1.650000095367431641e+00,-1.645000100135803223e+00,-1.637000083923339844e+00,-1.630000114440917969e+00,-1.625000119209289551e+00,-1.622000098228454590e+00,-1.615000128746032715e+00,-1.612000107765197754e+00,-1.620000123977661133e+00,-1.622000098228454590e+00,-1.617000102996826172e+00,-1.617000102996826172e+00,-1.612000107765197754e+00,-1.607000112533569336e+00,-1.612000107765197754e+00,-1.617000102996826172e+00,-1.610000133514404297e+00,-1.602000117301940918e+00,-1.607000112533569336e+00,-1.602000117301940918e+00,-1.612000107765197754e+00,-1.620000123977661133e+00,-1.622000098228454590e+00,-1.622000098228454590e+00,-1.632000088691711426e+00,-1.637000083923339844e+00,-1.640000104904174805e+00,-1.642000079154968262e+00,-1.657000064849853516e+00,-1.660000085830688477e+00,-1.660000085830688477e+00,-1.665000081062316895e+00,-1.672000050544738770e+00,-1.675000071525573730e+00,-1.670000076293945312e+00,-1.677000045776367188e+00,-1.682000041007995605e+00,-1.690000057220458984e+00,-1.695000052452087402e+00,-1.707000136375427246e+00,-1.710000038146972656e+00,-1.715000033378601074e+00,-1.725000023841857910e+00,-1.782000064849853516e+00,-1.782000064849853516e+00,-1.770000100135803223e+00,-1.757000088691711426e+00,-1.742000102996826172e+00,-1.727000117301940918e+00,-1.702000021934509277e+00,-1.682000041007995605e+00,-1.682000041007995605e+00,-1.697000026702880859e+00,-1.697000026702880859e+00,-1.685000061988830566e+00,-1.677000045776367188e+00,-1.675000071525573730e+00,-1.677000045776367188e+00,-1.680000066757202148e+00,-1.675000071525573730e+00,-1.677000045776367188e+00,-1.670000076293945312e+00,-1.665000081062316895e+00,-1.667000055313110352e+00,-1.655000090599060059e+00,-1.655000090599060059e+00,-1.625000119209289551e+00,-1.625000119209289551e+00,-1.630000114440917969e+00,-1.632000088691711426e+00,-1.637000083923339844e+00,-1.642000079154968262e+00,-1.647000074386596680e+00,-1.647000074386596680e+00,-1.645000100135803223e+00,-1.617000102996826172e+00,-1.615000128746032715e+00,-1.615000128746032715e+00,-1.612000107765197754e+00,-1.615000128746032715e+00,-1.610000133514404297e+00,-1.610000133514404297e+00,-1.610000133514404297e+00,-1.620000123977661133e+00,-1.625000119209289551e+00,-1.632000088691711426e+00,-1.652000069618225098e+00,-1.660000085830688477e+00,-1.662000060081481934e+00
-1.615000128746032715e+00,-1.622000098228454590e+00,-1.617000102996826172e+00,-1.625000119209289551e+00,-1.627000093460083008e+00,-1.632000088691711426e+00,-1.630000114440917969e+00,-1.622000098228454590e+00,-1.622000098228454590e+00,-1.620000123977661133e+00,-1.615000128746032715e+00,-1.610000133514404297e+00,-1.607000112533569336e+00,-1.597000122070312500e+00,-1.597000122070312500e+00,-1.597000122070312500e+00,-1.597000122070312500e+00,-1.600000023841857910e+00,-1.602000117301940918e+00,-1.605000019073486328e+00,-1.607000112533569336e+00,-1.612000107765197754e+00,-1.620000123977661133e+00,-1.622000098228454590e+00,-1.625000119209289551e+00,-1.630000114440917969e+00,-1.640000104904174805e+00,-1.650000095367431641e+00,-1.652000069618225098e+00,-1.655000090599060059e+00,-1.662000060081481934e+00,-1.662000060081481934e+00,-1.667000055313110352e+00,-1.672000050544738770e+00,-1.670000076293945312e+00,-1.677000045776367188e+00,-1.675000071525573730e+00,-1.670000076293945312e+00,-1.655000090599060059e+00,-1.645000100135803223e+00,-1.615000128746032715e+00,-1.597000122070312500e+00,-1.572000026702880859e+00,-1.557000041007995605e+00,-1.547000050544738770e+00,-1.532000064849853516e+00,-1.505000114440917969e+00,-1.477000117301940918e+00,-1.457000017166137695e+00,-1.432000041007995605e+00,-1.410000085830688477e+00,-1.395000100135803223e+00,-1.390000104904174805e+00,-1.400000095367431641e+00,-1.417000055313110352e+00,-1.440000057220458984e+00,-1.462000012397766113e+00,-1.472000122070312500e+00,-1.480000019073486328e+00,-1.482000112533569336e+00,-1.500000119209289551e+00,-1.520000100135803223e+00,-1.537000060081481934e+00,-1.550000071525573730e+00,-1.560000061988830566e+00,-1.587000131607055664e+00,-1.612000107765197754e+00,-1.645000100135803223e+00,-1.685000061988830566e+00,-1.700000047683715820e+00,-1.720000028610229492e+00,-1.727000117301940918e+00,-1.730000138282775879e+00,-1.730000138282775879e+00,-1.730000138282775879e+00,-1.730000138282775879e+00,-1.725000023841857910e+00,-1.727000117301940918e+00,-1.725000023841857910e+00,-1.730000138282775879e+00,-1.737000107765197754e+00,-1.742000102996826172e+00,-1.730000138282775879e+00,-1.725000023841857910e+00,-1.707000136375427246e+00,-1.695000052452087402e+00,-1.687000036239624023e+00,-1.677000045776367188e+00,-1.675000071525573730e+00,-1.667000055313110352e+00,-1.660000085830688477e+00,-1.657000064849853516e+00,-1.677000045776367188e+00,-1.697000026702880859e+00,-1.707000136375427246e+00,-1.705000042915344238e+00,-1.705000042915344238e+00,-1.705000042915344238e+00,-1.702000021934509277e+00,-1.707000136375427246e+00,-1.712000131607055664e+00,-1.715000033378601074e+00,-1.722000122070312500e+00,-1.725000023841857910e+00,-1.715000033378601074e+00,-1.707000136375427246e+00,-1.702000021934509277e+00,-1.690000057220458984e+00,-1.680000066757202148e+00,-1.675000071525573730e+00,-1.652000069618225098e+00,-1.637000083923339844e+00,-1.617000102996826172e+00,-1.597000122070312500e+00,-1.585000038146972656e+00,-1.565000057220458984e+00,-1.542000055313110352e+00,-1.525000095367431641e+00,-1.505000114440917969e+00,-1.495000123977661133e+00,-1.477000117301940918e+00,-1.465000033378601074e+00,-1.450000047683715820e+00,-1.442000031471252441e+00,-1.440000057220458984e+00,-1.430000066757202148e+00,-1.422000050544738770e+00,-1.415000081062316895e+00,-1.407000064849853516e+00,-1.402000069618225098e+00,-1.400000095367431641e+00,-1.392000079154968262e+00,-1.392000079154968262e+00,-1.392000079154968262e+00,-1.397000074386596680e+00,-1.397000074386596680e+00,-1.397000074386596680e+00,-1.397000074386596680e+00,-1.405000090599060059e+00,-1.405000090599060059e+00,-1.417000055313110352e+00,-1.420000076293945312e+00,-1.435000061988830566e+00,-1.442000031471252441e+00,-1.462000012397766113e+00,-1.477000117301940918e+00,-1.492000102996826172e+00,-1.507000088691711426e+00,-1.520000100135803223e+00,-1.535000085830688477e+00,-1.545000076293945312e+00,-1.557000041007995605e+00,-1.560000061988830566e+00,-1.570000052452087402e+00,-1.582000017166137695e+00,-1.577000021934509277e+00,-1.582000017166137695e+00,-1.585000038146972656e+00,-1.575000047683715820e+00,-1.585000038146972656e+00,-1.580000042915344238e+00,-1.580000042915344238e+00,-1.580000042915344238e+00,-1.570000052452087402e+00,-1.570000052452087402e+00,-1.562000036239624023e+00,-1.557000041007995605e+00,-1.555000066757202148e+00,-1.552000045776367188e+00,-1.547000050544738770e+00,-1.552000045776367188e+00,-1.547000050544738770e+00,-1.545000076293945312e+00,-1.547000050544738770e+00,-1.545000076293945312e+00,-1.552000045776367188e+00,-1.552000045776367188e+00,-1.557000041007995605e+00,-1.560000061988830566e+00,-1.560000061988830566e+00,-1.562000036239624023e+00,-1.567000031471252441e+00,-1.567000031471252441e+00,-1.575000047683715820e+00,-1.580000042915344238e+00,-1.585000038146972656e+00,-1.590000033378601074e+00,-1.592000126838684082e+00,-1.600000023841857910e+00,-1.602000117301940918e+00,-1.607000112533569336e+00,-1.610000133514404297e+00,-1.607000112533569336e+00,-1.602000117301940918e+00,-1.602000117301940918e+00,-1.605000019073486328e+00,-1.605000019073486328e+00,-1.607000112533569336e+00,-1.605000019073486328e+00,-1.600000023841857910e+00,-1.595000028610229492e+00,-1.597000122070312500e+00,-1.597000122070312500e+00,-1.597000122070312500e+00,-1.597000122070312500e+00,-1.600000023841857910e+00,-1.605000019073486328e+00,-1.605000019073486328e+00,-1.607000112533569336e+00,-1.607000112533569336e+00,-1.605000019073486328e+00,-1.612000107765197754e+00,-1.610000133514404297e+00,-1.607000112533569336e+00,-1.612000107765197754e+00,-1.610000133514404297e+00,-1.607000112533569336e+00,-1.610000133514404297e+00,-1.617000102996826172e+00,-1.617000102996826172e+00,-1.615000128746032715e+00,-1.607000112533569336e+00,-1.600000023841857910e+00,-1.590000033378601074e+00,-1.582000017166137695e+00,-1.580000042915344238e+00,-1.582000017166137695e+00,-1.590000033378601074e+00,-1.600000023841857910e+00,-1.610000133514404297e+00,-1.612000107765197754e+00,-1.617000102996826172e+00,-1.622000098228454590e+00,-1.615000128746032715e+00,-1.620000123977661133e+00,-1.617000102996826172e+00,-1.617000102996826172e+00,-1.622000098228454590e+00,-1.617000102996826172e+00,-1.620000123977661133e+00,-1.612000107765197754e+00,-1.610000133514404297e+00,-1.602000117301940918e+00,-1.602000117301940918e+00,-1.595000028610229492e+00,-1.597000122070312500e+00,-1.597000122070312500e+00,-1.592000126838684082e+00,-1.597000122070312500e+00,-1.607000112533569336e+00,-1.612000107765197754e+00,-1.615000128746032715e+00,-1.617000102996826172e+00,-1.617000102996826172e+00,-1.615000128746032715e+00,-1.615000128746032715e+00,-1.620000123977661133e+00,-1.630000114440917969e+00,-1.627000093460083008e+00,-1.620000123977661133e+00,-1.615000128746032715e+00,-1.615000128746032715e+00,-1.612000107765197754e+00,-1.607000112533569336e+00,-1.612000107765197754e+00,-1.620000123977661133e+00,-1.617000102996826172e+00,-1.617000102996826172e+00,-1.602000117301940918e+00,-1.612000107765197754e+00,-1.660000085830688477e+00,-1.667000055313110352e+00,-1.667000055313110352e+00,-1.672000050544738770e+00,-1.672000050544738770e+00,-1.667000055313110352e+00,-1.660000085830688477e+00,-1.652000069618225098e+00,-1.647000074386596680e+00,1.000000020040877343e+20,1.000000020040877343e+20,1.000000020040877343e+20,1.000000020040877343e+20,1.000000020040877343e+20,1.000000020040877343e+20,1.000000020040877343e+20,1.000000020040877343e+20,1.000000020040877343e+20,1.000000020040877343e+20,1.000000020040877343e+20,1.000000020040877343e+20,1.000000020040877343e+20,1.000000020040877343e+20,1.000000020040877343e+20,1.000000020040877343e+20,1.000000020040877343e+20,1.000000020040877343e+20,-1.542000055313110352e+00,-1.582000017166137695e+00,-1.622000098228454590e+00,-1.637000083923339844e+00,-1.652000069618225098e+00,-1.665000081062316895e+00,-1.670000076293945312e+00,-1.670000076293945312e+00,-1.670000076293945312e+00,-1.672000050544738770e+00,-1.667000055313110352e+00,-1.670000076293945312e+00,-1.670000076293945312e+00,-1.632000088691711426e+00,-1.667000055313110352e+00,-1.667000055313110352e+00,-1.650000095367431641e+00,1.000000020040877343e+20,1.000000020040877343e+20,1.000000020040877343e+20,1.000000020040877343e+20,1.000000020040877343e+20,1.000000020040877343e+20,1.000000020040877343e+20,1.000000020040877343e+20,1.000000020040877343e+20,1.000000020040877343e+20,1.000000020040877343e+20,1.000000020040877343e+20,1.000000020040877343e+20,1.000000020040877343e+20,1.000000020040877343e+20,1.000000020040877343e+20,1.000000020040877343e+20,1.000000020040877343e+20,1.000000020040877343e+20,1.000000020040877343e+20,1.000000020040877343e+20,1.000000020040877343e+20,1.000000020040877343e+20,-1.300000071525573730e+00,-1.420000076293945312e+00,-1.422000050544738770e+00,-1.432000041007995605e+00,-1.440000057220458984e+00,-1.450000047683715820e+00,-1.467000126838684082e+00,-1.487000107765197754e+00,-1.490000128746032715e+00,-1.377000093460083008e+00,-1.370000123977661133e+00,-1.392000079154968262e+00,-1.427000045776367188e+00,-1.452000021934509277e+00,-1.470000028610229492e+00,-1.490000128746032715e+00,-1.510000109672546387e+00,-1.540000081062316895e+00,-1.575000047683715820e+00,-1.592000126838684082e+00,-1.600000023841857910e+00,-1.610000133514404297e+00,-1.612000107765197754e+00
-1.492000102996826172e+00,-1.492000102996826172e+00,-1.487000107765197754e+00,-1.467000126838684082e+00,-1.445000052452087402e+00,-1.420000076293945312e+00,-1.390000104904174805e+00,-1.352000117301940918e+00,-1.337000012397766113e+00,-1.330000042915344238e+00,-1.347000122070312500e+00,-1.370000123977661133e+00,-1.385000109672546387e+00,-1.410000085830688477e+00,-1.442000031471252441e+00,-1.482000112533569336e+00,-1.510000109672546387e+00,-1.522000074386596680e+00,-1.512000083923339844e+00,-1.495000123977661133e+00,-1.482000112533569336e+00,-1.492000102996826172e+00,-1.517000079154968262e+00,-1.537000060081481934e+00,-1.542000055313110352e+00,-1.545000076293945312e+00,-1.547000050544738770e+00,-1.562000036239624023e+00,-1.572000026702880859e+00,-1.580000042915344238e+00,-1.587000131607055664e+00,-1.590000033378601074e+00,-1.577000021934509277e+00,-1.565000057220458984e+00,-1.545000076293945312e+00,-1.505000114440917969e+00,-1.462000012397766113e+00,-1.400000095367431641e+00,-1.335000038146972656e+00,-1.262000083923339844e+00,-1.200000047683715820e+00,-1.145000100135803223e+00,-1.132000088691711426e+00,-1.127000093460083008e+00,-1.117000102996826172e+00,-1.065000057220458984e+00,-9.670000672340393066e-01,-8.800000548362731934e-01,-8.200000524520874023e-01,-7.850000262260437012e-01,-7.620000243186950684e-01,-7.470000386238098145e-01,-7.370000481605529785e-01,-7.550000548362731934e-01,-7.600000500679016113e-01,-8.200000524520874023e-01,-9.050000309944152832e-01,-9.950000643730163574e-01,-1.000000000000000000e+00,-1.042000055313110352e+00,-1.112000107765197754e+00,-1.170000076293945312e+00,-1.237000107765197754e+00,-1.270000100135803223e+00,-1.312000036239624023e+00,-1.352000117301940918e+00,-1.425000071525573730e+00,-1.505000114440917969e+00,-1.592000126838684082e+00,-1.647000074386596680e+00,-1.687000036239624023e+00,-1.702000021934509277e+00,-1.710000038146972656e+00,-1.717000126838684082e+00,-1.720000028610229492e+00,-1.722000122070312500e+00,-1.722000122070312500e+00,-1.727000117301940918e+00,-1.730000138282775879e+00,-1.727000117301940918e+00,-1.727000117301940918e+00,-1.702000021934509277e+00,-1.662000060081481934e+00,-1.607000112533569336e+00,-1.537000060081481934e+00,-1.470000028610229492e+00,-1.392000079154968262e+00,-1.327000021934509277e+00,-1.267000079154968262e+00,-1.217000007629394531e+00,-1.200000047683715820e+00,-1.202000021934509277e+00,-1.232000112533569336e+00,-1.360000014305114746e+00,-1.422000050544738770e+00,-1.457000017166137695e+00,-1.475000023841857910e+00,-1.452000021934509277e+00,-1.482000112533569336e+00,-1.532000064849853516e+00,-1.567000031471252441e+00,-1.612000107765197754e+00,-1.662000060081481934e+00,-1.700000047683715820e+00,-1.727000117301940918e+00,-1.745000123977661133e+00,-1.752000093460083008e+00,-1.745000123977661133e+00,-1.742000102996826172e+00,-1.727000117301940918e+00,-1.710000038146972656e+00,-1.685000061988830566e+00,-1.650000095367431641e+00,-1.620000123977661133e+00,-1.592000126838684082e+00,-1.570000052452087402e+00,-1.542000055313110352e+00,-1.512000083923339844e+00,-1.490000128746032715e+00,-1.465000033378601074e+00,-1.437000036239624023e+00,-1.402000069618225098e+00,-1.375000119209289551e+00,-1.350000023841857910e+00,-1.330000042915344238e+00,-1.312000036239624023e+00,-1.300000071525573730e+00,-1.280000090599060059e+00,-1.265000104904174805e+00,-1.262000083923339844e+00,-1.257000088691711426e+00,-1.255000114440917969e+00,-1.257000088691711426e+00,-1.265000104904174805e+00,-1.270000100135803223e+00,-1.275000095367431641e+00,-1.275000095367431641e+00,-1.285000085830688477e+00,-1.290000081062316895e+00,-1.300000071525573730e+00,-1.312000036239624023e+00,-1.327000021934509277e+00,-1.337000012397766113e+00,-1.365000009536743164e+00,-1.390000104904174805e+00,-1.410000085830688477e+00,-1.435000061988830566e+00,-1.452000021934509277e+00,-1.470000028610229492e+00,-1.485000014305114746e+00,-1.500000119209289551e+00,-1.517000079154968262e+00,-1.525000095367431641e+00,-1.532000064849853516e+00,-1.527000069618225098e+00,-1.527000069618225098e+00,-1.527000069618225098e+00,-1.527000069618225098e+00,-1.520000100135803223e+00,-1.522000074386596680e+00,-1.520000100135803223e+00,-1.512000083923339844e+00,-1.517000079154968262e+00,-1.510000109672546387e+00,-1.507000088691711426e+00,-1.497000098228454590e+00,-1.495000123977661133e+00,-1.490000128746032715e+00,-1.490000128746032715e+00,-1.487000107765197754e+00,-1.487000107765197754e+00,-1.482000112533569336e+00,-1.482000112533569336e+00,-1.487000107765197754e+00,-1.497000098228454590e+00,-1.502000093460083008e+00,-1.510000109672546387e+00,-1.510000109672546387e+00,-1.517000079154968262e+00,-1.522000074386596680e+00,-1.530000090599060059e+00,-1.542000055313110352e+00,-1.540000081062316895e+00,-1.545000076293945312e+00,-1.560000061988830566e+00,-1.567000031471252441e+00,-1.572000026702880859e+00,-1.575000047683715820e+00,-1.582000017166137695e+00,-1.595000028610229492e+00,-1.600000023841857910e+00,-1.605000019073486328e+00,-1.612000107765197754e+00,-1.615000128746032715e+00,-1.607000112533569336e+00,-1.610000133514404297e+00,-1.605000019073486328e+00,-1.605000019073486328e+00,-1.597000122070312500e+00,-1.595000028610229492e+00,-1.590000033378601074e+00,-1.592000126838684082e+00,-1.590000033378601074e+00,-1.585000038146972656e+00,-1.585000038146972656e+00,-1.580000042915344238e+00,-1.585000038146972656e+00,-1.587000131607055664e+00,-1.587000131607055664e+00,-1.590000033378601074e+00,-1.587000131607055664e+00,-1.585000038146972656e+00,-1.587000131607055664e+00,-1.590000033378601074e+00,-1.590000033378601074e+00,-1.590000033378601074e+00,-1.597000122070312500e+00,-1.602000117301940918e+00,-1.597000122070312500e+00,-1.600000023841857910e+00,-1.605000019073486328e+00,-1.602000117301940918e+00,-1.602000117301940918e+00,-1.592000126838684082e+00,-1.585000038146972656e+00,-1.587000131607055664e+00,-1.592000126838684082e+00,-1.595000028610229492e+00,-1.597000122070312500e+00,-1.607000112533569336e+00,-1.615000128746032715e+00,-1.617000102996826172e+00,-1.615000128746032715e+00,-1.615000128746032715e+00,-1.617000102996826172e+00,-1.607000112533569336e+00,-1.607000112533569336e+00,-1.607000112533569336e+00,-1.605000019073486328e+00,-1.602000117301940918e+00,-1.600000023841857910e+00,-1.595000028610229492e+00,-1.590000033378601074e+00,-1.585000038146972656e+00,-1.585000038146972656e+00,-1.587000131607055664e+00,-1.590000033378601074e+00,-1.592000126838684082e+00,-1.600000023841857910e+00,-1.610000133514404297e+00,-1.615000128746032715e+00,-1.622000098228454590e+00,-1.620000123977661133e+00,-1.625000119209289551e+00,-1.617000102996826172e+00,-1.617000102996826172e+00,-1.612000107765197754e+00,-1.615000128746032715e+00,-1.607000112533569336e+00,-1.605000019073486328e+00,-1.610000133514404297e+00,-1.610000133514404297e+00,-1.607000112533569336e+00,-1.605000019073486328e+00,-1.612000107765197754e+00,-1.622000098228454590e+00,-1.620000123977661133e+00,-1.607000112533569336e+00,-1.590000033378601074e+00,-1.585000038146972656e+00,1.000000020040877343e+20,1.000000020040877343e+20,1.000000020040877343e+20,1.000000020040877343e+20,1.000000020040877343e+20,1.000000020040877343e+20,1.000000020040877343e+20,1.000000020040877343e+20,1.000000020040877343e+20,1.000000020040877343e+20,1.000000020040877343e+20,1.000000020040877343e+20,1.000000020040877343e+20,1.000000020040877343e+20,1.000000020040877343e+20,1.000000020040877343e+20,1.000000020040877343e+20,1.000000020040877343e+20,1.000000020040877343e+20,1.000000020040877343e+20,1.000000020040877343e+20,1.000000020040877343e+20,1.000000020040877343e+20,1.000000020040877343e+20,1.000000020040877343e+20,-1.325000047683715820e+00,-1.207000017166137695e+00,-1.317000031471252441e+00,-1.365000009536743164e+00,1.000000020040877343e+20,1.000000020040877343e+20,1.000000020040877343e+20,1.000000020040877343e+20,1.000000020040877343e+20,1.000000020040877343e+20,1.000000020040877343e+20,1.000000020040877343e+20,1.000000020040877343e+20,1.000000020040877343e+20,1.000000020040877343e+20,1.000000020040877343e+20,1.000000020040877343e+20,1.000000020040877343e+20,1.000000020040877343e+20,1.000000020040877343e+20,1.000000020040877343e+20,1.000000020040877343e+20,1.000000020040877343e+20,1.000000020040877343e+20,1.000000020040877343e+20,1.000000020040877343e+20,1.000000020040877343e+20,1.000000020040877343e+20,1.000000020040877343e+20,1.000000020040877343e+20,1.000000020040877343e+20,1.000000020040877343e+20,1.000000020040877343e+20,1.000000020040877343e+20,1.000000020040877343e+20,1.000000020040877343e+20,1.000000020040877343e+20,1.000000020040877343e+20,1.000000020040877343e+20,1.000000020040877343e+20,1.000000020040877343e+20,1.000000020040877343e+20,1.000000020040877343e+20,1.000000020040877343e+20,1.000000020040877343e+20,1.000000020040877343e+20,1.000000020040877343e+20,1.000000020040877343e+20,1.000000020040877343e+20,1.000000020040877343e+20,1.000000020040877343e+20,-5.470000505447387695e-01,-6.070000529289245605e-01,-7.100000381469726562e-01,-7.950000166893005371e-01,-9.000000357627868652e-01,-9.850000739097595215e-01,-1.075000047683715820e+00,-1.162000060081481934e+00,-1.272000074386596680e+00,-1.362000107765197754e+00,-1.437000036239624023e+00,-1.472000122070312500e+00,-1.490000128746032715e+00,-1.487000107765197754e+00
-1.003000020980834961e+00,-8.920000195503234863e-01,-8.070000410079956055e-01,-6.900000572204589844e-01,-5.649999976158142090e-01,-4.670000076293945312e-01,-3.520000278949737549e-01,-2.920000255107879639e-01,-3.200000226497650146e-01,-4.220000207424163818e-01,-5.470000505447387695e-01,-9.600000381469726562e-01,-1.037000060081481934e+00,-1.052000045776367188e+00,-1.132000088691711426e+00,-1.177000045776367188e+00,-1.225000023841857910e+00,-1.242000102996826172e+00,-1.220000028610229492e+00,-1.242000102996826172e+00,-1.237000107765197754e+00,-1.285000085830688477e+00,-1.365000009536743164e+00,-1.420000076293945312e+00,-1.382000088691711426e+00,-1.265000104904174805e+00,-1.170000076293945312e+00,-1.122000098228454590e+00,-1.110000014305114746e+00,-1.097000002861022949e+00,-1.082000017166137695e+00,-1.105000019073486328e+00,-1.122000098228454590e+00,-1.120000004768371582e+00,-1.100000023841857910e+00,-1.037000060081481934e+00,-9.320000410079956055e-01,-8.100000619888305664e-01,-6.770000457763671875e-01,-5.470000505447387695e-01,-4.350000321865081787e-01,-3.520000278949737549e-01,-3.220000267028808594e-01,-3.070000112056732178e-01,-2.970000207424163818e-01,-2.370000183582305908e-01,-1.520000100135803223e-01,-2.000000141561031342e-02,-6.000000238418579102e-02,5.500000342726707458e-02,6.500000506639480591e-02,2.180000096559524536e-01,1.900000125169754028e-01,1.100000068545341492e-01,1.080000028014183044e-01,-4.000000283122062683e-02,-3.500000238418579102e-01,-5.400000214576721191e-01,-5.049999952316284180e-01,-6.170000433921813965e-01,-7.800000309944152832e-01,-9.050000309944152832e-01,-9.950000643730163574e-01,-1.082000017166137695e+00,-1.125000000000000000e+00,-1.170000076293945312e+00,-1.262000083923339844e+00,-1.372000098228454590e+00,-1.460000038146972656e+00,-1.532000064849853516e+00,-1.577000021934509277e+00,-1.597000122070312500e+00,-1.605000019073486328e+00,-1.600000023841857910e+00,-1.602000117301940918e+00,-1.607000112533569336e+00,-1.615000128746032715e+00,-1.625000119209289551e+00,-1.652000069618225098e+00,-1.667000055313110352e+00,-1.665000081062316895e+00,-1.635000109672546387e+00,-1.580000042915344238e+00,-1.492000102996826172e+00,-1.397000074386596680e+00,-1.300000071525573730e+00,-1.207000017166137695e+00,-1.147000074386596680e+00,-1.105000019073486328e+00,-1.052000045776367188e+00,-9.970000386238098145e-01,-9.600000381469726562e-01,-9.000000357627868652e-01,1.000000020040877343e+20,1.000000020040877343e+20,1.000000020040877343e+20,1.000000020040877343e+20,-1.185000061988830566e+00,-1.202000021934509277e+00,-1.252000093460083008e+00,-1.252000093460083008e+00,-1.300000071525573730e+00,-1.402000069618225098e+00,-1.467000126838684082e+00,-1.515000104904174805e+00,-1.547000050544738770e+00,-1.570000052452087402e+00,-1.582000017166137695e+00,-1.597000122070312500e+00,-1.607000112533569336e+00,-1.612000107765197754e+00,-1.605000019073486328e+00,-1.585000038146972656e+00,-1.565000057220458984e+00,-1.545000076293945312e+00,-1.520000100135803223e+00,-1.485000014305114746e+00,-1.460000038146972656e+00,-1.407000064849853516e+00,-1.377000093460083008e+00,-1.340000033378601074e+00,-1.305000066757202148e+00,-1.267000079154968262e+00,-1.240000009536743164e+00,-1.212000012397766113e+00,-1.187000036239624023e+00,-1.167000055313110352e+00,-1.145000100135803223e+00,-1.127000093460083008e+00,-1.120000004768371582e+00,-1.122000098228454590e+00,-1.122000098228454590e+00,-1.127000093460083008e+00,-1.132000088691711426e+00,-1.145000100135803223e+00,-1.152000069618225098e+00,-1.170000076293945312e+00,-1.190000057220458984e+00,-1.210000038146972656e+00,-1.222000002861022949e+00,-1.240000009536743164e+00,-1.260000109672546387e+00,-1.290000081062316895e+00,-1.320000052452087402e+00,-1.347000122070312500e+00,-1.370000123977661133e+00,-1.397000074386596680e+00,-1.410000085830688477e+00,-1.422000050544738770e+00,-1.432000041007995605e+00,-1.442000031471252441e+00,-1.452000021934509277e+00,-1.462000012397766113e+00,-1.462000012397766113e+00,-1.465000033378601074e+00,-1.470000028610229492e+00,-1.465000033378601074e+00,-1.467000126838684082e+00,-1.462000012397766113e+00,-1.460000038146972656e+00,-1.460000038146972656e+00,-1.462000012397766113e+00,-1.455000042915344238e+00,-1.447000026702880859e+00,-1.442000031471252441e+00,-1.427000045776367188e+00,-1.427000045776367188e+00,-1.420000076293945312e+00,-1.420000076293945312e+00,-1.420000076293945312e+00,-1.417000055313110352e+00,-1.420000076293945312e+00,-1.430000066757202148e+00,-1.432000041007995605e+00,-1.445000052452087402e+00,-1.457000017166137695e+00,-1.465000033378601074e+00,-1.475000023841857910e+00,-1.485000014305114746e+00,-1.497000098228454590e+00,-1.510000109672546387e+00,-1.517000079154968262e+00,-1.525000095367431641e+00,-1.532000064849853516e+00,-1.535000085830688477e+00,-1.550000071525573730e+00,-1.560000061988830566e+00,-1.567000031471252441e+00,-1.565000057220458984e+00,-1.570000052452087402e+00,-1.572000026702880859e+00,-1.577000021934509277e+00,-1.580000042915344238e+00,-1.575000047683715820e+00,-1.577000021934509277e+00,-1.575000047683715820e+00,-1.572000026702880859e+00,-1.570000052452087402e+00,-1.577000021934509277e+00,-1.572000026702880859e+00,-1.572000026702880859e+00,-1.567000031471252441e+00,-1.565000057220458984e+00,-1.562000036239624023e+00,-1.557000041007995605e+00,-1.555000066757202148e+00,-1.557000041007995605e+00,-1.565000057220458984e+00,-1.572000026702880859e+00,-1.572000026702880859e+00,-1.567000031471252441e+00,-1.575000047683715820e+00,-1.567000031471252441e+00,-1.577000021934509277e+00,-1.582000017166137695e+00,-1.585000038146972656e+00,-1.582000017166137695e+00,-1.595000028610229492e+00,-1.600000023841857910e+00,-1.602000117301940918e+00,-1.602000117301940918e+00,-1.610000133514404297e+00,-1.602000117301940918e+00,-1.607000112533569336e+00,-1.605000019073486328e+00,-1.597000122070312500e+00,-1.595000028610229492e+00,-1.590000033378601074e+00,-1.590000033378601074e+00,-1.590000033378601074e+00,-1.597000122070312500e+00,-1.590000033378601074e+00,-1.600000023841857910e+00,-1.602000117301940918e+00,-1.597000122070312500e+00,-1.602000117301940918e+00,-1.602000117301940918e+00,-1.602000117301940918e+00,-1.597000122070312500e+00,-1.587000131607055664e+00,-1.582000017166137695e+00,-1.580000042915344238e+00,-1.582000017166137695e+00,-1.575000047683715820e+00,-1.572000026702880859e+00,-1.575000047683715820e+00,-1.575000047683715820e+00,-1.577000021934509277e+00,-1.567000031471252441e+00,-1.567000031471252441e+00,-1.567000031471252441e+00,-1.580000042915344238e+00,-1.585000038146972656e+00,-1.580000042915344238e+00,-1.565000057220458984e+00,-1.562000036239624023e+00,-1.565000057220458984e+00,-1.580000042915344238e+00,-1.595000028610229492e+00,-1.595000028610229492e+00,-1.587000131607055664e+00,-1.587000131607055664e+00,-1.592000126838684082e+00,-1.597000122070312500e+00,-1.595000028610229492e+00,1.000000020040877343e+20,1.000000020040877343e+20,1.000000020040877343e+20,1.000000020040877343e+20,1.000000020040877343e+20,1.000000020040877343e+20,-1.520000100135803223e+00,-1.522000074386596680e+00,1.000000020040877343e+20,1.000000020040877343e+20,1.000000020040877343e+20,1.000000020040877343e+20,1.000000020040877343e+20,1.000000020040877343e+20,1.000000020040877343e+20,1.000000020040877343e+20,1.000000020040877343e+20,1.000000020040877343e+20,1.000000020040877343e+20,1.000000020040877343e+20,1.000000020040877343e+20,1.000000020040877343e+20,1.000000020040877343e+20,1.000000020040877343e+20,1.000000020040877343e+20,1.000000020040877343e+20,-1.477000117301940918e+00,-1.482000112533569336e+00,-1.457000017166137695e+00,1.000000020040877343e+20,1.000000020040877343e+20,1.000000020040877343e+20,1.000000020040877343e+20,1.000000020040877343e+20,1.000000020040877343e+20,1.000000020040877343e+20,1.000000020040877343e+20,1.000000020040877343e+20,1.000000020040877343e+20,1.000000020040877343e+20,1.000000020040877343e+20,1.000000020040877343e+20,1.000000020040877343e+20,1.000000020040877343e+20,1.000000020040877343e+20,1.000000020040877343e+20,1.000000020040877343e+20,1.000000020040877343e+20,1.000000020040877343e+20,1.000000020040877343e+20,1.000000020040877343e+20,1.000000020040877343e+20,1.000000020040877343e+20,1.000000020040877343e+20,1.000000020040877343e+20,1.000000020040877343e+20,1.000000020040877343e+20,1.000000020040877343e+20,1.000000020040877343e+20,1.000000020040877343e+20,1.000000020040877343e+20,1.000000020040877343e+20,1.000000020040877343e+20,1.000000020040877343e+20,1.000000020040877343e+20,1.000000020040877343e+20,1.000000020040877343e+20,1.000000020040877343e+20,1.000000020040877343e+20,1.000000020040877343e+20,1.000000020040877343e+20,1.000000020040877343e+20,1.000000020040877343e+20,1.000000020040877343e+20,1.000000020040877343e+20,1.000000020040877343e+20,1.000000020040877343e+20,1.000000020040877343e+20,-2.550000250339508057e-01,-1.370000094175338745e-01,-1.920000016689300537e-01,-2.850000262260437012e-01,-2.750000059604644775e-01,-2.470000088214874268e-01,-2.900000214576721191e-01,-3.350000083446502686e-01,-4.520000219345092773e-01,-6.100000143051147461e-01,-7.820000648498535156e-01,-9.400000572204589844e-01,-1.105000019073486328e+00,-1.207000017166137695e+00,-1.245000004768371582e+00,-1.222000002861022949e+00,-1.112000107765197754e+00
1.950000077486038208e-01,5.230000019073486328e-01,6.650000214576721191e-01,8.380000591278076172e-01,1.000000000000000000e+00,1.190000057220458984e+00,1.370000123977661133e+00,1.338000059127807617e+00,1.108000040054321289e+00,7.130000591278076172e-01,4.800000190734863281e-01,1.000000020040877343e+20,1.000000020040877343e+20,1.000000020040877343e+20,1.000000020040877343e+20,1.000000020040877343e+20,1.000000020040877343e+20,1.000000020040877343e+20,1.000000020040877343e+20,1.000000020040877343e+20,1.000000020040877343e+20,1.000000020040877343e+20,1.000000020040877343e+20,1.000000020040877343e+20,1.000000020040877343e+20,-9.070000648498535156e-01,-7.970000505447387695e-01,-7.400000095367431641e-01,-7.120000123977661133e-01,-7.170000076293945312e-01,-7.520000338554382324e-01,-7.920000553131103516e-01,-7.970000505447387695e-01,-7.820000648498535156e-01,-7.300000190734863281e-01,-6.550000309944152832e-01,-5.550000071525573730e-01,-4.370000064373016357e-01,-3.020000159740447998e-01,-1.720000058412551880e-01,-6.000000238418579102e-02,3.000000026077032089e-03,5.000000074505805969e-02,7.000000029802322388e-02,3.800000250339508057e-02,1.000000070780515671e-02,-2.000000094994902611e-03,3.000000026077032089e-03,-4.200000315904617310e-02,-1.000000070780515671e-02,-7.000000216066837311e-03,-4.000000283122062683e-02,-8.200000226497650146e-02,-2.170000076293945312e-01,-2.420000135898590088e-01,-3.520000278949737549e-01,-5.020000338554382324e-01,-5.750000476837158203e-01,-6.450000405311584473e-01,-7.320000529289245605e-01,-8.270000219345092773e-01,-9.370000362396240234e-01,-1.032000064849853516e+00,-1.137000083923339844e+00,-1.225000023841857910e+00,-1.305000066757202148e+00,-1.390000104904174805e+00,-1.462000012397766113e+00,-1.500000119209289551e+00,-1.500000119209289551e+00,-1.477000117301940918e+00,-1.475000023841857910e+00,-1.447000026702880859e+00,-1.440000057220458984e+00,-1.457000017166137695e+00,-1.472000122070312500e+00,-1.515000104904174805e+00,-1.552000045776367188e+00,-1.587000131607055664e+00,-1.612000107765197754e+00,-1.632000088691711426e+00,-1.632000088691711426e+00,-1.610000133514404297e+00,-1.555000066757202148e+00,-1.465000033378601074e+00,-1.370000123977661133e+00,-1.285000085830688477e+00,-1.197000026702880859e+00,-1.165000081062316895e+00,-1.152000069618225098e+00,-1.127000093460083008e+00,-1.120000004768371582e+00,-1.075000047683715820e+00,-1.018000006675720215e+00,1.000000020040877343e+20,1.000000020040877343e+20,1.000000020040877343e+20,1.000000020040877343e+20,1.000000020040877343e+20,1.000000020040877343e+20,-9.570000171661376953e-01,-9.750000238418579102e-01,-9.900000691413879395e-01,-1.060000061988830566e+00,-1.120000004768371582e+00,-1.095000028610229492e+00,-1.137000083923339844e+00,-1.220000028610229492e+00,-1.277000069618225098e+00,-1.330000042915344238e+00,-1.372000098228454590e+00,-1.395000100135803223e+00,-1.390000104904174805e+00,-1.390000104904174805e+00,-1.397000074386596680e+00,-1.382000088691711426e+00,-1.367000102996826172e+00,-1.340000033378601074e+00,-1.310000061988830566e+00,-1.257000088691711426e+00,-1.210000038146972656e+00,-1.172000050544738770e+00,-1.152000069618225098e+00,-1.127000093460083008e+00,-1.100000023841857910e+00,-1.077000021934509277e+00,-1.060000061988830566e+00,-1.040000081062316895e+00,-1.035000085830688477e+00,-1.020000100135803223e+00,-1.015000104904174805e+00,-1.009999990463256836e+00,-1.020000100135803223e+00,-1.030000090599060059e+00,-1.035000085830688477e+00,-1.052000045776367188e+00,-1.072000026702880859e+00,-1.092000007629394531e+00,-1.106999993324279785e+00,-1.137000083923339844e+00,-1.165000081062316895e+00,-1.197000026702880859e+00,-1.220000028610229492e+00,-1.250000000000000000e+00,-1.282000064849853516e+00,-1.310000061988830566e+00,-1.337000012397766113e+00,-1.360000014305114746e+00,-1.387000083923339844e+00,-1.405000090599060059e+00,-1.420000076293945312e+00,-1.425000071525573730e+00,-1.425000071525573730e+00,-1.427000045776367188e+00,-1.437000036239624023e+00,-1.435000061988830566e+00,-1.430000066757202148e+00,-1.422000050544738770e+00,-1.420000076293945312e+00,-1.410000085830688477e+00,-1.410000085830688477e+00,-1.400000095367431641e+00,-1.395000100135803223e+00,-1.390000104904174805e+00,-1.380000114440917969e+00,-1.372000098228454590e+00,-1.365000009536743164e+00,-1.365000009536743164e+00,-1.360000014305114746e+00,-1.362000107765197754e+00,-1.365000009536743164e+00,-1.375000119209289551e+00,-1.385000109672546387e+00,-1.395000100135803223e+00,-1.412000060081481934e+00,-1.427000045776367188e+00,-1.435000061988830566e+00,-1.445000052452087402e+00,-1.457000017166137695e+00,-1.470000028610229492e+00,-1.487000107765197754e+00,-1.490000128746032715e+00,-1.500000119209289551e+00,-1.515000104904174805e+00,-1.522000074386596680e+00,-1.532000064849853516e+00,-1.535000085830688477e+00,-1.537000060081481934e+00,-1.542000055313110352e+00,-1.542000055313110352e+00,-1.540000081062316895e+00,-1.535000085830688477e+00,-1.532000064849853516e+00,-1.532000064849853516e+00,-1.530000090599060059e+00,-1.530000090599060059e+00,-1.532000064849853516e+00,-1.530000090599060059e+00,-1.530000090599060059e+00,-1.530000090599060059e+00,-1.532000064849853516e+00,-1.535000085830688477e+00,-1.535000085830688477e+00,-1.535000085830688477e+00,-1.540000081062316895e+00,-1.540000081062316895e+00,-1.552000045776367188e+00,-1.545000076293945312e+00,-1.552000045776367188e+00,-1.552000045776367188e+00,-1.552000045776367188e+00,-1.555000066757202148e+00,-1.557000041007995605e+00,-1.560000061988830566e+00,-1.570000052452087402e+00,-1.565000057220458984e+00,-1.577000021934509277e+00,-1.582000017166137695e+00,-1.585000038146972656e+00,-1.590000033378601074e+00,-1.592000126838684082e+00,-1.597000122070312500e+00,-1.607000112533569336e+00,-1.617000102996826172e+00,-1.622000098228454590e+00,-1.612000107765197754e+00,-1.607000112533569336e+00,-1.602000117301940918e+00,-1.597000122070312500e+00,-1.597000122070312500e+00,-1.592000126838684082e+00,-1.592000126838684082e+00,-1.592000126838684082e+00,-1.595000028610229492e+00,-1.597000122070312500e+00,-1.597000122070312500e+00,-1.590000033378601074e+00,-1.587000131607055664e+00,-1.577000021934509277e+00,-1.567000031471252441e+00,-1.560000061988830566e+00,-1.545000076293945312e+00,-1.535000085830688477e+00,-1.530000090599060059e+00,-1.522000074386596680e+00,-1.510000109672546387e+00,-1.495000123977661133e+00,-1.480000019073486328e+00,-1.475000023841857910e+00,-1.475000023841857910e+00,-1.487000107765197754e+00,-1.497000098228454590e+00,-1.502000093460083008e+00,-1.477000117301940918e+00,-1.460000038146972656e+00,-1.455000042915344238e+00,-1.472000122070312500e+00,-1.490000128746032715e+00,-1.510000109672546387e+00,-1.520000100135803223e+00,-1.527000069618225098e+00,-1.552000045776367188e+00,-1.592000126838684082e+00,-1.595000028610229492e+00,-1.577000021934509277e+00,-1.580000042915344238e+00,1.000000020040877343e+20,1.000000020040877343e+20,1.000000020040877343e+20,1.000000020040877343e+20,1.000000020040877343e+20,1.000000020040877343e+20,1.000000020040877343e+20,1.000000020040877343e+20,1.000000020040877343e+20,1.000000020040877343e+20,1.000000020040877343e+20,1.000000020040877343e+20,1.000000020040877343e+20,1.000000020040877343e+20,1.000000020040877343e+20,1.000000020040877343e+20,1.000000020040877343e+20,1.000000020040877343e+20,1.000000020040877343e+20,1.000000020040877343e+20,-1.170000076293945312e+00,-1.252000093460083008e+00,-1.380000114440917969e+00,-1.645000100135803223e+00,-1.752000093460083008e+00,-1.725000023841857910e+00,-1.707000136375427246e+00,-1.685000061988830566e+00,-1.695000052452087402e+00,1.000000020040877343e+20,1.000000020040877343e+20,1.000000020040877343e+20,1.000000020040877343e+20,1.000000020040877343e+20,1.000000020040877343e+20,1.000000020040877343e+20,1.000000020040877343e+20,1.000000020040877343e+20,1.000000020040877343e+20,1.000000020040877343e+20,1.000000020040877343e+20,1.000000020040877343e+20,1.000000020040877343e+20,1.000000020040877343e+20,1.000000020040877343e+20,1.000000020040877343e+20,1.000000020040877343e+20,1.000000020040877343e+20,1.000000020040877343e+20,1.000000020040877343e+20,1.000000020040877343e+20,1.000000020040877343e+20,1.000000020040877343e+20,1.000000020040877343e+20,1.000000020040877343e+20,1.000000020040877343e+20,1.000000020040877343e+20,1.000000020040877343e+20,1.000000020040877343e+20,1.000000020040877343e+20,1.000000020040877343e+20,1.000000020040877343e+20,1.000000020040877343e+20,1.000000020040877343e+20,1.000000020040877343e+20,1.000000020040877343e+20,1.000000020040877343e+20,1.000000020040877343e+20,1.000000020040877343e+20,1.000000020040877343e+20,1.000000020040877343e+20,1.000000020040877343e+20,1.000000020040877343e+20,1.000000020040877343e+20,-8.870000243186950684e-01,-8.600000143051147461e-01,-7.400000095367431641e-01,-6.100000143051147461e-01,-6.120000481605529785e-01,-5.720000267028808594e-01,-5.200000405311584473e-01,-5.020000338554382324e-01,-5.150000452995300293e-01,-5.600000023841857910e-01,-6.020000576972961426e-01,-6.520000100135803223e-01,-7.070000171661376953e-01,-7.520000338554382324e-01,-7.850000262260437012e-01,-7.870000600814819336e-01,-7.370000481605529785e-01,-6.250000000000000000e-01,-4.400000274181365967e-01,-1.250000000000000000e-01
1.403000116348266602e+00,1.835000038146972656e+00,2.013000011444091797e+00,2.223000049591064453e+00,2.485000133514404297e+00,2.778000116348266602e+00,2.973000049591064453e+00,3.010000228881835938e+00,2.680000066757202148e+00,2.018000125885009766e+00,1.498000025749206543e+00,1.488000035285949707e+00,1.298000097274780273e+00,1.000000020040877343e+20,1.000000020040877343e+20,1.000000020040877343e+20,1.000000020040877343e+20,1.000000020040877343e+20,1.000000020040877343e+20,1.000000020040877343e+20,-5.600000023841857910e-01,1.000000020040877343e+20,-1.075000047683715820e+00,-1.132000088691711426e+00,-1.172000050544738770e+00,-1.092000007629394531e+00,-9.320000410079956055e-01,-8.850000500679016113e-01,-8.870000243186950684e-01,-8.720000386238098145e-01,-8.420000672340393066e-01,-7.950000166893005371e-01,-7.620000243186950684e-01,-7.170000076293945312e-01,-6.470000147819519043e-01,-5.670000314712524414e-01,-4.770000278949737549e-01,-3.850000202655792236e-01,-3.050000071525573730e-01,-2.400000095367431641e-01,-1.820000112056732178e-01,-1.020000055432319641e-01,-3.200000151991844177e-02,1.500000059604644775e-02,3.000000119209289551e-02,4.300000146031379700e-02,3.800000250339508057e-02,5.000000353902578354e-03,-4.500000178813934326e-02,-7.700000703334808350e-02,-1.000000014901161194e-01,-1.100000068545341492e-01,-1.319999992847442627e-01,-1.820000112056732178e-01,-2.550000250339508057e-01,-3.600000143051147461e-01,-5.070000290870666504e-01,-6.350000500679016113e-01,-7.320000529289245605e-01,-8.250000476837158203e-01,-9.120000600814819336e-01,-9.920000433921813965e-01,-1.070000052452087402e+00,-1.152000069618225098e+00,-1.230000019073486328e+00,-1.300000071525573730e+00,-1.345000028610229492e+00,-1.395000100135803223e+00,-1.395000100135803223e+00,-1.345000028610229492e+00,-1.310000061988830566e+00,-1.317000031471252441e+00,-1.337000012397766113e+00,-1.387000083923339844e+00,-1.432000041007995605e+00,-1.457000017166137695e+00,-1.472000122070312500e+00,-1.480000019073486328e+00,-1.482000112533569336e+00,-1.465000033378601074e+00,-1.460000038146972656e+00,-1.450000047683715820e+00,-1.435000061988830566e+00,-1.372000098228454590e+00,-1.267000079154968262e+00,-1.157000064849853516e+00,-1.067000031471252441e+00,-1.003000020980834961e+00,-9.950000643730163574e-01,-1.037000060081481934e+00,-1.080000042915344238e+00,-1.127000093460083008e+00,-1.165000081062316895e+00,-1.287000060081481934e+00,-1.405000090599060059e+00,-1.380000114440917969e+00,-1.260000109672546387e+00,-1.095000028610229492e+00,-1.025000095367431641e+00,-9.520000219345092773e-01,1.000000020040877343e+20,1.000000020040877343e+20,1.000000020040877343e+20,1.000000020040877343e+20,1.000000020040877343e+20,-8.470000624656677246e-01,-8.450000286102294922e-01,-8.920000195503234863e-01,-9.570000171661376953e-01,-9.720000624656677246e-01,-9.620000720024108887e-01,-9.470000267028808594e-01,-9.250000715255737305e-01,-9.420000314712524414e-01,-1.013000011444091797e+00,-1.018000006675720215e+00,-1.052000045776367188e+00,-1.047000050544738770e+00,-1.075000047683715820e+00,-1.077000021934509277e+00,-1.067000031471252441e+00,-1.055000066757202148e+00,-1.035000085830688477e+00,-1.023000001907348633e+00,-1.013000011444091797e+00,-1.000000000000000000e+00,-9.750000238418579102e-01,-9.620000720024108887e-01,-9.470000267028808594e-01,-9.450000524520874023e-01,-9.400000572204589844e-01,-9.320000410079956055e-01,-9.200000166893005371e-01,-9.050000309944152832e-01,-8.970000147819519043e-01,-8.970000147819519043e-01,-9.200000166893005371e-01,-9.370000362396240234e-01,-9.570000171661376953e-01,-9.770000576972961426e-01,-9.920000433921813965e-01,-1.032000064849853516e+00,-1.075000047683715820e+00,-1.129999995231628418e+00,-1.187000036239624023e+00,-1.222000002861022949e+00,-1.247000098228454590e+00,-1.282000064849853516e+00,-1.315000057220458984e+00,-1.342000007629394531e+00,-1.367000102996826172e+00,-1.390000104904174805e+00,-1.395000100135803223e+00,-1.392000079154968262e+00,-1.392000079154968262e+00,-1.385000109672546387e+00,-1.380000114440917969e+00,-1.372000098228454590e+00,-1.360000014305114746e+00,-1.345000028610229492e+00,-1.347000122070312500e+00,-1.347000122070312500e+00,-1.340000033378601074e+00,-1.332000017166137695e+00,-1.337000012397766113e+00,-1.332000017166137695e+00,-1.325000047683715820e+00,-1.317000031471252441e+00,-1.320000052452087402e+00,-1.320000052452087402e+00,-1.322000026702880859e+00,-1.337000012397766113e+00,-1.342000007629394531e+00,-1.360000014305114746e+00,-1.380000114440917969e+00,-1.412000060081481934e+00,-1.422000050544738770e+00,-1.432000041007995605e+00,-1.440000057220458984e+00,-1.455000042915344238e+00,-1.467000126838684082e+00,-1.477000117301940918e+00,-1.485000014305114746e+00,-1.495000123977661133e+00,-1.500000119209289551e+00,-1.510000109672546387e+00,-1.515000104904174805e+00,-1.507000088691711426e+00,-1.517000079154968262e+00,-1.512000083923339844e+00,-1.507000088691711426e+00,-1.507000088691711426e+00,-1.502000093460083008e+00,-1.505000114440917969e+00,-1.500000119209289551e+00,-1.492000102996826172e+00,-1.495000123977661133e+00,-1.492000102996826172e+00,-1.495000123977661133e+00,-1.497000098228454590e+00,-1.502000093460083008e+00,-1.515000104904174805e+00,-1.522000074386596680e+00,-1.522000074386596680e+00,-1.527000069618225098e+00,-1.540000081062316895e+00,-1.542000055313110352e+00,-1.547000050544738770e+00,-1.547000050544738770e+00,-1.545000076293945312e+00,-1.547000050544738770e+00,-1.547000050544738770e+00,-1.547000050544738770e+00,-1.545000076293945312e+00,-1.542000055313110352e+00,-1.547000050544738770e+00,-1.555000066757202148e+00,-1.560000061988830566e+00,-1.572000026702880859e+00,-1.575000047683715820e+00,-1.585000038146972656e+00,-1.597000122070312500e+00,-1.597000122070312500e+00,-1.607000112533569336e+00,-1.602000117301940918e+00,-1.595000028610229492e+00,-1.585000038146972656e+00,-1.582000017166137695e+00,-1.572000026702880859e+00,-1.557000041007995605e+00,-1.552000045776367188e+00,-1.562000036239624023e+00,-1.567000031471252441e+00,-1.565000057220458984e+00,-1.572000026702880859e+00,-1.572000026702880859e+00,-1.557000041007995605e+00,-1.532000064849853516e+00,-1.515000104904174805e+00,-1.512000083923339844e+00,-1.505000114440917969e+00,-1.487000107765197754e+00,-1.460000038146972656e+00,-1.435000061988830566e+00,-1.410000085830688477e+00,-1.392000079154968262e+00,-1.370000123977661133e+00,-1.350000023841857910e+00,-1.347000122070312500e+00,-1.357000112533569336e+00,-1.380000114440917969e+00,-1.402000069618225098e+00,-1.430000066757202148e+00,-1.440000057220458984e+00,-1.410000085830688477e+00,-1.380000114440917969e+00,1.000000020040877343e+20,1.000000020040877343e+20,1.000000020040877343e+20,1.000000020040877343e+20,-1.497000098228454590e+00,-1.505000114440917969e+00,1.000000020040877343e+20,1.000000020040877343e+20,-1.605000019073486328e+00,-1.675000071525573730e+00,-1.647000074386596680e+00,1.000000020040877343e+20,1.000000020040877343e+20,1.000000020040877343e+20,1.000000020040877343e+20,1.000000020040877343e+20,-1.580000042915344238e+00,1.000000020040877343e+20,1.000000020040877343e+20,1.000000020040877343e+20,1.000000020040877343e+20,1.000000020040877343e+20,1.000000020040877343e+20,1.000000020040877343e+20,1.000000020040877343e+20,1.000000020040877343e+20,1.000000020040877343e+20,1.000000020040877343e+20,1.000000020040877343e+20,-5.370000004768371582e-01,-7.800000309944152832e-01,-8.270000219345092773e-01,-8.550000190734863281e-01,1.000000020040877343e+20,1.000000020040877343e+20,1.000000020040877343e+20,1.000000020040877343e+20,1.000000020040877343e+20,1.000000020040877343e+20,1.000000020040877343e+20,1.000000020040877343e+20,1.000000020040877343e+20,1.000000020040877343e+20,1.000000020040877343e+20,1.000000020040877343e+20,1.000000020040877343e+20,1.000000020040877343e+20,1.000000020040877343e+20,1.000000020040877343e+20,1.000000020040877343e+20,1.000000020040877343e+20,1.000000020040877343e+20,1.000000020040877343e+20,1.000000020040877343e+20,1.000000020040877343e+20,1.000000020040877343e+20,1.000000020040877343e+20,1.000000020040877343e+20,1.000000020040877343e+20,1.000000020040877343e+20,1.000000020040877343e+20,1.000000020040877343e+20,1.000000020040877343e+20,1.000000020040877343e+20,1.000000020040877343e+20,1.000000020040877343e+20,1.000000020040877343e+20,1.000000020040877343e+20,1.000000020040877343e+20,1.000000020040877343e+20,1.000000020040877343e+20,1.000000020040877343e+20,1.000000020040877343e+20,1.000000020040877343e+20,1.000000020040877343e+20,1.000000020040877343e+20,1.000000020040877343e+20,1.000000020040877343e+20,1.000000020040877343e+20,1.000000020040877343e+20,1.000000020040877343e+20,1.000000020040877343e+20,1.000000020040877343e+20,-1.620000123977661133e+00,-1.637000083923339844e+00,-1.572000026702880859e+00,-1.535000085830688477e+00,-1.502000093460083008e+00,-1.427000045776367188e+00,-1.380000114440917969e+00,-1.307000041007995605e+00,-1.245000004768371582e+00,-1.182000041007995605e+00,-1.122000098228454590e+00,-1.042000055313110352e+00,-9.320000410079956055e-01,-7.770000100135803223e-01,-6.000000238418579102e-01,-4.220000207424163818e-01,-2.450000047683715820e-01,-4.500000178813934326e-02,2.300000041723251343e-01,5.300000309944152832e-01,9.680000543594360352e-01
1.900000095367431641e+00,2.303000211715698242e+00,2.460000038146972656e+00,2.680000066757202148e+00,3.008000135421752930e+00,3.353000164031982422e+00,3.600000143051147461e+00,3.658000230789184570e+00,3.343000173568725586e+00,2.805000066757202148e+00,2.278000116348266602e+00,1.810000061988830566e+00,1.568000078201293945e+00,1.663000106811523438e+00,1.303000092506408691e+00,1.000000020040877343e+20,1.000000020040877343e+20,1.000000020040877343e+20,-1.469999998807907104e-01,-3.950000107288360596e-01,-6.000000238418579102e-01,-7.270000576972961426e-01,1.000000020040877343e+20,-9.970000386238098145e-01,-9.520000219345092773e-01,-8.000000119209289551e-01,-6.350000500679016113e-01,-6.020000576972961426e-01,-5.900000333786010742e-01,-5.170000195503234863e-01,-4.500000178813934326e-01,-4.120000302791595459e-01,-3.800000250339508057e-01,-3.520000278949737549e-01,-3.470000028610229492e-01,-3.150000274181365967e-01,-2.820000052452087402e-01,-2.820000052452087402e-01,-2.770000100135803223e-01,-2.600000202655792236e-01,-2.650000154972076416e-01,-2.550000250339508057e-01,-2.600000202655792236e-01,-2.520000040531158447e-01,-2.650000154972076416e-01,-2.600000202655792236e-01,-2.500000000000000000e-01,-2.420000135898590088e-01,-2.320000082254409790e-01,-1.970000118017196655e-01,-1.570000052452087402e-01,-1.270000040531158447e-01,-1.319999992847442627e-01,-2.000000029802322388e-01,-3.020000159740447998e-01,-4.320000112056732178e-01,-5.649999976158142090e-01,-6.450000405311584473e-01,-6.600000262260437012e-01,-6.900000572204589844e-01,-7.050000429153442383e-01,-7.250000238418579102e-01,-7.370000481605529785e-01,-7.720000147819519043e-01,-8.420000672340393066e-01,-1.008000016212463379e+00,-1.106999993324279785e+00,-1.220000028610229492e+00,-1.272000074386596680e+00,-1.185000061988830566e+00,-1.202000021934509277e+00,-1.235000014305114746e+00,-1.317000031471252441e+00,-1.387000083923339844e+00,-1.425000071525573730e+00,-1.435000061988830566e+00,-1.425000071525573730e+00,-1.380000114440917969e+00,-1.347000122070312500e+00,-1.305000066757202148e+00,-1.257000088691711426e+00,-1.197000026702880859e+00,-1.117000102996826172e+00,-9.870000481605529785e-01,-8.720000386238098145e-01,-8.150000572204589844e-01,-7.900000214576721191e-01,-7.700000405311584473e-01,-7.820000648498535156e-01,-8.250000476837158203e-01,-8.850000500679016113e-01,-9.820000529289245605e-01,-1.112000107765197754e+00,-1.232000112533569336e+00,-1.297000050544738770e+00,-1.302000045776367188e+00,-1.227000117301940918e+00,-1.152000069618225098e+00,-1.115000009536743164e+00,-1.057000041007995605e+00,-1.085000038146972656e+00,-9.970000386238098145e-01,-8.950000405311584473e-01,-7.500000596046447754e-01,-5.870000123977661133e-01,-5.150000452995300293e-01,-4.770000278949737549e-01,-5.200000405311584473e-01,-6.020000576972961426e-01,-6.350000500679016113e-01,-6.200000047683715820e-01,-6.020000576972961426e-01,-5.850000381469726562e-01,-5.850000381469726562e-01,-6.170000433921813965e-01,-6.600000262260437012e-01,-7.070000171661376953e-01,-7.600000500679016113e-01,-8.200000524520874023e-01,-8.720000386238098145e-01,-8.970000147819519043e-01,-9.170000553131103516e-01,-9.170000553131103516e-01,-9.070000648498535156e-01,-8.850000500679016113e-01,-8.550000190734863281e-01,-8.370000123977661133e-01,-8.150000572204589844e-01,-7.900000214576721191e-01,-7.400000095367431641e-01,-6.800000071525573730e-01,-6.200000047683715820e-01,-5.550000071525573730e-01,-5.000000000000000000e-01,-5.049999952316284180e-01,-5.500000119209289551e-01,-5.950000286102294922e-01,-6.150000095367431641e-01,-6.650000214576721191e-01,-6.750000119209289551e-01,-6.020000576972961426e-01,-5.350000262260437012e-01,-5.970000028610229492e-01,-7.700000405311584473e-01,-8.950000405311584473e-01,-9.470000267028808594e-01,-9.900000691413879395e-01,-1.035000085830688477e+00,-1.095000028610229492e+00,-1.152000069618225098e+00,-1.202000021934509277e+00,-1.247000098228454590e+00,-1.275000095367431641e+00,-1.287000060081481934e+00,-1.300000071525573730e+00,-1.317000031471252441e+00,-1.325000047683715820e+00,-1.320000052452087402e+00,-1.310000061988830566e+00,-1.302000045776367188e+00,-1.297000050544738770e+00,-1.302000045776367188e+00,-1.295000076293945312e+00,-1.292000055313110352e+00,-1.302000045776367188e+00,-1.307000041007995605e+00,-1.312000036239624023e+00,-1.315000057220458984e+00,-1.312000036239624023e+00,-1.307000041007995605e+00,-1.322000026702880859e+00,-1.332000017166137695e+00,-1.347000122070312500e+00,-1.365000009536743164e+00,-1.387000083923339844e+00,-1.402000069618225098e+00,-1.422000050544738770e+00,-1.442000031471252441e+00,-1.450000047683715820e+00,-1.462000012397766113e+00,-1.465000033378601074e+00,-1.472000122070312500e+00,-1.487000107765197754e+00,-1.490000128746032715e+00,-1.497000098228454590e+00,-1.505000114440917969e+00,-1.510000109672546387e+00,-1.507000088691711426e+00,-1.502000093460083008e+00,-1.500000119209289551e+00,-1.497000098228454590e+00,-1.500000119209289551e+00,-1.492000102996826172e+00,-1.482000112533569336e+00,-1.472000122070312500e+00,-1.470000028610229492e+00,-1.467000126838684082e+00,-1.467000126838684082e+00,-1.467000126838684082e+00,-1.470000028610229492e+00,-1.477000117301940918e+00,-1.482000112533569336e+00,-1.490000128746032715e+00,-1.500000119209289551e+00,-1.500000119209289551e+00,-1.512000083923339844e+00,-1.520000100135803223e+00,-1.527000069618225098e+00,-1.527000069618225098e+00,-1.530000090599060059e+00,-1.530000090599060059e+00,-1.530000090599060059e+00,-1.525000095367431641e+00,-1.540000081062316895e+00,-1.542000055313110352e+00,-1.537000060081481934e+00,-1.535000085830688477e+00,-1.547000050544738770e+00,-1.547000050544738770e+00,-1.555000066757202148e+00,-1.565000057220458984e+00,-1.570000052452087402e+00,-1.565000057220458984e+00,-1.570000052452087402e+00,-1.567000031471252441e+00,-1.552000045776367188e+00,-1.530000090599060059e+00,-1.520000100135803223e+00,-1.510000109672546387e+00,-1.502000093460083008e+00,-1.500000119209289551e+00,-1.497000098228454590e+00,-1.497000098228454590e+00,-1.502000093460083008e+00,-1.497000098228454590e+00,-1.485000014305114746e+00,-1.457000017166137695e+00,-1.440000057220458984e+00,-1.457000017166137695e+00,-1.522000074386596680e+00,-1.530000090599060059e+00,-1.502000093460083008e+00,-1.447000026702880859e+00,-1.362000107765197754e+00,-1.307000041007995605e+00,-1.287000060081481934e+00,-1.285000085830688477e+00,-1.255000114440917969e+00,-1.237000107765197754e+00,-1.257000088691711426e+00,-1.287000060081481934e+00,-1.357000112533569336e+00,-1.407000064849853516e+00,-1.432000041007995605e+00,-1.420000076293945312e+00,-1.377000093460083008e+00,-1.352000117301940918e+00,-1.350000023841857910e+00,-1.365000009536743164e+00,-1.407000064849853516e+00,-1.470000028610229492e+00,-1.475000023841857910e+00,-1.417000055313110352e+00,-1.425000071525573730e+00,-1.570000052452087402e+00,1.000000020040877343e+20,-1.552000045776367188e+00,-1.542000055313110352e+00,-1.565000057220458984e+00,-1.512000083923339844e+00,-1.452000021934509277e+00,-1.412000060081481934e+00,-1.432000041007995605e+00,1.000000020040877343e+20,1.000000020040877343e+20,1.000000020040877343e+20,1.000000020040877343e+20,1.000000020040877343e+20,1.000000020040877343e+20,1.000000020040877343e+20,1.000000020040877343e+20,1.000000020040877343e+20,1.830000132322311401e-01,1.800000108778476715e-02,-2.820000052452087402e-01,-5.300000309944152832e-01,-4.700000286102294922e-01,-3.300000131130218506e-01,-2.020000070333480835e-01,5.800000205636024475e-02,1.000000020040877343e+20,1.000000020040877343e+20,1.000000020040877343e+20,1.000000020040877343e+20,1.000000020040877343e+20,1.000000020040877343e+20,1.000000020040877343e+20,1.000000020040877343e+20,1.000000020040877343e+20,1.000000020040877343e+20,1.000000020040877343e+20,1.000000020040877343e+20,1.000000020040877343e+20,1.000000020040877343e+20,1.000000020040877343e+20,1.000000020040877343e+20,1.000000020040877343e+20,1.000000020040877343e+20,1.000000020040877343e+20,1.000000020040877343e+20,1.000000020040877343e+20,1.000000020040877343e+20,1.000000020040877343e+20,1.000000020040877343e+20,1.000000020040877343e+20,1.000000020040877343e+20,1.000000020040877343e+20,1.000000020040877343e+20,1.000000020040877343e+20,1.000000020040877343e+20,1.000000020040877343e+20,1.000000020040877343e+20,1.000000020040877343e+20,1.000000020040877343e+20,1.000000020040877343e+20,1.000000020040877343e+20,1.000000020040877343e+20,1.000000020040877343e+20,1.000000020040877343e+20,1.000000020040877343e+20,1.000000020040877343e+20,1.000000020040877343e+20,1.000000020040877343e+20,1.000000020040877343e+20,1.000000020040877343e+20,1.000000020040877343e+20,1.000000020040877343e+20,1.000000020040877343e+20,1.000000020040877343e+20,1.000000020040877343e+20,1.000000020040877343e+20,-1.782000064849853516e+00,-1.752000093460083008e+00,-1.727000117301940918e+00,-1.687000036239624023e+00,-1.612000107765197754e+00,-1.552000045776367188e+00,-1.465000033378601074e+00,-1.365000009536743164e+00,-1.212000012397766113e+00,-1.008000016212463379e+00,-7.320000529289245605e-01,-3.970000147819519043e-01,-4.000000283122062683e-02,2.500000000000000000e-01,4.680000245571136475e-01,6.450000405311584473e-01,8.400000333786010742e-01,1.090000033378601074e+00,1.493000030517578125e+00
1.890000104904174805e+00,2.183000087738037109e+00,2.343000173568725586e+00,2.620000123977661133e+00,2.925000190734863281e+00,3.263000249862670898e+00,3.513000249862670898e+00,3.635000228881835938e+00,3.565000057220458984e+00,3.370000123977661133e+00,3.135000228881835938e+00,2.835000038146972656e+00,2.565000057220458984e+00,2.318000078201293945e+00,1.973000049591064453e+00,1.833000063896179199e+00,1.368000030517578125e+00,1.083000063896179199e+00,4.930000305175781250e-01,2.550000250339508057e-01,7.000000029802322388e-02,-7.200000435113906860e-02,1.300000101327896118e-01,-8.200000226497650146e-02,1.030000075697898865e-01,2.550000250339508057e-01,3.480000197887420654e-01,3.130000233650207520e-01,3.300000131130218506e-01,3.800000250339508057e-01,3.900000154972076416e-01,3.980000317096710205e-01,4.050000309944152832e-01,4.150000214576721191e-01,3.380000293254852295e-01,2.250000089406967163e-01,1.430000066757202148e-01,6.500000506639480591e-02,-2.000000094994902611e-03,-1.120000034570693970e-01,-1.770000010728836060e-01,-2.150000035762786865e-01,-2.200000137090682983e-01,-2.350000143051147461e-01,-2.300000041723251343e-01,-2.450000047683715820e-01,-2.070000171661376953e-01,-1.469999998807907104e-01,-7.200000435113906860e-02,1.300000026822090149e-02,6.500000506639480591e-02,8.000000566244125366e-02,5.500000342726707458e-02,-1.700000092387199402e-02,-1.370000094175338745e-01,-2.320000082254409790e-01,-3.000000119209289551e-01,-2.950000166893005371e-01,-4.070000052452087402e-01,-4.470000267028808594e-01,-4.720000326633453369e-01,-5.520000457763671875e-01,-6.670000553131103516e-01,-7.600000500679016113e-01,-8.320000171661376953e-01,1.000000020040877343e+20,1.000000020040877343e+20,1.000000020040877343e+20,1.000000020040877343e+20,-1.137000083923339844e+00,-1.190000057220458984e+00,-1.242000102996826172e+00,-1.320000052452087402e+00,-1.377000093460083008e+00,-1.410000085830688477e+00,-1.392000079154968262e+00,-1.327000021934509277e+00,-1.227000117301940918e+00,-1.177000045776367188e+00,-1.115000009536743164e+00,-1.030000090599060059e+00,-9.400000572204589844e-01,-8.570000529289245605e-01,-7.520000338554382324e-01,-6.700000166893005371e-01,-6.920000314712524414e-01,-7.570000290870666504e-01,-8.420000672340393066e-01,-9.720000624656677246e-01,-1.145000100135803223e+00,-1.202000021934509277e+00,-1.267000079154968262e+00,-1.242000102996826172e+00,-1.172000050544738770e+00,-1.072000026702880859e+00,-9.920000433921813965e-01,-9.050000309944152832e-01,-8.270000219345092773e-01,-7.920000553131103516e-01,-7.520000338554382324e-01,-6.920000314712524414e-01,1.000000020040877343e+20,1.000000020040877343e+20,1.000000020040877343e+20,1.000000020040877343e+20,1.000000020040877343e+20,1.000000020040877343e+20,1.000000020040877343e+20,1.000000020040877343e+20,1.000000020040877343e+20,1.000000020040877343e+20,1.000000020040877343e+20,-3.920000195503234863e-01,-4.700000286102294922e-01,-5.370000004768371582e-01,-6.370000243186950684e-01,-7.050000429153442383e-01,-7.170000076293945312e-01,-6.870000362396240234e-01,-6.620000600814819336e-01,-6.770000457763671875e-01,-6.770000457763671875e-01,-6.650000214576721191e-01,-6.270000338554382324e-01,-5.750000476837158203e-01,-5.450000166893005371e-01,-4.720000326633453369e-01,-3.800000250339508057e-01,-2.670000195503234863e-01,-1.670000106096267700e-01,-2.700000070035457611e-02,6.500000506639480591e-02,1.300000101327896118e-01,1.300000101327896118e-01,2.300000190734863281e-02,-1.450000107288360596e-01,-2.720000147819519043e-01,-4.000000059604644775e-01,-5.220000147819519043e-01,-4.950000345706939697e-01,-2.620000243186950684e-01,-3.200000151991844177e-02,-1.070000082254409790e-01,-4.200000166893005371e-01,-5.570000410079956055e-01,-5.750000476837158203e-01,-5.520000457763671875e-01,-5.320000052452087402e-01,-5.670000314712524414e-01,-6.120000481605529785e-01,-7.170000076293945312e-01,-7.870000600814819336e-01,-8.900000452995300293e-01,-9.850000739097595215e-01,-1.067000031471252441e+00,-1.132000088691711426e+00,-1.187000036239624023e+00,-1.215000033378601074e+00,-1.240000009536743164e+00,-1.245000004768371582e+00,-1.262000083923339844e+00,-1.270000100135803223e+00,-1.275000095367431641e+00,-1.285000085830688477e+00,-1.300000071525573730e+00,-1.305000066757202148e+00,-1.297000050544738770e+00,-1.300000071525573730e+00,-1.310000061988830566e+00,-1.330000042915344238e+00,-1.340000033378601074e+00,-1.345000028610229492e+00,-1.365000009536743164e+00,-1.382000088691711426e+00,-1.392000079154968262e+00,-1.410000085830688477e+00,-1.427000045776367188e+00,-1.435000061988830566e+00,-1.442000031471252441e+00,-1.447000026702880859e+00,-1.457000017166137695e+00,-1.465000033378601074e+00,-1.472000122070312500e+00,-1.485000014305114746e+00,-1.495000123977661133e+00,-1.502000093460083008e+00,-1.505000114440917969e+00,-1.502000093460083008e+00,-1.502000093460083008e+00,-1.500000119209289551e+00,-1.500000119209289551e+00,-1.500000119209289551e+00,-1.495000123977661133e+00,-1.492000102996826172e+00,-1.492000102996826172e+00,-1.472000122070312500e+00,-1.470000028610229492e+00,-1.462000012397766113e+00,-1.457000017166137695e+00,-1.447000026702880859e+00,-1.450000047683715820e+00,-1.447000026702880859e+00,-1.450000047683715820e+00,-1.452000021934509277e+00,-1.462000012397766113e+00,-1.472000122070312500e+00,-1.487000107765197754e+00,-1.495000123977661133e+00,-1.502000093460083008e+00,-1.510000109672546387e+00,-1.510000109672546387e+00,-1.512000083923339844e+00,-1.520000100135803223e+00,-1.530000090599060059e+00,-1.517000079154968262e+00,-1.517000079154968262e+00,-1.520000100135803223e+00,-1.515000104904174805e+00,-1.515000104904174805e+00,-1.517000079154968262e+00,-1.530000090599060059e+00,-1.530000090599060059e+00,-1.537000060081481934e+00,-1.535000085830688477e+00,-1.505000114440917969e+00,-1.485000014305114746e+00,-1.455000042915344238e+00,-1.465000033378601074e+00,-1.422000050544738770e+00,-1.405000090599060059e+00,-1.440000057220458984e+00,-1.400000095367431641e+00,-1.395000100135803223e+00,-1.385000109672546387e+00,-1.355000019073486328e+00,-1.282000064849853516e+00,-1.245000004768371582e+00,-1.182000041007995605e+00,-1.280000090599060059e+00,1.000000020040877343e+20,1.000000020040877343e+20,1.000000020040877343e+20,1.000000020040877343e+20,-1.320000052452087402e+00,-1.317000031471252441e+00,-1.382000088691711426e+00,-1.315000057220458984e+00,-1.292000055313110352e+00,-1.270000100135803223e+00,-1.272000074386596680e+00,-1.302000045776367188e+00,-1.390000104904174805e+00,-1.417000055313110352e+00,-1.455000042915344238e+00,-1.462000012397766113e+00,-1.437000036239624023e+00,-1.427000045776367188e+00,-1.410000085830688477e+00,-1.425000071525573730e+00,1.000000020040877343e+20,1.000000020040877343e+20,1.000000020040877343e+20,-1.517000079154968262e+00,-1.522000074386596680e+00,1.000000020040877343e+20,1.000000020040877343e+20,-1.435000061988830566e+00,1.000000020040877343e+20,1.000000020040877343e+20,-1.532000064849853516e+00,-1.330000042915344238e+00,1.000000020040877343e+20,1.000000020040877343e+20,1.000000020040877343e+20,1.000000020040877343e+20,1.000000020040877343e+20,1.000000020040877343e+20,1.000000020040877343e+20,1.000000020040877343e+20,1.000000020040877343e+20,1.000000020040877343e+20,7.180000543594360352e-01,4.600000083446502686e-01,2.480000108480453491e-01,1.800000108778476715e-02,-8.000000566244125366e-02,-1.700000092387199402e-02,1.280000060796737671e-01,1.530000120401382446e-01,1.050000041723251343e-01,-4.200000315904617310e-02,1.000000020040877343e+20,1.000000020040877343e+20,1.000000020040877343e+20,1.000000020040877343e+20,1.000000020040877343e+20,1.000000020040877343e+20,1.000000020040877343e+20,1.000000020040877343e+20,1.000000020040877343e+20,1.000000020040877343e+20,1.000000020040877343e+20,1.000000020040877343e+20,1.000000020040877343e+20,1.000000020040877343e+20,1.000000020040877343e+20,1.000000020040877343e+20,1.000000020040877343e+20,1.000000020040877343e+20,1.000000020040877343e+20,1.000000020040877343e+20,1.000000020040877343e+20,1.000000020040877343e+20,1.000000020040877343e+20,1.000000020040877343e+20,1.000000020040877343e+20,1.000000020040877343e+20,1.000000020040877343e+20,1.000000020040877343e+20,1.000000020040877343e+20,1.000000020040877343e+20,1.000000020040877343e+20,1.000000020040877343e+20,1.000000020040877343e+20,1.000000020040877343e+20,1.000000020040877343e+20,1.000000020040877343e+20,1.000000020040877343e+20,1.000000020040877343e+20,1.000000020040877343e+20,1.000000020040877343e+20,1.000000020040877343e+20,1.000000020040877343e+20,1.000000020040877343e+20,1.000000020040877343e+20,1.000000020040877343e+20,1.000000020040877343e+20,1.000000020040877343e+20,1.000000020040877343e+20,-1.822000145912170410e+00,-1.807000041007995605e+00,-1.782000064849853516e+00,-1.762000083923339844e+00,-1.727000117301940918e+00,-1.657000064849853516e+00,-1.517000079154968262e+00,-1.355000019073486328e+00,-1.142000079154968262e+00,-8.620000481605529785e-01,-5.220000147819519043e-01,-1.450000107288360596e-01,2.200000137090682983e-01,5.680000185966491699e-01,8.530000448226928711e-01,1.000000000000000000e+00,1.070000052452087402e+00,1.123000025749206543e+00,1.198000073432922363e+00,1.323000073432922363e+00,1.603000044822692871e+00
1.800000071525573730e+00,1.993000149726867676e+00,2.148000001907348633e+00,2.345000028610229492e+00,2.593000173568725586e+00,2.838000059127807617e+00,3.145000219345092773e+00,3.358000278472900391e+00,3.490000247955322266e+00,3.520000219345092773e+00,3.515000104904174805e+00,3.460000276565551758e+00,3.378000259399414062e+00,3.215000152587890625e+00,2.975000143051147461e+00,2.628000020980834961e+00,2.185000181198120117e+00,1.750000119209289551e+00,1.305000066757202148e+00,1.125000000000000000e+00,1.023000001907348633e+00,8.400000333786010742e-01,8.350000381469726562e-01,1.000000000000000000e+00,1.158000111579895020e+00,1.205000042915344238e+00,1.235000014305114746e+00,1.265000104904174805e+00,1.338000059127807617e+00,1.380000114440917969e+00,1.360000014305114746e+00,1.348000049591064453e+00,1.265000104904174805e+00,1.140000104904174805e+00,8.300000429153442383e-01,6.480000019073486328e-01,5.730000138282775879e-01,5.000000000000000000e-01,4.350000321865081787e-01,3.480000197887420654e-01,2.650000154972076416e-01,1.900000125169754028e-01,1.850000023841857910e-01,2.250000089406967163e-01,2.780000269412994385e-01,2.980000078678131104e-01,3.100000023841857910e-01,3.100000023841857910e-01,3.550000190734863281e-01,3.930000066757202148e-01,3.580000102519989014e-01,3.000000119209289551e-01,2.550000250339508057e-01,1.980000138282775879e-01,7.300000637769699097e-02,1.500000059604644775e-02,-2.100000083446502686e-01,-1.570000052452087402e-01,1.000000020040877343e+20,1.000000020040877343e+20,1.000000020040877343e+20,1.000000020040877343e+20,1.000000020040877343e+20,-1.345000028610229492e+00,-1.395000100135803223e+00,-1.402000069618225098e+00,-1.432000041007995605e+00,-1.405000090599060059e+00,-1.285000085830688477e+00,-1.177000045776367188e+00,-1.080000042915344238e+00,-1.122000098228454590e+00,-1.132000088691711426e+00,-1.082000017166137695e+00,-1.013000011444091797e+00,-9.150000214576721191e-01,-8.250000476837158203e-01,-7.550000548362731934e-01,-7.600000500679016113e-01,-8.150000572204589844e-01,-8.020000457763671875e-01,-7.020000219345092773e-01,-6.350000500679016113e-01,-6.200000047683715820e-01,-6.370000243186950684e-01,-7.800000309944152832e-01,-9.420000314712524414e-01,-1.100000023841857910e+00,-1.230000019073486328e+00,-1.257000088691711426e+00,-1.245000004768371582e+00,1.000000020040877343e+20,1.000000020040877343e+20,1.000000020040877343e+20,1.000000020040877343e+20,1.000000020040877343e+20,1.000000020040877343e+20,1.000000020040877343e+20,1.000000020040877343e+20,1.000000020040877343e+20,1.000000020040877343e+20,1.000000020040877343e+20,1.000000020040877343e+20,1.000000020040877343e+20,1.000000020040877343e+20,1.000000020040877343e+20,1.000000020040877343e+20,1.000000020040877343e+20,1.000000020040877343e+20,1.000000020040877343e+20,1.000000020040877343e+20,1.000000020040877343e+20,1.000000020040877343e+20,-5.649999976158142090e-01,-6.800000071525573730e-01,-7.250000238418579102e-01,-7.170000076293945312e-01,-6.320000290870666504e-01,-4.950000345706939697e-01,-3.520000278949737549e-01,-3.350000083446502686e-01,-3.200000226497650146e-01,-2.720000147819519043e-01,-1.800000071525573730e-01,-3.000000119209289551e-02,1.000000014901161194e-01,2.230000048875808716e-01,3.700000047683715820e-01,4.580000340938568115e-01,5.200000405311584473e-01,6.230000257492065430e-01,6.980000138282775879e-01,6.280000209808349609e-01,4.700000286102294922e-01,2.200000137090682983e-01,-6.700000166893005371e-02,-2.820000052452087402e-01,1.000000020040877343e+20,1.000000020040877343e+20,1.000000020040877343e+20,1.000000020040877343e+20,1.000000020040877343e+20,1.000000020040877343e+20,1.000000020040877343e+20,-4.920000135898590088e-01,-4.600000083446502686e-01,-3.700000047683715820e-01,-3.220000267028808594e-01,-3.400000035762786865e-01,-3.670000135898590088e-01,-4.120000302791595459e-01,-4.750000238418579102e-01,-5.720000267028808594e-01,-6.900000572204589844e-01,-7.800000309944152832e-01,-8.450000286102294922e-01,-9.200000166893005371e-01,-9.800000190734863281e-01,-1.035000085830688477e+00,-1.100000023841857910e+00,-1.140000104904174805e+00,-1.182000041007995605e+00,-1.210000038146972656e+00,-1.220000028610229492e+00,-1.242000102996826172e+00,-1.250000000000000000e+00,-1.252000093460083008e+00,-1.262000083923339844e+00,-1.275000095367431641e+00,-1.280000090599060059e+00,-1.300000071525573730e+00,-1.320000052452087402e+00,-1.350000023841857910e+00,-1.372000098228454590e+00,-1.395000100135803223e+00,-1.410000085830688477e+00,-1.432000041007995605e+00,-1.452000021934509277e+00,-1.450000047683715820e+00,-1.462000012397766113e+00,-1.475000023841857910e+00,-1.480000019073486328e+00,-1.487000107765197754e+00,-1.487000107765197754e+00,-1.492000102996826172e+00,-1.492000102996826172e+00,-1.487000107765197754e+00,-1.485000014305114746e+00,-1.487000107765197754e+00,-1.485000014305114746e+00,-1.482000112533569336e+00,-1.487000107765197754e+00,-1.480000019073486328e+00,-1.472000122070312500e+00,-1.460000038146972656e+00,-1.442000031471252441e+00,-1.430000066757202148e+00,-1.420000076293945312e+00,-1.407000064849853516e+00,-1.400000095367431641e+00,-1.397000074386596680e+00,-1.387000083923339844e+00,-1.382000088691711426e+00,-1.382000088691711426e+00,-1.392000079154968262e+00,-1.400000095367431641e+00,-1.412000060081481934e+00,-1.425000071525573730e+00,-1.437000036239624023e+00,-1.445000052452087402e+00,-1.450000047683715820e+00,-1.455000042915344238e+00,-1.465000033378601074e+00,-1.470000028610229492e+00,-1.470000028610229492e+00,-1.467000126838684082e+00,-1.462000012397766113e+00,-1.452000021934509277e+00,-1.442000031471252441e+00,-1.432000041007995605e+00,-1.435000061988830566e+00,-1.442000031471252441e+00,-1.455000042915344238e+00,-1.447000026702880859e+00,-1.450000047683715820e+00,-1.412000060081481934e+00,-1.380000114440917969e+00,-1.362000107765197754e+00,-1.337000012397766113e+00,-1.315000057220458984e+00,-1.315000057220458984e+00,-1.300000071525573730e+00,-1.260000109672546387e+00,-1.192000031471252441e+00,-1.137000083923339844e+00,-1.095000028610229492e+00,-1.003000020980834961e+00,-1.020000100135803223e+00,-1.190000057220458984e+00,-1.197000026702880859e+00,-1.267000079154968262e+00,-1.295000076293945312e+00,-1.327000021934509277e+00,-1.362000107765197754e+00,1.000000020040877343e+20,1.000000020040877343e+20,1.000000020040877343e+20,1.000000020040877343e+20,1.000000020040877343e+20,1.000000020040877343e+20,1.000000020040877343e+20,1.000000020040877343e+20,1.000000020040877343e+20,1.000000020040877343e+20,-1.345000028610229492e+00,-1.342000007629394531e+00,-1.362000107765197754e+00,-1.352000117301940918e+00,-1.385000109672546387e+00,1.000000020040877343e+20,1.000000020040877343e+20,1.000000020040877343e+20,-1.460000038146972656e+00,-1.470000028610229492e+00,1.000000020040877343e+20,1.000000020040877343e+20,-1.392000079154968262e+00,-1.342000007629394531e+00,1.000000020040877343e+20,1.000000020040877343e+20,1.000000020040877343e+20,1.000000020040877343e+20,1.000000020040877343e+20,1.000000020040877343e+20,1.000000020040877343e+20,1.000000020040877343e+20,1.000000020040877343e+20,1.000000020040877343e+20,1.000000020040877343e+20,1.000000020040877343e+20,8.900000452995300293e-01,6.780000329017639160e-01,6.180000305175781250e-01,4.950000345706939697e-01,4.230000078678131104e-01,5.049999952316284180e-01,5.330000519752502441e-01,4.350000321865081787e-01,9.500000625848770142e-02,-1.600000113248825073e-01,-3.550000190734863281e-01,-5.700000524520874023e-01,-6.900000572204589844e-01,-7.370000481605529785e-01,-8.200000524520874023e-01,-9.050000309944152832e-01,-1.013000011444091797e+00,-1.145000100135803223e+00,-1.260000109672546387e+00,-1.322000026702880859e+00,-1.342000007629394531e+00,-1.297000050544738770e+00,1.000000020040877343e+20,1.000000020040877343e+20,1.000000020040877343e+20,1.000000020040877343e+20,1.000000020040877343e+20,1.000000020040877343e+20,1.000000020040877343e+20,1.000000020040877343e+20,1.000000020040877343e+20,1.000000020040877343e+20,1.000000020040877343e+20,1.000000020040877343e+20,1.000000020040877343e+20,1.000000020040877343e+20,1.000000020040877343e+20,1.000000020040877343e+20,1.000000020040877343e+20,1.000000020040877343e+20,1.000000020040877343e+20,1.000000020040877343e+20,1.000000020040877343e+20,1.000000020040877343e+20,1.000000020040877343e+20,1.000000020040877343e+20,1.000000020040877343e+20,1.000000020040877343e+20,1.000000020040877343e+20,1.000000020040877343e+20,1.000000020040877343e+20,1.000000020040877343e+20,1.000000020040877343e+20,1.000000020040877343e+20,1.000000020040877343e+20,1.000000020040877343e+20,1.000000020040877343e+20,1.000000020040877343e+20,1.000000020040877343e+20,1.000000020040877343e+20,-1.747000098228454590e+00,-1.715000033378601074e+00,-1.665000081062316895e+00,-1.540000081062316895e+00,-1.327000021934509277e+00,-1.009999990463256836e+00,-6.100000143051147461e-01,-1.650000065565109253e-01,2.400000095367431641e-01,5.550000071525573730e-01,8.030000329017639160e-01,9.550000429153442383e-01,1.100000023841857910e+00,1.215000033378601074e+00,1.310000061988830566e+00,1.365000009536743164e+00,1.418000102043151855e+00,1.448000073432922363e+00,1.478000044822692871e+00,1.633000135421752930e+00
1.528000116348266602e+00,1.668000102043151855e+00,1.793000102043151855e+00,1.998000144958496094e+00,2.228000164031982422e+00,2.540000200271606445e+00,2.875000238418579102e+00,3.250000238418579102e+00,3.550000190734863281e+00,3.750000238418579102e+00,3.900000095367431641e+00,4.019999980926513672e+00,4.150000095367431641e+00,4.240000247955322266e+00,4.230000019073486328e+00,4.055000305175781250e+00,3.740000247955322266e+00,3.323000192642211914e+00,2.875000238418579102e+00,2.653000116348266602e+00,2.498000144958496094e+00,2.393000125885009766e+00,2.315000057220458984e+00,2.325000047683715820e+00,2.368000030517578125e+00,2.353000164031982422e+00,2.373000144958496094e+00,2.440000057220458984e+00,2.518000125885009766e+00,2.568000078201293945e+00,2.598000049591064453e+00,2.525000095367431641e+00,2.388000011444091797e+00,2.183000087738037109e+00,1.845000028610229492e+00,1.590000033378601074e+00,1.318000078201293945e+00,1.103000044822692871e+00,9.550000429153442383e-01,8.480000495910644531e-01,8.980000615119934082e-01,9.580000638961791992e-01,9.930000305175781250e-01,1.048000097274780273e+00,1.063000082969665527e+00,1.113000035285949707e+00,1.078000068664550781e+00,1.018000006675720215e+00,9.350000619888305664e-01,8.480000495910644531e-01,6.350000500679016113e-01,3.700000047683715820e-01,1.780000030994415283e-01,4.300000146031379700e-02,-1.170000061392784119e-01,-5.700000375509262085e-02,1.000000020040877343e+20,1.000000020040877343e+20,1.000000020040877343e+20,-1.282000064849853516e+00,-1.490000128746032715e+00,-1.622000098228454590e+00,-1.592000126838684082e+00,-1.532000064849853516e+00,-1.462000012397766113e+00,-1.402000069618225098e+00,-1.327000021934509277e+00,-1.195000052452087402e+00,-9.770000576972961426e-01,-7.820000648498535156e-01,-6.950000524520874023e-01,-6.720000505447387695e-01,-6.200000047683715820e-01,-4.570000171661376953e-01,-1.920000016689300537e-01,-7.200000435113906860e-02,-4.200000315904617310e-02,-1.170000061392784119e-01,-2.200000137090682983e-01,-2.850000262260437012e-01,-3.100000023841857910e-01,-4.270000159740447998e-01,-3.920000195503234863e-01,-3.850000202655792236e-01,-4.800000190734863281e-01,-6.670000553131103516e-01,-8.600000143051147461e-01,1.000000020040877343e+20,1.000000020040877343e+20,1.000000020040877343e+20,1.000000020040877343e+20,1.000000020040877343e+20,1.000000020040877343e+20,1.000000020040877343e+20,1.000000020040877343e+20,1.000000020040877343e+20,1.000000020040877343e+20,1.000000020040877343e+20,1.000000020040877343e+20,1.000000020040877343e+20,1.000000020040877343e+20,1.000000020040877343e+20,1.000000020040877343e+20,1.000000020040877343e+20,1.000000020040877343e+20,1.000000020040877343e+20,1.000000020040877343e+20,1.000000020040877343e+20,1.000000020040877343e+20,1.000000020040877343e+20,1.000000020040877343e+20,1.000000020040877343e+20,-5.370000004768371582e-01,-6.170000433921813965e-01,-6.520000100135803223e-01,-6.570000052452087402e-01,-5.970000028610229492e-01,-4.270000159740447998e-01,-2.270000129938125610e-01,-1.000000014901161194e-01,-8.000000566244125366e-02,-1.500000059604644775e-02,1.830000132322311401e-01,4.180000126361846924e-01,6.150000095367431641e-01,7.450000643730163574e-01,9.950000643730163574e-01,9.850000739097595215e-01,9.680000543594360352e-01,9.500000476837158203e-01,9.180000424385070801e-01,7.200000286102294922e-01,3.830000162124633789e-01,1.030000075697898865e-01,-1.469999998807907104e-01,-4.000000059604644775e-01,-5.670000314712524414e-01,-7.100000381469726562e-01,-7.470000386238098145e-01,-8.000000119209289551e-01,-8.670000433921813965e-01,-9.600000381469726562e-01,-1.035000085830688477e+00,-1.045000076293945312e+00,-9.500000476837158203e-01,-8.970000147819519043e-01,-8.620000481605529785e-01,-8.420000672340393066e-01,-8.400000333786010742e-01,-8.100000619888305664e-01,-8.000000119209289551e-01,-8.070000410079956055e-01,-8.250000476837158203e-01,-8.220000267028808594e-01,-7.920000553131103516e-01,-7.600000500679016113e-01,-7.400000095367431641e-01,-7.420000433921813965e-01,-7.720000147819519043e-01,-8.470000624656677246e-01,-9.300000667572021484e-01,-1.027000069618225098e+00,-1.095000028610229492e+00,-1.147000074386596680e+00,-1.200000047683715820e+00,-1.237000107765197754e+00,-1.267000079154968262e+00,-1.305000066757202148e+00,-1.327000021934509277e+00,-1.347000122070312500e+00,-1.357000112533569336e+00,-1.382000088691711426e+00,-1.420000076293945312e+00,-1.450000047683715820e+00,-1.472000122070312500e+00,-1.492000102996826172e+00,-1.507000088691711426e+00,-1.517000079154968262e+00,-1.532000064849853516e+00,-1.535000085830688477e+00,-1.530000090599060059e+00,-1.522000074386596680e+00,-1.502000093460083008e+00,-1.490000128746032715e+00,-1.482000112533569336e+00,-1.475000023841857910e+00,-1.460000038146972656e+00,-1.450000047683715820e+00,-1.445000052452087402e+00,-1.442000031471252441e+00,-1.457000017166137695e+00,-1.470000028610229492e+00,-1.472000122070312500e+00,-1.472000122070312500e+00,-1.450000047683715820e+00,-1.427000045776367188e+00,-1.402000069618225098e+00,-1.385000109672546387e+00,-1.370000123977661133e+00,-1.347000122070312500e+00,-1.327000021934509277e+00,-1.312000036239624023e+00,-1.307000041007995605e+00,-1.310000061988830566e+00,-1.317000031471252441e+00,-1.327000021934509277e+00,-1.337000012397766113e+00,-1.347000122070312500e+00,-1.355000019073486328e+00,-1.370000123977661133e+00,-1.377000093460083008e+00,-1.385000109672546387e+00,-1.377000093460083008e+00,-1.367000102996826172e+00,-1.372000098228454590e+00,-1.375000119209289551e+00,-1.365000009536743164e+00,-1.362000107765197754e+00,-1.350000023841857910e+00,-1.340000033378601074e+00,-1.342000007629394531e+00,-1.360000014305114746e+00,-1.377000093460083008e+00,-1.392000079154968262e+00,-1.400000095367431641e+00,-1.370000123977661133e+00,-1.337000012397766113e+00,-1.315000057220458984e+00,-1.290000081062316895e+00,-1.265000104904174805e+00,-1.207000017166137695e+00,-1.105000019073486328e+00,-1.013000011444091797e+00,-9.050000309944152832e-01,-8.020000457763671875e-01,-8.200000524520874023e-01,-8.220000267028808594e-01,-9.270000457763671875e-01,-1.110000014305114746e+00,-1.192000031471252441e+00,-1.195000052452087402e+00,-1.230000019073486328e+00,-1.250000000000000000e+00,-1.222000002861022949e+00,-1.117000102996826172e+00,-1.095000028610229492e+00,-1.100000023841857910e+00,-1.170000076293945312e+00,-1.177000045776367188e+00,-1.195000052452087402e+00,-1.270000100135803223e+00,-1.312000036239624023e+00,-1.317000031471252441e+00,-1.307000041007995605e+00,-1.300000071525573730e+00,-1.295000076293945312e+00,-1.292000055313110352e+00,-1.302000045776367188e+00,-1.357000112533569336e+00,-1.465000033378601074e+00,-1.487000107765197754e+00,-1.425000071525573730e+00,-1.490000128746032715e+00,-1.442000031471252441e+00,-1.380000114440917969e+00,1.000000020040877343e+20,-1.615000128746032715e+00,-1.537000060081481934e+00,-1.410000085830688477e+00,-1.197000026702880859e+00,-1.285000085830688477e+00,-1.267000079154968262e+00,-1.147000074386596680e+00,-9.670000672340393066e-01,-7.270000576972961426e-01,-6.500000357627868652e-01,-4.300000071525573730e-01,-1.920000016689300537e-01,5.000000074505805969e-02,2.800000011920928955e-01,3.100000023841857910e-01,2.800000011920928955e-01,8.800000697374343872e-02,1.500000059604644775e-02,1.300000026822090149e-02,1.030000075697898865e-01,1.380000114440917969e-01,2.500000037252902985e-02,-2.500000000000000000e-01,-5.220000147819519043e-01,-7.370000481605529785e-01,-8.600000143051147461e-01,-9.620000720024108887e-01,-1.027000069618225098e+00,-1.077000021934509277e+00,-1.117000102996826172e+00,-1.157000064849853516e+00,-1.205000042915344238e+00,-1.200000047683715820e+00,-1.172000050544738770e+00,-1.060000061988830566e+00,-8.770000338554382324e-01,-5.750000476837158203e-01,1.000000020040877343e+20,1.000000020040877343e+20,1.000000020040877343e+20,1.000000020040877343e+20,1.000000020040877343e+20,1.000000020040877343e+20,1.000000020040877343e+20,1.000000020040877343e+20,1.000000020040877343e+20,1.000000020040877343e+20,1.000000020040877343e+20,1.000000020040877343e+20,1.000000020040877343e+20,1.000000020040877343e+20,1.000000020040877343e+20,1.000000020040877343e+20,1.000000020040877343e+20,1.000000020040877343e+20,1.000000020040877343e+20,1.000000020040877343e+20,1.000000020040877343e+20,1.000000020040877343e+20,1.000000020040877343e+20,1.000000020040877343e+20,1.000000020040877343e+20,1.000000020040877343e+20,1.000000020040877343e+20,1.000000020040877343e+20,1.000000020040877343e+20,1.000000020040877343e+20,1.000000020040877343e+20,1.000000020040877343e+20,1.000000020040877343e+20,1.000000020040877343e+20,1.000000020040877343e+20,1.000000020040877343e+20,-1.452000021934509277e+00,-1.422000050544738770e+00,-1.255000114440917969e+00,-1.087000012397766113e+00,-8.320000171661376953e-01,-4.820000231266021729e-01,-4.200000315904617310e-02,3.930000066757202148e-01,7.480000257492065430e-01,9.280000329017639160e-01,1.035000085830688477e+00,1.083000063896179199e+00,1.168000102043151855e+00,1.313000082969665527e+00,1.438000082969665527e+00,1.525000095367431641e+00,1.525000095367431641e+00,1.483000040054321289e+00,1.435000061988830566e+00,1.323000073432922363e+00,1.418000102043151855e+00
1.765000104904174805e+00,1.953000068664550781e+00,2.048000097274780273e+00,2.273000001907348633e+00,2.603000164031982422e+00,2.900000095367431641e+00,3.303000211715698242e+00,3.758000135421752930e+00,4.185000419616699219e+00,4.535000324249267578e+00,4.835000038146972656e+00,5.053000450134277344e+00,5.273000240325927734e+00,5.448000431060791016e+00,5.533000469207763672e+00,5.508000373840332031e+00,5.293000221252441406e+00,4.960000038146972656e+00,4.543000221252441406e+00,4.263000011444091797e+00,4.052999973297119141e+00,3.945000171661376953e+00,3.793000221252441406e+00,3.720000267028808594e+00,3.628000259399414062e+00,3.570000171661376953e+00,3.580000162124633789e+00,3.665000200271606445e+00,3.658000230789184570e+00,3.645000219345092773e+00,3.583000183105468750e+00,3.458000183105468750e+00,3.288000106811523438e+00,3.038000106811523438e+00,2.645000219345092773e+00,2.273000001907348633e+00,1.940000057220458984e+00,1.650000095367431641e+00,1.463000059127807617e+00,1.288000106811523438e+00,1.258000016212463379e+00,1.340000033378601074e+00,1.430000066757202148e+00,1.445000052452087402e+00,1.500000119209289551e+00,1.485000014305114746e+00,1.485000014305114746e+00,1.433000087738037109e+00,1.368000030517578125e+00,1.195000052452087402e+00,7.950000166893005371e-01,4.980000257492065430e-01,4.230000078678131104e-01,3.350000083446502686e-01,1.000000020040877343e+20,1.000000020040877343e+20,1.000000020040877343e+20,-1.205000042915344238e+00,-1.445000052452087402e+00,-1.560000061988830566e+00,-1.630000114440917969e+00,-1.595000028610229492e+00,-1.495000123977661133e+00,-1.322000026702880859e+00,-1.177000045776367188e+00,-1.122000098228454590e+00,-1.065000057220458984e+00,-9.570000171661376953e-01,-8.020000457763671875e-01,-6.920000314712524414e-01,-7.200000286102294922e-01,-6.400000452995300293e-01,-6.500000357627868652e-01,-3.450000286102294922e-01,-1.550000011920928955e-01,3.000000026077032089e-03,3.000000026077032089e-03,-1.600000113248825073e-01,-2.450000047683715820e-01,-1.920000016689300537e-01,-7.000000216066837311e-03,1.000000020040877343e+20,1.000000020040877343e+20,1.000000020040877343e+20,1.000000020040877343e+20,1.000000020040877343e+20,1.000000020040877343e+20,1.000000020040877343e+20,1.000000020040877343e+20,1.000000020040877343e+20,1.000000020040877343e+20,1.000000020040877343e+20,1.000000020040877343e+20,1.000000020040877343e+20,1.000000020040877343e+20,1.000000020040877343e+20,1.000000020040877343e+20,1.000000020040877343e+20,1.000000020040877343e+20,1.000000020040877343e+20,1.000000020040877343e+20,1.000000020040877343e+20,1.000000020040877343e+20,1.000000020040877343e+20,1.000000020040877343e+20,1.000000020040877343e+20,1.000000020040877343e+20,1.000000020040877343e+20,1.000000020040877343e+20,1.000000020040877343e+20,1.000000020040877343e+20,1.000000020040877343e+20,1.000000020040877343e+20,1.000000020040877343e+20,1.000000020040877343e+20,1.000000020040877343e+20,1.000000020040877343e+20,1.000000020040877343e+20,-3.820000290870666504e-01,-3.020000159740447998e-01,-2.500000000000000000e-01,-1.600000113248825073e-01,2.000000141561031342e-02,2.650000154972076416e-01,1.000000020040877343e+20,1.000000020040877343e+20,1.283000111579895020e+00,1.228000044822692871e+00,1.129999995231628418e+00,8.680000305175781250e-01,6.130000352859497070e-01,3.680000305175781250e-01,1.900000125169754028e-01,7.300000637769699097e-02,-3.700000047683715820e-02,-1.319999992847442627e-01,-2.000000029802322388e-01,-2.420000135898590088e-01,-2.870000004768371582e-01,-3.420000076293945312e-01,-4.870000183582305908e-01,1.000000020040877343e+20,1.000000020040877343e+20,-7.300000190734863281e-01,-6.500000357627868652e-01,-6.600000262260437012e-01,-6.970000267028808594e-01,-7.520000338554382324e-01,-7.820000648498535156e-01,-7.970000505447387695e-01,-8.070000410079956055e-01,-7.870000600814819336e-01,-7.820000648498535156e-01,-7.650000452995300293e-01,-7.500000596046447754e-01,-7.270000576972961426e-01,-7.000000476837158203e-01,-6.720000505447387695e-01,-6.720000505447387695e-01,-7.250000238418579102e-01,-7.670000195503234863e-01,-8.270000219345092773e-01,-9.200000166893005371e-01,-1.020000100135803223e+00,-1.115000009536743164e+00,-1.185000061988830566e+00,-1.235000014305114746e+00,-1.277000069618225098e+00,-1.307000041007995605e+00,-1.337000012397766113e+00,-1.362000107765197754e+00,-1.400000095367431641e+00,-1.432000041007995605e+00,-1.457000017166137695e+00,-1.482000112533569336e+00,-1.500000119209289551e+00,-1.510000109672546387e+00,-1.507000088691711426e+00,-1.492000102996826172e+00,-1.480000019073486328e+00,-1.482000112533569336e+00,-1.495000123977661133e+00,-1.515000104904174805e+00,-1.537000060081481934e+00,-1.555000066757202148e+00,-1.542000055313110352e+00,-1.520000100135803223e+00,-1.482000112533569336e+00,-1.480000019073486328e+00,-1.482000112533569336e+00,-1.500000119209289551e+00,-1.512000083923339844e+00,-1.507000088691711426e+00,-1.482000112533569336e+00,-1.442000031471252441e+00,-1.400000095367431641e+00,-1.382000088691711426e+00,-1.367000102996826172e+00,-1.362000107765197754e+00,-1.345000028610229492e+00,-1.302000045776367188e+00,-1.277000069618225098e+00,-1.262000083923339844e+00,-1.262000083923339844e+00,-1.267000079154968262e+00,-1.275000095367431641e+00,-1.265000104904174805e+00,-1.260000109672546387e+00,-1.247000098228454590e+00,-1.232000112533569336e+00,-1.230000019073486328e+00,-1.227000117301940918e+00,-1.217000007629394531e+00,-1.217000007629394531e+00,-1.227000117301940918e+00,-1.235000014305114746e+00,-1.235000014305114746e+00,-1.230000019073486328e+00,-1.222000002861022949e+00,-1.225000023841857910e+00,-1.222000002861022949e+00,-1.230000019073486328e+00,-1.245000004768371582e+00,-1.275000095367431641e+00,-1.277000069618225098e+00,-1.257000088691711426e+00,-1.210000038146972656e+00,-1.135000109672546387e+00,-1.040000081062316895e+00,-9.050000309944152832e-01,-7.070000171661376953e-01,-5.570000410079956055e-01,-6.120000481605529785e-01,-7.320000529289245605e-01,-5.870000123977661133e-01,-4.720000326633453369e-01,1.000000020040877343e+20,1.000000020040877343e+20,1.000000020040877343e+20,1.000000020040877343e+20,1.000000020040877343e+20,1.000000020040877343e+20,1.000000020040877343e+20,1.000000020040877343e+20,-1.115000009536743164e+00,-7.200000286102294922e-01,-8.000000119209289551e-01,-8.820000290870666504e-01,-9.420000314712524414e-01,-1.008000016212463379e+00,-1.072000026702880859e+00,-1.167000055313110352e+00,-1.237000107765197754e+00,-1.280000090599060059e+00,1.000000020040877343e+20,-1.302000045776367188e+00,-1.290000081062316895e+00,-1.297000050544738770e+00,-1.357000112533569336e+00,1.000000020040877343e+20,1.000000020040877343e+20,1.000000020040877343e+20,1.000000020040877343e+20,-1.377000093460083008e+00,-1.452000021934509277e+00,1.000000020040877343e+20,1.000000020040877343e+20,1.000000020040877343e+20,1.000000020040877343e+20,-1.287000060081481934e+00,-1.362000107765197754e+00,-1.452000021934509277e+00,1.000000020040877343e+20,1.000000020040877343e+20,-1.004999995231628418e+00,-8.670000433921813965e-01,1.000000020040877343e+20,1.000000020040877343e+20,1.000000020040877343e+20,1.000000020040877343e+20,1.000000020040877343e+20,1.000000020040877343e+20,-4.270000159740447998e-01,-3.800000250339508057e-01,-5.250000357627868652e-01,-6.370000243186950684e-01,-6.550000309944152832e-01,-7.220000624656677246e-01,-8.500000238418579102e-01,-9.870000481605529785e-01,-1.101999998092651367e+00,-1.172000050544738770e+00,-1.197000026702880859e+00,-1.195000052452087402e+00,-1.175000071525573730e+00,-1.152000069618225098e+00,-1.105000019073486328e+00,-1.052000045776367188e+00,-9.070000648498535156e-01,-6.720000505447387695e-01,-3.620000183582305908e-01,-1.520000100135803223e-01,-1.500000059604644775e-02,4.400000274181365967e-01,1.000000020040877343e+20,1.000000020040877343e+20,1.000000020040877343e+20,1.000000020040877343e+20,1.000000020040877343e+20,1.000000020040877343e+20,1.000000020040877343e+20,1.000000020040877343e+20,1.000000020040877343e+20,1.000000020040877343e+20,1.000000020040877343e+20,1.000000020040877343e+20,1.000000020040877343e+20,1.000000020040877343e+20,1.000000020040877343e+20,1.000000020040877343e+20,1.000000020040877343e+20,1.000000020040877343e+20,1.000000020040877343e+20,1.000000020040877343e+20,1.000000020040877343e+20,1.000000020040877343e+20,1.000000020040877343e+20,1.000000020040877343e+20,1.000000020040877343e+20,1.000000020040877343e+20,1.000000020040877343e+20,1.000000020040877343e+20,1.000000020040877343e+20,1.000000020040877343e+20,1.000000020040877343e+20,1.000000020040877343e+20,1.000000020040877343e+20,1.000000020040877343e+20,1.000000020040877343e+20,-1.235000014305114746e+00,-9.970000386238098145e-01,-7.070000171661376953e-01,-4.100000262260437012e-01,-6.000000238418579102e-02,3.200000226497650146e-01,7.000000476837158203e-01,1.008000016212463379e+00,1.245000004768371582e+00,1.423000097274780273e+00,1.570000052452087402e+00,1.673000097274780273e+00,1.753000140190124512e+00,1.813000082969665527e+00,1.838000059127807617e+00,1.863000035285949707e+00,1.830000042915344238e+00,1.773000121116638184e+00,1.648000121116638184e+00,1.508000016212463379e+00,1.635000109672546387e+00
2.923000097274780273e+00,3.125000238418579102e+00,3.245000123977661133e+00,3.393000125885009766e+00,3.650000095367431641e+00,3.960000276565551758e+00,4.325000286102294922e+00,4.715000152587890625e+00,5.075000286102294922e+00,5.405000209808349609e+00,5.688000202178955078e+00,5.915000438690185547e+00,6.135000228881835938e+00,6.278000354766845703e+00,6.345000267028808594e+00,6.298000335693359375e+00,6.113000392913818359e+00,5.838000297546386719e+00,5.460000038146972656e+00,5.173000335693359375e+00,4.950000286102294922e+00,4.825000286102294922e+00,4.678000450134277344e+00,4.603000164031982422e+00,4.513000011444091797e+00,4.400000095367431641e+00,4.385000228881835938e+00,4.343000411987304688e+00,4.378000259399414062e+00,4.360000133514404297e+00,4.323000431060791016e+00,4.140000343322753906e+00,3.933000087738037109e+00,3.560000181198120117e+00,3.088000059127807617e+00,2.690000057220458984e+00,2.400000095367431641e+00,2.123000144958496094e+00,1.873000144958496094e+00,1.753000140190124512e+00,1.640000104904174805e+00,1.695000052452087402e+00,1.780000090599060059e+00,1.850000143051147461e+00,1.883000135421752930e+00,1.893000125885009766e+00,1.733000040054321289e+00,1.593000054359436035e+00,1.583000063896179199e+00,1.110000014305114746e+00,6.680000424385070801e-01,5.649999976158142090e-01,7.150000333786010742e-01,1.000000020040877343e+20,1.000000020040877343e+20,1.000000020040877343e+20,-1.155000090599060059e+00,-1.487000107765197754e+00,-1.632000088691711426e+00,-1.635000109672546387e+00,-1.565000057220458984e+00,-1.447000026702880859e+00,-1.250000000000000000e+00,-1.075000047683715820e+00,-8.720000386238098145e-01,-8.200000524520874023e-01,-8.600000143051147461e-01,-7.750000357627868652e-01,-6.950000524520874023e-01,1.000000020040877343e+20,1.000000020040877343e+20,1.000000020040877343e+20,1.000000020040877343e+20,-5.620000362396240234e-01,-5.550000071525573730e-01,-6.620000600814819336e-01,-7.400000095367431641e-01,-7.950000166893005371e-01,-8.120000362396240234e-01,-7.270000576972961426e-01,-6.820000410079956055e-01,1.000000020040877343e+20,1.000000020040877343e+20,1.000000020040877343e+20,1.000000020040877343e+20,1.000000020040877343e+20,1.000000020040877343e+20,1.000000020040877343e+20,1.000000020040877343e+20,1.000000020040877343e+20,1.000000020040877343e+20,1.000000020040877343e+20,1.000000020040877343e+20,1.000000020040877343e+20,1.000000020040877343e+20,1.000000020040877343e+20,1.000000020040877343e+20,1.000000020040877343e+20,1.000000020040877343e+20,1.000000020040877343e+20,1.000000020040877343e+20,1.000000020040877343e+20,1.000000020040877343e+20,1.000000020040877343e+20,1.000000020040877343e+20,1.000000020040877343e+20,1.000000020040877343e+20,1.000000020040877343e+20,1.000000020040877343e+20,1.000000020040877343e+20,1.000000020040877343e+20,1.000000020040877343e+20,1.000000020040877343e+20,1.000000020040877343e+20,1.000000020040877343e+20,1.000000020040877343e+20,1.000000020040877343e+20,1.000000020040877343e+20,1.000000020040877343e+20,1.000000020040877343e+20,1.000000020040877343e+20,1.000000020040877343e+20,1.000000020040877343e+20,1.000000020040877343e+20,1.000000020040877343e+20,1.000000020040877343e+20,1.000000020040877343e+20,1.000000020040877343e+20,1.000000020040877343e+20,7.230000495910644531e-01,6.380000114440917969e-01,5.049999952316284180e-01,3.030000030994415283e-01,2.750000059604644775e-01,2.130000144243240356e-01,1.630000025033950806e-01,1.250000000000000000e-01,9.800000488758087158e-02,8.000000566244125366e-02,-9.500000625848770142e-02,1.000000020040877343e+20,1.000000020040877343e+20,1.000000020040877343e+20,1.000000020040877343e+20,-4.620000123977661133e-01,-3.700000047683715820e-01,-4.500000178813934326e-01,-4.750000238418579102e-01,-5.049999952316284180e-01,-5.070000290870666504e-01,-3.770000040531158447e-01,-3.950000107288360596e-01,-4.320000112056732178e-01,-4.920000135898590088e-01,-5.470000505447387695e-01,-5.920000076293945312e-01,-6.220000386238098145e-01,-6.300000548362731934e-01,-6.350000500679016113e-01,-6.500000357627868652e-01,-6.570000052452087402e-01,-6.850000619888305664e-01,-7.600000500679016113e-01,-8.420000672340393066e-01,-9.320000410079956055e-01,-1.015000104904174805e+00,-1.100000023841857910e+00,-1.162000060081481934e+00,-1.220000028610229492e+00,-1.277000069618225098e+00,-1.325000047683715820e+00,-1.357000112533569336e+00,-1.387000083923339844e+00,-1.402000069618225098e+00,-1.415000081062316895e+00,-1.390000104904174805e+00,-1.350000023841857910e+00,-1.292000055313110352e+00,-1.225000023841857910e+00,-1.147000074386596680e+00,-1.112000107765197754e+00,-1.182000041007995605e+00,-1.302000045776367188e+00,-1.420000076293945312e+00,-1.482000112533569336e+00,-1.507000088691711426e+00,-1.510000109672546387e+00,-1.520000100135803223e+00,-1.525000095367431641e+00,-1.520000100135803223e+00,-1.507000088691711426e+00,-1.462000012397766113e+00,-1.397000074386596680e+00,-1.337000012397766113e+00,-1.282000064849853516e+00,-1.247000098228454590e+00,-1.222000002861022949e+00,-1.225000023841857910e+00,-1.247000098228454590e+00,-1.230000019073486328e+00,-1.187000036239624023e+00,-1.147000074386596680e+00,-1.125000000000000000e+00,-1.077000021934509277e+00,-1.037000060081481934e+00,-1.062000036239624023e+00,-1.097000002861022949e+00,-1.115000009536743164e+00,-1.100000023841857910e+00,-1.070000052452087402e+00,-1.082000017166137695e+00,-1.085000038146972656e+00,-1.085000038146972656e+00,-1.085000038146972656e+00,-1.087000012397766113e+00,-1.087000012397766113e+00,-1.090000033378601074e+00,-1.090000033378601074e+00,-1.100000023841857910e+00,-1.110000014305114746e+00,-1.117000102996826172e+00,-1.095000028610229492e+00,-1.080000042915344238e+00,-1.077000021934509277e+00,-1.080000042915344238e+00,-1.030000090599060059e+00,-8.970000147819519043e-01,-6.700000166893005371e-01,-4.050000309944152832e-01,-1.700000017881393433e-01,-1.000000070780515671e-02,-6.700000166893005371e-02,-2.670000195503234863e-01,-2.870000004768371582e-01,-1.270000040531158447e-01,1.000000020040877343e+20,1.000000020040877343e+20,1.000000020040877343e+20,1.000000020040877343e+20,1.000000020040877343e+20,1.000000020040877343e+20,1.000000020040877343e+20,1.000000020040877343e+20,1.000000020040877343e+20,1.000000020040877343e+20,1.000000020040877343e+20,1.000000020040877343e+20,1.000000020040877343e+20,1.000000020040877343e+20,1.000000020040877343e+20,1.000000020040877343e+20,1.000000020040877343e+20,1.000000020040877343e+20,1.000000020040877343e+20,1.000000020040877343e+20,-1.287000060081481934e+00,-1.287000060081481934e+00,-1.272000074386596680e+00,1.000000020040877343e+20,1.000000020040877343e+20,1.000000020040877343e+20,1.000000020040877343e+20,1.000000020040877343e+20,-1.522000074386596680e+00,-1.630000114440917969e+00,1.000000020040877343e+20,-1.675000071525573730e+00,-1.582000017166137695e+00,-1.502000093460083008e+00,-1.415000081062316895e+00,1.000000020040877343e+20,1.000000020040877343e+20,1.000000020040877343e+20,1.000000020040877343e+20,-1.482000112533569336e+00,1.000000020040877343e+20,1.000000020040877343e+20,1.000000020040877343e+20,1.000000020040877343e+20,-9.720000624656677246e-01,1.000000020040877343e+20,-4.870000183582305908e-01,1.000000020040877343e+20,1.000000020040877343e+20,-7.970000505447387695e-01,-9.170000553131103516e-01,-1.087000012397766113e+00,-1.182000041007995605e+00,-1.220000028610229492e+00,-1.275000095367431641e+00,-1.352000117301940918e+00,-1.400000095367431641e+00,-1.410000085830688477e+00,-1.425000071525573730e+00,-1.395000100135803223e+00,-1.347000122070312500e+00,-1.267000079154968262e+00,-1.117000102996826172e+00,-9.050000309944152832e-01,-5.270000100135803223e-01,-9.500000625848770142e-02,9.800000488758087158e-02,5.000000074505805969e-02,4.180000126361846924e-01,8.930000662803649902e-01,1.000000020040877343e+20,1.000000020040877343e+20,1.000000020040877343e+20,1.000000020040877343e+20,1.000000020040877343e+20,1.000000020040877343e+20,1.000000020040877343e+20,1.000000020040877343e+20,1.000000020040877343e+20,1.000000020040877343e+20,1.000000020040877343e+20,1.000000020040877343e+20,1.000000020040877343e+20,1.000000020040877343e+20,1.000000020040877343e+20,1.000000020040877343e+20,1.000000020040877343e+20,1.000000020040877343e+20,1.000000020040877343e+20,1.000000020040877343e+20,1.000000020040877343e+20,1.000000020040877343e+20,1.000000020040877343e+20,1.000000020040877343e+20,1.000000020040877343e+20,1.000000020040877343e+20,1.000000020040877343e+20,1.000000020040877343e+20,1.000000020040877343e+20,1.000000020040877343e+20,1.000000020040877343e+20,1.000000020040877343e+20,-1.630000114440917969e+00,-1.382000088691711426e+00,-1.013000011444091797e+00,-6.350000500679016113e-01,-2.170000076293945312e-01,1.980000138282775879e-01,6.000000238418579102e-01,9.800000190734863281e-01,1.300000071525573730e+00,1.578000068664550781e+00,1.810000061988830566e+00,1.958000063896179199e+00,2.015000104904174805e+00,2.008000135421752930e+00,1.950000047683715820e+00,1.935000061988830566e+00,1.955000042915344238e+00,2.050000190734863281e+00,2.208000183105468750e+00,2.325000047683715820e+00,2.468000173568725586e+00,2.523000001907348633e+00,2.703000068664550781e+00
4.427999973297119141e+00,4.710000038146972656e+00,4.785000324249267578e+00,4.880000114440917969e+00,5.035000324249267578e+00,5.225000381469726562e+00,5.450000286102294922e+00,5.698000431060791016e+00,5.963000297546386719e+00,6.230000495910644531e+00,6.415000438690185547e+00,6.590000152587890625e+00,6.740000247955322266e+00,6.803000450134277344e+00,6.758000373840332031e+00,6.680000305175781250e+00,6.550000190734863281e+00,6.348000526428222656e+00,6.138000488281250000e+00,6.008000373840332031e+00,5.870000362396240234e+00,5.723000049591064453e+00,5.578000068664550781e+00,5.453000068664550781e+00,5.118000030517578125e+00,5.173000335693359375e+00,4.980000019073486328e+00,4.870000362396240234e+00,4.788000106811523438e+00,4.760000228881835938e+00,4.820000171661376953e+00,4.648000240325927734e+00,4.407999992370605469e+00,4.010000228881835938e+00,3.565000057220458984e+00,3.173000097274780273e+00,2.830000162124633789e+00,2.538000106811523438e+00,2.363000154495239258e+00,2.183000087738037109e+00,2.093000173568725586e+00,2.068000078201293945e+00,2.068000078201293945e+00,2.125000000000000000e+00,2.205000162124633789e+00,2.188000202178955078e+00,2.093000173568725586e+00,1.860000133514404297e+00,1.713000059127807617e+00,1.185000061988830566e+00,7.000000476837158203e-01,6.300000548362731934e-01,1.000000020040877343e+20,1.000000020040877343e+20,1.000000020040877343e+20,1.000000020040877343e+20,-4.470000267028808594e-01,-8.450000286102294922e-01,-1.105000019073486328e+00,-1.252000093460083008e+00,-1.250000000000000000e+00,-1.155000090599060059e+00,-9.970000386238098145e-01,-8.700000643730163574e-01,-7.670000195503234863e-01,-7.870000600814819336e-01,-7.370000481605529785e-01,-6.850000619888305664e-01,1.000000020040877343e+20,1.000000020040877343e+20,1.000000020040877343e+20,1.000000020040877343e+20,-8.920000195503234863e-01,1.000000020040877343e+20,1.000000020040877343e+20,1.000000020040877343e+20,1.000000020040877343e+20,1.000000020040877343e+20,1.000000020040877343e+20,1.000000020040877343e+20,1.000000020040877343e+20,1.000000020040877343e+20,1.000000020040877343e+20,1.000000020040877343e+20,1.000000020040877343e+20,1.000000020040877343e+20,1.000000020040877343e+20,1.000000020040877343e+20,1.000000020040877343e+20,1.000000020040877343e+20,1.000000020040877343e+20,1.000000020040877343e+20,1.000000020040877343e+20,1.000000020040877343e+20,1.000000020040877343e+20,1.000000020040877343e+20,1.000000020040877343e+20,1.000000020040877343e+20,1.000000020040877343e+20,1.000000020040877343e+20,1.000000020040877343e+20,1.000000020040877343e+20,1.000000020040877343e+20,1.000000020040877343e+20,1.000000020040877343e+20,1.000000020040877343e+20,1.000000020040877343e+20,1.000000020040877343e+20,1.000000020040877343e+20,1.000000020040877343e+20,1.000000020040877343e+20,1.000000020040877343e+20,1.000000020040877343e+20,1.000000020040877343e+20,1.000000020040877343e+20,1.000000020040877343e+20,1.000000020040877343e+20,1.000000020040877343e+20,1.000000020040877343e+20,1.000000020040877343e+20,1.000000020040877343e+20,1.000000020040877343e+20,1.000000020040877343e+20,1.000000020040877343e+20,1.000000020040877343e+20,1.000000020040877343e+20,1.000000020040877343e+20,1.000000020040877343e+20,1.000000020040877343e+20,5.930000543594360352e-01,5.750000476837158203e-01,4.650000333786010742e-01,1.000000020040877343e+20,2.100000083446502686e-01,1.550000011920928955e-01,1.280000060796737671e-01,1.280000060796737671e-01,1.580000072717666626e-01,1.850000023841857910e-01,1.000000020040877343e+20,1.000000020040877343e+20,1.000000020040877343e+20,1.000000020040877343e+20,1.000000020040877343e+20,1.000000020040877343e+20,1.000000020040877343e+20,1.000000020040877343e+20,1.000000020040877343e+20,1.000000020040877343e+20,1.000000020040877343e+20,-1.020000055432319641e-01,-1.520000100135803223e-01,-2.400000095367431641e-01,-3.620000183582305908e-01,-5.020000338554382324e-01,-5.950000286102294922e-01,-6.500000357627868652e-01,-6.620000600814819336e-01,-6.420000195503234863e-01,-5.970000028610229492e-01,-4.450000226497650146e-01,-4.400000274181365967e-01,-4.750000238418579102e-01,-5.570000410079956055e-01,-6.550000309944152832e-01,-7.520000338554382324e-01,-8.550000190734863281e-01,-9.350000619888305664e-01,-1.008000016212463379e+00,-1.080000042915344238e+00,-1.137000083923339844e+00,-1.187000036239624023e+00,-1.222000002861022949e+00,-1.227000117301940918e+00,-1.217000007629394531e+00,-1.202000021934509277e+00,-1.162000060081481934e+00,-1.120000004768371582e+00,-1.092000007629394531e+00,-1.045000076293945312e+00,-1.018000006675720215e+00,-1.062000036239624023e+00,-1.170000076293945312e+00,-1.197000026702880859e+00,-1.302000045776367188e+00,-1.342000007629394531e+00,-1.352000117301940918e+00,-1.382000088691711426e+00,-1.417000055313110352e+00,-1.420000076293945312e+00,-1.365000009536743164e+00,-1.240000009536743164e+00,-1.127000093460083008e+00,-9.870000481605529785e-01,-8.100000619888305664e-01,-6.420000195503234863e-01,-5.550000071525573730e-01,-5.570000410079956055e-01,-6.020000576972961426e-01,-6.270000338554382324e-01,-8.320000171661376953e-01,-8.600000143051147461e-01,-8.500000238418579102e-01,-7.350000143051147461e-01,-6.150000095367431641e-01,-7.020000219345092773e-01,-8.470000624656677246e-01,-9.270000457763671875e-01,-8.370000123977661133e-01,-8.720000386238098145e-01,-9.270000457763671875e-01,-9.770000576972961426e-01,-9.870000481605529785e-01,-9.650000333786010742e-01,-9.170000553131103516e-01,-8.800000548362731934e-01,-8.400000333786010742e-01,-8.100000619888305664e-01,-8.020000457763671875e-01,-8.150000572204589844e-01,-8.300000429153442383e-01,-8.000000119209289551e-01,-7.100000381469726562e-01,-6.250000000000000000e-01,-5.420000553131103516e-01,-3.950000107288360596e-01,-1.850000023841857910e-01,6.500000506639480591e-02,1.600000113248825073e-01,2.100000083446502686e-01,1.100000068545341492e-01,-6.000000238418579102e-02,-1.250000000000000000e-01,-2.000000094994902611e-03,-9.200000762939453125e-02,-9.200000762939453125e-02,1.000000020040877343e+20,1.000000020040877343e+20,-6.670000553131103516e-01,-8.550000190734863281e-01,-8.400000333786010742e-01,-7.970000505447387695e-01,1.000000020040877343e+20,1.000000020040877343e+20,1.000000020040877343e+20,1.000000020040877343e+20,1.000000020040877343e+20,1.000000020040877343e+20,1.000000020040877343e+20,1.000000020040877343e+20,1.000000020040877343e+20,1.000000020040877343e+20,1.000000020040877343e+20,1.000000020040877343e+20,1.000000020040877343e+20,-1.129999995231628418e+00,-1.110000014305114746e+00,-1.150000095367431641e+00,-1.175000071525573730e+00,-1.210000038146972656e+00,-1.220000028610229492e+00,1.000000020040877343e+20,-1.335000038146972656e+00,-1.470000028610229492e+00,1.000000020040877343e+20,1.000000020040877343e+20,-1.617000102996826172e+00,-1.615000128746032715e+00,-1.602000117301940918e+00,-1.592000126838684082e+00,1.000000020040877343e+20,1.000000020040877343e+20,1.000000020040877343e+20,1.000000020040877343e+20,1.000000020040877343e+20,1.000000020040877343e+20,1.000000020040877343e+20,1.000000020040877343e+20,1.000000020040877343e+20,1.000000020040877343e+20,1.000000020040877343e+20,1.000000020040877343e+20,1.000000020040877343e+20,1.000000020040877343e+20,1.000000020040877343e+20,1.000000020040877343e+20,-1.035000085830688477e+00,-1.160000085830688477e+00,-1.257000088691711426e+00,-1.320000052452087402e+00,-1.382000088691711426e+00,-1.472000122070312500e+00,-1.470000028610229492e+00,-1.452000021934509277e+00,-1.390000104904174805e+00,-1.362000107765197754e+00,-1.332000017166137695e+00,-1.222000002861022949e+00,-1.023000001907348633e+00,-6.250000000000000000e-01,-1.150000020861625671e-01,2.480000108480453491e-01,3.550000190734863281e-01,5.250000357627868652e-01,1.025000095367431641e+00,1.238000035285949707e+00,1.343000054359436035e+00,1.000000020040877343e+20,1.000000020040877343e+20,1.000000020040877343e+20,1.000000020040877343e+20,1.000000020040877343e+20,1.000000020040877343e+20,1.000000020040877343e+20,1.000000020040877343e+20,1.000000020040877343e+20,1.000000020040877343e+20,1.000000020040877343e+20,1.000000020040877343e+20,1.000000020040877343e+20,1.000000020040877343e+20,1.000000020040877343e+20,1.000000020040877343e+20,1.000000020040877343e+20,1.000000020040877343e+20,1.000000020040877343e+20,1.000000020040877343e+20,1.000000020040877343e+20,1.000000020040877343e+20,1.000000020040877343e+20,1.000000020040877343e+20,1.000000020040877343e+20,1.000000020040877343e+20,1.000000020040877343e+20,1.000000020040877343e+20,1.000000020040877343e+20,1.000000020040877343e+20,1.000000020040877343e+20,-1.152000069618225098e+00,-6.650000214576721191e-01,-1.770000010728836060e-01,2.280000150203704834e-01,5.950000286102294922e-01,9.530000686645507812e-01,1.288000106811523438e+00,1.615000128746032715e+00,1.883000135421752930e+00,2.088000059127807617e+00,2.188000202178955078e+00,2.282999992370605469e+00,2.325000047683715820e+00,2.378000020980834961e+00,2.510000228881835938e+00,2.690000057220458984e+00,2.925000190734863281e+00,3.223000049591064453e+00,3.475000143051147461e+00,3.733000278472900391e+00,3.905000209808349609e+00,4.173000335693359375e+00
5.903000354766845703e+00,6.165000438690185547e+00,6.205000400543212891e+00,6.223000526428222656e+00,6.255000114440917969e+00,6.325000286102294922e+00,6.475000381469726562e+00,6.623000144958496094e+00,6.755000114440917969e+00,6.845000267028808594e+00,6.938000202178955078e+00,7.078000545501708984e+00,7.145000457763671875e+00,7.165000438690185547e+00,7.128000259399414062e+00,7.098000526428222656e+00,6.965000152587890625e+00,6.815000534057617188e+00,6.720000267028808594e+00,6.560000419616699219e+00,6.470000267028808594e+00,6.288000106811523438e+00,6.043000221252441406e+00,5.870000362396240234e+00,1.000000020040877343e+20,5.478000164031982422e+00,1.000000020040877343e+20,1.000000020040877343e+20,1.000000020040877343e+20,1.000000020040877343e+20,5.198000431060791016e+00,5.063000202178955078e+00,4.763000011444091797e+00,4.420000076293945312e+00,4.055000305175781250e+00,3.655000209808349609e+00,3.260000228881835938e+00,2.915000200271606445e+00,2.643000125885009766e+00,2.480000019073486328e+00,2.348000049591064453e+00,2.230000019073486328e+00,2.245000123977661133e+00,2.248000144958496094e+00,2.195000171661376953e+00,2.150000095367431641e+00,2.053000211715698242e+00,1.823000073432922363e+00,1.668000102043151855e+00,1.210000038146972656e+00,6.500000357627868652e-01,4.230000078678131104e-01,5.830000042915344238e-01,7.800000309944152832e-01,6.030000448226928711e-01,4.250000119209289551e-01,-5.200000107288360596e-02,-1.270000040531158447e-01,-2.770000100135803223e-01,-4.650000333786010742e-01,-6.700000166893005371e-01,-9.200000166893005371e-01,-9.220000505447387695e-01,-8.550000190734863281e-01,-8.520000576972961426e-01,-8.320000171661376953e-01,-5.920000076293945312e-01,1.000000020040877343e+20,1.000000020040877343e+20,1.000000020040877343e+20,1.000000020040877343e+20,1.000000020040877343e+20,1.000000020040877343e+20,-1.370000123977661133e+00,1.000000020040877343e+20,1.000000020040877343e+20,1.000000020040877343e+20,1.000000020040877343e+20,1.000000020040877343e+20,1.000000020040877343e+20,1.000000020040877343e+20,1.000000020040877343e+20,1.000000020040877343e+20,1.000000020040877343e+20,1.000000020040877343e+20,1.000000020040877343e+20,1.000000020040877343e+20,1.000000020040877343e+20,1.000000020040877343e+20,1.000000020040877343e+20,1.000000020040877343e+20,1.000000020040877343e+20,1.000000020040877343e+20,1.000000020040877343e+20,1.000000020040877343e+20,1.000000020040877343e+20,1.000000020040877343e+20,1.000000020040877343e+20,1.000000020040877343e+20,1.000000020040877343e+20,1.000000020040877343e+20,1.000000020040877343e+20,1.000000020040877343e+20,1.000000020040877343e+20,1.000000020040877343e+20,1.000000020040877343e+20,1.000000020040877343e+20,1.000000020040877343e+20,1.000000020040877343e+20,1.000000020040877343e+20,1.000000020040877343e+20,1.000000020040877343e+20,1.000000020040877343e+20,1.000000020040877343e+20,1.000000020040877343e+20,1.000000020040877343e+20,1.000000020040877343e+20,1.000000020040877343e+20,1.000000020040877343e+20,1.000000020040877343e+20,1.000000020040877343e+20,1.000000020040877343e+20,1.000000020040877343e+20,1.000000020040877343e+20,1.000000020040877343e+20,1.000000020040877343e+20,1.000000020040877343e+20,1.000000020040877343e+20,1.000000020040877343e+20,1.000000020040877343e+20,1.000000020040877343e+20,1.000000020040877343e+20,1.000000020040877343e+20,1.000000020040877343e+20,1.000000020040877343e+20,1.000000020040877343e+20,1.000000020040877343e+20,1.000000020040877343e+20,1.000000020040877343e+20,1.000000020040877343e+20,1.000000020040877343e+20,1.000000020040877343e+20,1.000000020040877343e+20,1.000000020040877343e+20,1.000000020040877343e+20,1.000000020040877343e+20,1.000000020040877343e+20,1.000000020040877343e+20,1.000000020040877343e+20,1.000000020040877343e+20,1.000000020040877343e+20,1.000000020040877343e+20,1.000000020040877343e+20,1.000000020040877343e+20,1.000000020040877343e+20,1.000000020040877343e+20,1.000000020040877343e+20,1.000000020040877343e+20,1.000000020040877343e+20,1.000000020040877343e+20,-2.400000095367431641e-01,-2.770000100135803223e-01,-3.200000226497650146e-01,-3.870000243186950684e-01,-4.820000231266021729e-01,-6.220000386238098145e-01,-7.450000643730163574e-01,-8.600000143051147461e-01,-8.050000667572021484e-01,-8.900000452995300293e-01,-9.450000524520874023e-01,-1.137000083923339844e+00,-1.157000064849853516e+00,-1.142000079154968262e+00,-1.147000074386596680e+00,-1.152000069618225098e+00,-1.190000057220458984e+00,-1.205000042915344238e+00,-1.152000069618225098e+00,-1.162000060081481934e+00,-1.217000007629394531e+00,-1.287000060081481934e+00,-1.322000026702880859e+00,-1.292000055313110352e+00,-1.287000060081481934e+00,-1.207000017166137695e+00,-1.092000007629394531e+00,-1.052000045776367188e+00,-1.032000064849853516e+00,-9.620000720024108887e-01,-8.120000362396240234e-01,-6.800000071525573730e-01,-6.120000481605529785e-01,-4.020000100135803223e-01,-1.620000004768371582e-01,1.000000070780515671e-02,1.150000020861625671e-01,-3.500000014901161194e-02,3.000000119209289551e-02,9.300000220537185669e-02,1.000000020040877343e+20,1.000000020040877343e+20,1.000000020040877343e+20,1.000000020040877343e+20,1.000000020040877343e+20,1.000000020040877343e+20,1.000000020040877343e+20,1.000000020040877343e+20,-6.300000548362731934e-01,-7.170000076293945312e-01,-8.200000524520874023e-01,-8.850000500679016113e-01,-8.850000500679016113e-01,-8.270000219345092773e-01,-7.620000243186950684e-01,-7.070000171661376953e-01,-6.220000386238098145e-01,-5.750000476837158203e-01,-5.500000119209289551e-01,-5.070000290870666504e-01,-9.000000357627868652e-02,4.000000283122062683e-02,1.330000013113021851e-01,2.100000083446502686e-01,2.300000041723251343e-01,3.280000090599060059e-01,3.450000286102294922e-01,2.030000090599060059e-01,3.030000030994415283e-01,3.450000286102294922e-01,5.080000162124633789e-01,4.300000071525573730e-01,4.500000178813934326e-02,2.600000202655792236e-01,1.000000070780515671e-02,-3.300000131130218506e-01,-2.520000040531158447e-01,-1.920000016689300537e-01,-6.820000410079956055e-01,-8.150000572204589844e-01,-9.170000553131103516e-01,-8.920000195503234863e-01,-7.300000190734863281e-01,1.000000020040877343e+20,1.000000020040877343e+20,1.000000020040877343e+20,1.000000020040877343e+20,1.000000020040877343e+20,1.000000020040877343e+20,1.000000020040877343e+20,1.000000020040877343e+20,1.000000020040877343e+20,1.000000020040877343e+20,1.000000020040877343e+20,1.000000020040877343e+20,1.000000020040877343e+20,1.000000020040877343e+20,-5.300000309944152832e-01,-6.500000357627868652e-01,-7.870000600814819336e-01,-8.950000405311584473e-01,-1.050000071525573730e+00,-1.117000102996826172e+00,-1.220000028610229492e+00,1.000000020040877343e+20,1.000000020040877343e+20,1.000000020040877343e+20,-1.592000126838684082e+00,-1.590000033378601074e+00,-1.660000085830688477e+00,-1.690000057220458984e+00,-1.797000050544738770e+00,1.000000020040877343e+20,1.000000020040877343e+20,1.000000020040877343e+20,1.000000020040877343e+20,1.000000020040877343e+20,1.000000020040877343e+20,1.000000020040877343e+20,1.000000020040877343e+20,1.000000020040877343e+20,1.000000020040877343e+20,1.000000020040877343e+20,1.000000020040877343e+20,1.000000020040877343e+20,1.000000020040877343e+20,1.000000020040877343e+20,1.000000020040877343e+20,1.000000020040877343e+20,1.000000020040877343e+20,1.000000020040877343e+20,-1.162000060081481934e+00,-1.202000021934509277e+00,-1.177000045776367188e+00,-1.142000079154968262e+00,-1.120000004768371582e+00,-1.117000102996826172e+00,-1.115000009536743164e+00,-1.003000020980834961e+00,-7.000000476837158203e-01,-2.050000131130218506e-01,3.830000162124633789e-01,7.400000095367431641e-01,8.850000500679016113e-01,1.305000066757202148e+00,1.733000040054321289e+00,1.000000020040877343e+20,1.000000020040877343e+20,1.000000020040877343e+20,1.000000020040877343e+20,1.000000020040877343e+20,1.000000020040877343e+20,1.000000020040877343e+20,1.000000020040877343e+20,1.000000020040877343e+20,1.000000020040877343e+20,1.000000020040877343e+20,1.000000020040877343e+20,1.000000020040877343e+20,1.000000020040877343e+20,1.000000020040877343e+20,1.000000020040877343e+20,1.000000020040877343e+20,1.000000020040877343e+20,1.000000020040877343e+20,1.000000020040877343e+20,1.000000020040877343e+20,1.000000020040877343e+20,1.000000020040877343e+20,1.000000020040877343e+20,1.000000020040877343e+20,1.000000020040877343e+20,1.000000020040877343e+20,1.000000020040877343e+20,1.000000020040877343e+20,-1.820000052452087402e+00,1.000000020040877343e+20,1.000000020040877343e+20,-9.920000433921813965e-01,-4.150000214576721191e-01,1.280000060796737671e-01,5.100000500679016113e-01,8.580000400543212891e-01,1.213000059127807617e+00,1.535000085830688477e+00,1.823000073432922363e+00,2.103000164031982422e+00,2.282999992370605469e+00,2.475000143051147461e+00,2.658000230789184570e+00,2.828000068664550781e+00,3.013000249862670898e+00,3.280000209808349609e+00,3.670000076293945312e+00,4.065000057220458984e+00,4.465000152587890625e+00,4.878000259399414062e+00,5.205000400543212891e+00,5.393000125885009766e+00,5.635000228881835938e+00
6.828000545501708984e+00,7.098000526428222656e+00,7.190000534057617188e+00,7.205000400543212891e+00,7.218000411987304688e+00,7.210000514984130859e+00,7.228000164031982422e+00,7.255000114440917969e+00,7.273000240325927734e+00,7.298000335693359375e+00,7.355000495910644531e+00,7.368000507354736328e+00,7.413000583648681641e+00,7.473000526428222656e+00,7.458000183105468750e+00,7.433000564575195312e+00,7.290000438690185547e+00,6.938000202178955078e+00,6.823000431060791016e+00,1.000000020040877343e+20,1.000000020040877343e+20,1.000000020040877343e+20,1.000000020040877343e+20,1.000000020040877343e+20,1.000000020040877343e+20,1.000000020040877343e+20,1.000000020040877343e+20,1.000000020040877343e+20,1.000000020040877343e+20,1.000000020040877343e+20,1.000000020040877343e+20,1.000000020040877343e+20,1.000000020040877343e+20,4.430000305175781250e+00,4.148000240325927734e+00,3.818000078201293945e+00,3.473000049591064453e+00,3.163000106811523438e+00,2.963000059127807617e+00,2.810000181198120117e+00,2.575000047683715820e+00,2.358000040054321289e+00,2.228000164031982422e+00,2.075000047683715820e+00,1.920000076293945312e+00,1.753000140190124512e+00,1.670000076293945312e+00,1.535000085830688477e+00,1.248000025749206543e+00,8.930000662803649902e-01,7.530000209808349609e-01,5.700000524520874023e-01,3.150000274181365967e-01,4.800000190734863281e-01,8.150000572204589844e-01,4.500000178813934326e-01,-8.000000566244125366e-02,-3.020000159740447998e-01,-3.170000016689300537e-01,-2.020000070333480835e-01,-4.200000315904617310e-02,1.000000020040877343e+20,1.000000020040877343e+20,-5.500000119209289551e-01,-6.200000047683715820e-01,-6.300000548362731934e-01,-5.270000100135803223e-01,-4.150000214576721191e-01,1.000000020040877343e+20,1.000000020040877343e+20,1.000000020040877343e+20,1.000000020040877343e+20,1.000000020040877343e+20,-1.167000055313110352e+00,1.000000020040877343e+20,1.000000020040877343e+20,1.000000020040877343e+20,1.000000020040877343e+20,1.000000020040877343e+20,1.000000020040877343e+20,1.000000020040877343e+20,1.000000020040877343e+20,1.000000020040877343e+20,1.000000020040877343e+20,1.000000020040877343e+20,1.000000020040877343e+20,1.000000020040877343e+20,1.000000020040877343e+20,1.000000020040877343e+20,1.000000020040877343e+20,1.000000020040877343e+20,1.000000020040877343e+20,1.000000020040877343e+20,1.000000020040877343e+20,1.000000020040877343e+20,1.000000020040877343e+20,1.000000020040877343e+20,1.000000020040877343e+20,1.000000020040877343e+20,1.000000020040877343e+20,1.000000020040877343e+20,1.000000020040877343e+20,1.000000020040877343e+20,1.000000020040877343e+20,1.000000020040877343e+20,1.000000020040877343e+20,1.000000020040877343e+20,1.000000020040877343e+20,1.000000020040877343e+20,1.000000020040877343e+20,1.000000020040877343e+20,1.000000020040877343e+20,1.000000020040877343e+20,1.000000020040877343e+20,1.000000020040877343e+20,1.000000020040877343e+20,1.000000020040877343e+20,1.000000020040877343e+20,1.000000020040877343e+20,1.000000020040877343e+20,1.000000020040877343e+20,1.000000020040877343e+20,1.000000020040877343e+20,1.000000020040877343e+20,1.000000020040877343e+20,1.000000020040877343e+20,1.000000020040877343e+20,1.000000020040877343e+20,1.000000020040877343e+20,1.000000020040877343e+20,1.000000020040877343e+20,1.000000020040877343e+20,1.000000020040877343e+20,1.000000020040877343e+20,1.000000020040877343e+20,1.000000020040877343e+20,1.000000020040877343e+20,1.000000020040877343e+20,1.000000020040877343e+20,1.000000020040877343e+20,1.000000020040877343e+20,1.000000020040877343e+20,1.000000020040877343e+20,1.000000020040877343e+20,1.000000020040877343e+20,1.000000020040877343e+20,1.000000020040877343e+20,1.000000020040877343e+20,1.000000020040877343e+20,1.000000020040877343e+20,1.000000020040877343e+20,1.000000020040877343e+20,1.000000020040877343e+20,1.000000020040877343e+20,1.000000020040877343e+20,1.000000020040877343e+20,1.000000020040877343e+20,1.000000020040877343e+20,1.000000020040877343e+20,1.000000020040877343e+20,1.000000020040877343e+20,1.000000020040877343e+20,1.000000020040877343e+20,1.000000020040877343e+20,1.000000020040877343e+20,1.000000020040877343e+20,1.000000020040877343e+20,1.000000020040877343e+20,-7.650000452995300293e-01,-8.470000624656677246e-01,-9.020000696182250977e-01,1.000000020040877343e+20,1.000000020040877343e+20,1.000000020040877343e+20,1.000000020040877343e+20,1.000000020040877343e+20,1.000000020040877343e+20,1.000000020040877343e+20,-1.282000064849853516e+00,-1.337000012397766113e+00,-1.407000064849853516e+00,-1.435000061988830566e+00,-1.332000017166137695e+00,-1.297000050544738770e+00,-1.235000014305114746e+00,-1.085000038146972656e+00,-9.300000667572021484e-01,-8.120000362396240234e-01,-6.150000095367431641e-01,-2.000000029802322388e-01,1.780000030994415283e-01,1.900000125169754028e-01,4.300000146031379700e-02,8.800000697374343872e-02,2.300000190734863281e-02,3.280000090599060059e-01,7.580000162124633789e-01,1.000000020040877343e+20,1.000000020040877343e+20,1.000000020040877343e+20,1.000000020040877343e+20,1.000000020040877343e+20,1.000000020040877343e+20,1.000000020040877343e+20,1.000000020040877343e+20,1.000000020040877343e+20,1.000000020040877343e+20,1.000000020040877343e+20,1.000000020040877343e+20,1.000000020040877343e+20,1.000000020040877343e+20,1.000000020040877343e+20,1.000000020040877343e+20,1.000000020040877343e+20,1.000000020040877343e+20,1.000000020040877343e+20,1.000000020040877343e+20,1.000000020040877343e+20,1.000000020040877343e+20,1.000000020040877343e+20,5.180000066757202148e-01,5.850000381469726562e-01,5.780000090599060059e-01,5.100000500679016113e-01,5.550000071525573730e-01,6.080000400543212891e-01,7.080000042915344238e-01,1.000000020040877343e+20,1.000000020040877343e+20,1.000000020040877343e+20,1.000000020040877343e+20,1.000000020040877343e+20,1.000000020040877343e+20,1.000000020040877343e+20,-1.469999998807907104e-01,1.000000020040877343e+20,1.000000020040877343e+20,1.000000020040877343e+20,1.000000020040877343e+20,-6.800000071525573730e-01,-7.450000643730163574e-01,-7.170000076293945312e-01,-6.770000457763671875e-01,-8.370000123977661133e-01,-1.023000001907348633e+00,-9.320000410079956055e-01,1.000000020040877343e+20,1.000000020040877343e+20,1.000000020040877343e+20,1.000000020040877343e+20,1.000000020040877343e+20,1.000000020040877343e+20,1.000000020040877343e+20,1.000000020040877343e+20,1.000000020040877343e+20,1.000000020040877343e+20,1.000000020040877343e+20,-5.970000028610229492e-01,4.800000041723251343e-02,-2.450000047683715820e-01,-5.100000500679016113e-01,-7.200000286102294922e-01,1.000000020040877343e+20,-1.045000076293945312e+00,-1.052000045776367188e+00,1.000000020040877343e+20,1.000000020040877343e+20,1.000000020040877343e+20,1.000000020040877343e+20,-1.535000085830688477e+00,-1.607000112533569336e+00,-1.685000061988830566e+00,-1.777000069618225098e+00,-1.702000021934509277e+00,-1.547000050544738770e+00,1.000000020040877343e+20,1.000000020040877343e+20,1.000000020040877343e+20,-4.320000112056732178e-01,-8.000000119209289551e-01,-9.200000166893005371e-01,-6.200000047683715820e-01,-7.550000548362731934e-01,1.000000020040877343e+20,1.000000020040877343e+20,1.000000020040877343e+20,1.000000020040877343e+20,1.000000020040877343e+20,1.000000020040877343e+20,1.000000020040877343e+20,1.000000020040877343e+20,1.000000020040877343e+20,-1.152000069618225098e+00,-7.170000076293945312e-01,-8.520000576972961426e-01,-9.450000524520874023e-01,-9.800000190734863281e-01,-1.052000045776367188e+00,-1.055000066757202148e+00,-8.200000524520874023e-01,-3.070000112056732178e-01,4.380000233650207520e-01,1.068000078201293945e+00,1.245000004768371582e+00,1.330000042915344238e+00,1.555000066757202148e+00,1.000000020040877343e+20,2.065000057220458984e+00,2.218000173568725586e+00,1.000000020040877343e+20,1.000000020040877343e+20,1.000000020040877343e+20,1.000000020040877343e+20,1.000000020040877343e+20,1.000000020040877343e+20,1.000000020040877343e+20,1.000000020040877343e+20,1.000000020040877343e+20,1.000000020040877343e+20,1.000000020040877343e+20,1.000000020040877343e+20,1.000000020040877343e+20,1.000000020040877343e+20,1.000000020040877343e+20,1.000000020040877343e+20,1.000000020040877343e+20,1.000000020040877343e+20,1.000000020040877343e+20,1.000000020040877343e+20,1.000000020040877343e+20,1.000000020040877343e+20,1.000000020040877343e+20,1.000000020040877343e+20,1.000000020040877343e+20,1.000000020040877343e+20,1.000000020040877343e+20,-1.047000050544738770e+00,-8.370000123977661133e-01,-5.070000290870666504e-01,1.630000025033950806e-01,7.180000543594360352e-01,1.088000059127807617e+00,1.420000076293945312e+00,1.758000135421752930e+00,2.038000106811523438e+00,2.263000011444091797e+00,2.423000097274780273e+00,2.550000190734863281e+00,2.715000152587890625e+00,2.925000190734863281e+00,3.160000085830688477e+00,3.433000087738037109e+00,3.840000152587890625e+00,4.298000335693359375e+00,4.763000011444091797e+00,5.235000133514404297e+00,5.658000469207763672e+00,6.035000324249267578e+00,6.300000190734863281e+00,6.580000400543212891e+00
7.413000583648681641e+00,7.723000526428222656e+00,7.760000228881835938e+00,7.743000507354736328e+00,7.668000221252441406e+00,7.585000514984130859e+00,7.525000572204589844e+00,7.538000583648681641e+00,7.548000335693359375e+00,7.600000381469726562e+00,7.643000125885009766e+00,7.653000354766845703e+00,7.653000354766845703e+00,7.693000316619873047e+00,7.698000431060791016e+00,7.503000259399414062e+00,7.395000457763671875e+00,1.000000020040877343e+20,1.000000020040877343e+20,1.000000020040877343e+20,1.000000020040877343e+20,1.000000020040877343e+20,1.000000020040877343e+20,1.000000020040877343e+20,1.000000020040877343e+20,1.000000020040877343e+20,1.000000020040877343e+20,1.000000020040877343e+20,1.000000020040877343e+20,1.000000020040877343e+20,1.000000020040877343e+20,1.000000020040877343e+20,1.000000020040877343e+20,1.000000020040877343e+20,1.000000020040877343e+20,1.000000020040877343e+20,1.000000020040877343e+20,1.000000020040877343e+20,3.055000066757202148e+00,2.815000057220458984e+00,2.648000240325927734e+00,2.515000104904174805e+00,2.303000211715698242e+00,2.118000030517578125e+00,1.588000059127807617e+00,1.275000095367431641e+00,1.230000019073486328e+00,1.080000042915344238e+00,8.100000619888305664e-01,6.730000376701354980e-01,4.480000138282775879e-01,2.930000126361846924e-01,1.000000020040877343e+20,1.000000020040877343e+20,6.100000143051147461e-01,1.000000020040877343e+20,1.000000020040877343e+20,1.000000020040877343e+20,1.000000020040877343e+20,1.000000020040877343e+20,1.000000020040877343e+20,1.000000020040877343e+20,1.000000020040877343e+20,1.000000020040877343e+20,1.000000020040877343e+20,1.000000020040877343e+20,1.000000020040877343e+20,1.000000020040877343e+20,-1.145000100135803223e+00,1.000000020040877343e+20,1.000000020040877343e+20,1.000000020040877343e+20,1.000000020040877343e+20,-1.192000031471252441e+00,1.000000020040877343e+20,1.000000020040877343e+20,1.000000020040877343e+20,1.000000020040877343e+20,1.000000020040877343e+20,1.000000020040877343e+20,1.000000020040877343e+20,1.000000020040877343e+20,1.000000020040877343e+20,1.000000020040877343e+20,1.000000020040877343e+20,1.000000020040877343e+20,1.000000020040877343e+20,1.000000020040877343e+20,1.000000020040877343e+20,1.000000020040877343e+20,1.000000020040877343e+20,1.000000020040877343e+20,1.000000020040877343e+20,1.000000020040877343e+20,1.000000020040877343e+20,1.000000020040877343e+20,1.000000020040877343e+20,1.000000020040877343e+20,1.000000020040877343e+20,1.000000020040877343e+20,1.000000020040877343e+20,1.000000020040877343e+20,1.000000020040877343e+20,1.000000020040877343e+20,1.000000020040877343e+20,1.000000020040877343e+20,1.000000020040877343e+20,1.000000020040877343e+20,1.000000020040877343e+20,1.000000020040877343e+20,1.000000020040877343e+20,1.000000020040877343e+20,1.000000020040877343e+20,1.000000020040877343e+20,1.000000020040877343e+20,1.000000020040877343e+20,1.000000020040877343e+20,1.000000020040877343e+20,1.000000020040877343e+20,1.000000020040877343e+20,1.000000020040877343e+20,1.000000020040877343e+20,1.000000020040877343e+20,1.000000020040877343e+20,1.000000020040877343e+20,1.000000020040877343e+20,1.000000020040877343e+20,1.000000020040877343e+20,1.000000020040877343e+20,1.000000020040877343e+20,1.000000020040877343e+20,1.000000020040877343e+20,1.000000020040877343e+20,1.000000020040877343e+20,1.000000020040877343e+20,1.000000020040877343e+20,1.000000020040877343e+20,1.000000020040877343e+20,1.000000020040877343e+20,1.000000020040877343e+20,1.000000020040877343e+20,1.000000020040877343e+20,1.000000020040877343e+20,1.000000020040877343e+20,1.000000020040877343e+20,1.000000020040877343e+20,1.000000020040877343e+20,1.000000020040877343e+20,1.000000020040877343e+20,1.000000020040877343e+20,1.000000020040877343e+20,1.000000020040877343e+20,1.000000020040877343e+20,1.000000020040877343e+20,1.000000020040877343e+20,1.000000020040877343e+20,1.000000020040877343e+20,1.000000020040877343e+20,1.000000020040877343e+20,1.000000020040877343e+20,1.000000020040877343e+20,1.000000020040877343e+20,1.000000020040877343e+20,1.000000020040877343e+20,1.000000020040877343e+20,1.000000020040877343e+20,1.000000020040877343e+20,1.000000020040877343e+20,1.000000020040877343e+20,1.000000020040877343e+20,1.000000020040877343e+20,1.000000020040877343e+20,1.000000020040877343e+20,1.000000020040877343e+20,1.000000020040877343e+20,1.000000020040877343e+20,1.000000020040877343e+20,1.000000020040877343e+20,1.000000020040877343e+20,1.000000020040877343e+20,1.000000020040877343e+20,1.000000020040877343e+20,-1.117000102996826172e+00,-1.105000019073486328e+00,-1.065000057220458984e+00,-8.270000219345092773e-01,-7.120000123977661133e-01,-5.970000028610229492e-01,-3.170000016689300537e-01,3.600000143051147461e-01,9.350000619888305664e-01,9.050000309944152832e-01,6.400000452995300293e-01,6.230000257492065430e-01,1.000000020040877343e+20,1.000000020040877343e+20,1.000000020040877343e+20,1.000000020040877343e+20,1.000000020040877343e+20,1.000000020040877343e+20,1.000000020040877343e+20,1.000000020040877343e+20,1.000000020040877343e+20,1.000000020040877343e+20,1.000000020040877343e+20,1.000000020040877343e+20,1.000000020040877343e+20,1.000000020040877343e+20,1.000000020040877343e+20,1.000000020040877343e+20,1.000000020040877343e+20,1.000000020040877343e+20,1.000000020040877343e+20,1.000000020040877343e+20,1.000000020040877343e+20,1.000000020040877343e+20,1.000000020040877343e+20,1.000000020040877343e+20,1.000000020040877343e+20,1.000000020040877343e+20,1.000000020040877343e+20,1.000000020040877343e+20,1.000000020040877343e+20,1.000000020040877343e+20,1.000000020040877343e+20,1.000000020040877343e+20,1.000000020040877343e+20,1.000000020040877343e+20,1.000000020040877343e+20,1.000000020040877343e+20,1.000000020040877343e+20,1.000000020040877343e+20,1.000000020040877343e+20,1.000000020040877343e+20,1.000000020040877343e+20,1.000000020040877343e+20,1.000000020040877343e+20,1.000000020040877343e+20,1.000000020040877343e+20,1.000000020040877343e+20,1.000000020040877343e+20,1.000000020040877343e+20,1.000000020040877343e+20,1.000000020040877343e+20,1.000000020040877343e+20,-9.100000262260437012e-01,-8.220000267028808594e-01,-8.150000572204589844e-01,-8.200000524520874023e-01,-9.150000214576721191e-01,-9.470000267028808594e-01,-9.270000457763671875e-01,-1.065000057220458984e+00,-1.120000004768371582e+00,-9.570000171661376953e-01,-6.900000572204589844e-01,-5.049999952316284180e-01,-5.000000000000000000e-01,-6.400000452995300293e-01,-7.150000333786010742e-01,-7.770000100135803223e-01,-8.170000314712524414e-01,1.000000020040877343e+20,1.000000020040877343e+20,-1.027000069618225098e+00,-9.800000190734863281e-01,1.000000020040877343e+20,1.000000020040877343e+20,1.000000020040877343e+20,1.000000020040877343e+20,1.000000020040877343e+20,1.000000020040877343e+20,-1.537000060081481934e+00,-1.520000100135803223e+00,1.000000020040877343e+20,1.000000020040877343e+20,1.000000020040877343e+20,1.000000020040877343e+20,-7.620000243186950684e-01,-7.320000529289245605e-01,-5.300000309944152832e-01,-5.300000309944152832e-01,-8.400000333786010742e-01,-1.167000055313110352e+00,-1.285000085830688477e+00,1.000000020040877343e+20,1.000000020040877343e+20,1.000000020040877343e+20,1.000000020040877343e+20,1.000000020040877343e+20,1.000000020040877343e+20,1.000000020040877343e+20,-9.220000505447387695e-01,-9.170000553131103516e-01,-9.900000691413879395e-01,-1.145000100135803223e+00,-1.195000052452087402e+00,-1.227000117301940918e+00,-1.125000000000000000e+00,-7.900000214576721191e-01,-2.520000040531158447e-01,4.430000185966491699e-01,1.138000011444091797e+00,1.403000116348266602e+00,1.203000068664550781e+00,1.438000082969665527e+00,2.009999990463256836e+00,2.553000211715698242e+00,2.613000154495239258e+00,1.000000020040877343e+20,1.000000020040877343e+20,1.000000020040877343e+20,1.000000020040877343e+20,1.000000020040877343e+20,1.000000020040877343e+20,1.000000020040877343e+20,1.000000020040877343e+20,1.000000020040877343e+20,1.000000020040877343e+20,1.000000020040877343e+20,1.000000020040877343e+20,1.000000020040877343e+20,1.000000020040877343e+20,1.000000020040877343e+20,1.000000020040877343e+20,1.000000020040877343e+20,1.000000020040877343e+20,1.000000020040877343e+20,1.000000020040877343e+20,1.000000020040877343e+20,1.000000020040877343e+20,9.300000220537185669e-02,5.500000342726707458e-02,2.050000131130218506e-01,4.480000138282775879e-01,7.000000476837158203e-01,3.930000066757202148e-01,6.600000262260437012e-01,1.145000100135803223e+00,1.678000092506408691e+00,1.955000042915344238e+00,2.120000123977661133e+00,2.295000076293945312e+00,2.478000164031982422e+00,2.658000230789184570e+00,2.780000209808349609e+00,2.805000066757202148e+00,2.883000135421752930e+00,3.015000104904174805e+00,3.218000173568725586e+00,3.435000181198120117e+00,3.783000230789184570e+00,4.245000362396240234e+00,4.735000133514404297e+00,5.260000228881835938e+00,5.748000144958496094e+00,6.175000190734863281e+00,6.570000171661376953e+00,6.845000267028808594e+00,7.135000228881835938e+00
7.900000572204589844e+00,8.208000183105468750e+00,8.190000534057617188e+00,8.103000640869140625e+00,7.978000164031982422e+00,7.880000591278076172e+00,7.853000164031982422e+00,7.835000514984130859e+00,7.888000488281250000e+00,7.935000419616699219e+00,7.953000545501708984e+00,7.953000545501708984e+00,7.928000450134277344e+00,7.923000335693359375e+00,7.895000457763671875e+00,1.000000020040877343e+20,1.000000020040877343e+20,1.000000020040877343e+20,1.000000020040877343e+20,1.000000020040877343e+20,1.000000020040877343e+20,1.000000020040877343e+20,1.000000020040877343e+20,1.000000020040877343e+20,1.000000020040877343e+20,1.000000020040877343e+20,1.000000020040877343e+20,1.000000020040877343e+20,1.000000020040877343e+20,1.000000020040877343e+20,1.000000020040877343e+20,1.000000020040877343e+20,1.000000020040877343e+20,1.000000020040877343e+20,1.000000020040877343e+20,1.000000020040877343e+20,1.000000020040877343e+20,1.000000020040877343e+20,1.000000020040877343e+20,1.000000020040877343e+20,1.000000020040877343e+20,2.578000068664550781e+00,2.338000059127807617e+00,2.280000209808349609e+00,1.000000020040877343e+20,1.203000068664550781e+00,1.098000049591064453e+00,9.350000619888305664e-01,1.000000020040877343e+20,1.000000020040877343e+20,1.000000020040877343e+20,1.000000020040877343e+20,1.000000020040877343e+20,1.000000020040877343e+20,1.000000020040877343e+20,1.000000020040877343e+20,1.000000020040877343e+20,1.000000020040877343e+20,1.000000020040877343e+20,1.000000020040877343e+20,1.000000020040877343e+20,1.000000020040877343e+20,1.000000020040877343e+20,1.000000020040877343e+20,1.000000020040877343e+20,1.000000020040877343e+20,1.000000020040877343e+20,1.000000020040877343e+20,1.000000020040877343e+20,1.000000020040877343e+20,1.000000020040877343e+20,1.000000020040877343e+20,-8.570000529289245605e-01,-1.232000112533569336e+00,1.000000020040877343e+20,1.000000020040877343e+20,1.000000020040877343e+20,1.000000020040877343e+20,1.000000020040877343e+20,1.000000020040877343e+20,1.000000020040877343e+20,1.000000020040877343e+20,1.000000020040877343e+20,1.000000020040877343e+20,1.000000020040877343e+20,1.000000020040877343e+20,1.000000020040877343e+20,1.000000020040877343e+20,1.000000020040877343e+20,1.000000020040877343e+20,1.000000020040877343e+20,1.000000020040877343e+20,1.000000020040877343e+20,1.000000020040877343e+20,1.000000020040877343e+20,1.000000020040877343e+20,1.000000020040877343e+20,1.000000020040877343e+20,1.000000020040877343e+20,1.000000020040877343e+20,1.000000020040877343e+20,1.000000020040877343e+20,1.000000020040877343e+20,1.000000020040877343e+20,1.000000020040877343e+20,1.000000020040877343e+20,1.000000020040877343e+20,1.000000020040877343e+20,1.000000020040877343e+20,1.000000020040877343e+20,1.000000020040877343e+20,1.000000020040877343e+20,1.000000020040877343e+20,1.000000020040877343e+20,1.000000020040877343e+20,1.000000020040877343e+20,1.000000020040877343e+20,1.000000020040877343e+20,1.000000020040877343e+20,1.000000020040877343e+20,1.000000020040877343e+20,1.000000020040877343e+20,1.000000020040877343e+20,1.000000020040877343e+20,1.000000020040877343e+20,1.000000020040877343e+20,1.000000020040877343e+20,1.000000020040877343e+20,1.000000020040877343e+20,1.000000020040877343e+20,1.000000020040877343e+20,1.000000020040877343e+20,1.000000020040877343e+20,1.000000020040877343e+20,1.000000020040877343e+20,1.000000020040877343e+20,1.000000020040877343e+20,1.000000020040877343e+20,1.000000020040877343e+20,1.000000020040877343e+20,1.000000020040877343e+20,1.000000020040877343e+20,1.000000020040877343e+20,1.000000020040877343e+20,1.000000020040877343e+20,1.000000020040877343e+20,1.000000020040877343e+20,1.000000020040877343e+20,1.000000020040877343e+20,1.000000020040877343e+20,1.000000020040877343e+20,1.000000020040877343e+20,1.000000020040877343e+20,1.000000020040877343e+20,1.000000020040877343e+20,1.000000020040877343e+20,1.000000020040877343e+20,1.000000020040877343e+20,1.000000020040877343e+20,1.000000020040877343e+20,1.000000020040877343e+20,1.000000020040877343e+20,1.000000020040877343e+20,1.000000020040877343e+20,1.000000020040877343e+20,1.000000020040877343e+20,1.000000020040877343e+20,1.000000020040877343e+20,1.000000020040877343e+20,1.000000020040877343e+20,1.000000020040877343e+20,1.000000020040877343e+20,1.000000020040877343e+20,1.000000020040877343e+20,1.000000020040877343e+20,1.000000020040877343e+20,1.000000020040877343e+20,1.000000020040877343e+20,1.000000020040877343e+20,1.000000020040877343e+20,1.000000020040877343e+20,1.000000020040877343e+20,1.000000020040877343e+20,1.000000020040877343e+20,1.000000020040877343e+20,-4.570000171661376953e-01,-3.970000147819519043e-01,-3.070000112056732178e-01,-4.000000283122062683e-02,5.800000429153442383e-01,9.800000190734863281e-01,1.128000020980834961e+00,1.030000090599060059e+00,8.630000352859497070e-01,9.380000233650207520e-01,9.630000591278076172e-01,1.000000020040877343e+20,1.000000020040877343e+20,1.000000020040877343e+20,1.000000020040877343e+20,1.000000020040877343e+20,1.000000020040877343e+20,1.000000020040877343e+20,1.000000020040877343e+20,1.000000020040877343e+20,1.000000020040877343e+20,1.000000020040877343e+20,1.000000020040877343e+20,1.000000020040877343e+20,1.000000020040877343e+20,1.000000020040877343e+20,1.000000020040877343e+20,1.000000020040877343e+20,1.000000020040877343e+20,1.000000020040877343e+20,1.000000020040877343e+20,1.000000020040877343e+20,1.000000020040877343e+20,1.000000020040877343e+20,1.000000020040877343e+20,1.000000020040877343e+20,1.000000020040877343e+20,1.000000020040877343e+20,1.000000020040877343e+20,1.000000020040877343e+20,1.000000020040877343e+20,1.000000020040877343e+20,1.000000020040877343e+20,1.000000020040877343e+20,1.000000020040877343e+20,1.000000020040877343e+20,1.000000020040877343e+20,1.000000020040877343e+20,1.000000020040877343e+20,1.000000020040877343e+20,1.000000020040877343e+20,1.000000020040877343e+20,1.000000020040877343e+20,1.000000020040877343e+20,1.000000020040877343e+20,1.000000020040877343e+20,1.000000020040877343e+20,1.000000020040877343e+20,1.000000020040877343e+20,1.000000020040877343e+20,-8.820000290870666504e-01,-8.320000171661376953e-01,-8.020000457763671875e-01,-8.250000476837158203e-01,1.000000020040877343e+20,1.000000020040877343e+20,1.000000020040877343e+20,1.000000020040877343e+20,1.000000020040877343e+20,1.000000020040877343e+20,1.000000020040877343e+20,1.000000020040877343e+20,1.000000020040877343e+20,1.000000020040877343e+20,1.000000020040877343e+20,1.000000020040877343e+20,1.000000020040877343e+20,1.000000020040877343e+20,1.000000020040877343e+20,1.000000020040877343e+20,1.000000020040877343e+20,1.000000020040877343e+20,1.000000020040877343e+20,1.000000020040877343e+20,1.000000020040877343e+20,1.000000020040877343e+20,1.000000020040877343e+20,-1.357000112533569336e+00,1.000000020040877343e+20,1.000000020040877343e+20,1.000000020040877343e+20,1.000000020040877343e+20,1.000000020040877343e+20,-8.850000500679016113e-01,-7.370000481605529785e-01,-8.370000123977661133e-01,-1.032000064849853516e+00,-1.185000061988830566e+00,-1.410000085830688477e+00,-1.440000057220458984e+00,-1.502000093460083008e+00,-1.647000074386596680e+00,1.000000020040877343e+20,1.000000020040877343e+20,1.000000020040877343e+20,1.000000020040877343e+20,1.000000020040877343e+20,1.000000020040877343e+20,1.000000020040877343e+20,1.000000020040877343e+20,-1.327000021934509277e+00,-1.355000019073486328e+00,-1.297000050544738770e+00,-1.085000038146972656e+00,-6.050000190734863281e-01,-3.500000014901161194e-02,6.150000095367431641e-01,1.325000047683715820e+00,1.673000097274780273e+00,1.583000063896179199e+00,1.748000025749206543e+00,2.208000183105468750e+00,1.000000020040877343e+20,1.000000020040877343e+20,1.000000020040877343e+20,1.000000020040877343e+20,1.000000020040877343e+20,1.000000020040877343e+20,1.000000020040877343e+20,1.000000020040877343e+20,1.000000020040877343e+20,1.000000020040877343e+20,1.000000020040877343e+20,1.000000020040877343e+20,1.000000020040877343e+20,1.000000020040877343e+20,1.000000020040877343e+20,1.000000020040877343e+20,1.000000020040877343e+20,1.000000020040877343e+20,1.000000020040877343e+20,1.000000020040877343e+20,1.493000030517578125e+00,1.810000061988830566e+00,1.958000063896179199e+00,1.990000128746032715e+00,1.608000040054321289e+00,1.955000042915344238e+00,2.388000011444091797e+00,2.833000183105468750e+00,3.160000085830688477e+00,3.175000190734863281e+00,3.325000047683715820e+00,3.455000162124633789e+00,3.570000171661376953e+00,3.548000097274780273e+00,3.438000202178955078e+00,3.358000278472900391e+00,3.358000278472900391e+00,3.380000114440917969e+00,3.370000123977661133e+00,3.338000059127807617e+00,3.365000247955322266e+00,3.465000152587890625e+00,3.570000171661376953e+00,3.745000123977661133e+00,4.083000183105468750e+00,4.508000373840332031e+00,5.028000354766845703e+00,5.583000183105468750e+00,6.115000247955322266e+00,6.545000076293945312e+00,6.940000534057617188e+00,7.255000114440917969e+00,7.595000267028808594e+00
8.208000183105468750e+00,8.518000602722167969e+00,8.503000259399414062e+00,8.438000679016113281e+00,8.375000000000000000e+00,8.322999954223632812e+00,8.315000534057617188e+00,8.335000038146972656e+00,8.355000495910644531e+00,8.363000869750976562e+00,8.365000724792480469e+00,8.278000831604003906e+00,8.148000717163085938e+00,8.105000495910644531e+00,1.000000020040877343e+20,1.000000020040877343e+20,1.000000020040877343e+20,1.000000020040877343e+20,1.000000020040877343e+20,1.000000020040877343e+20,1.000000020040877343e+20,1.000000020040877343e+20,1.000000020040877343e+20,1.000000020040877343e+20,1.000000020040877343e+20,1.000000020040877343e+20,1.000000020040877343e+20,1.000000020040877343e+20,1.000000020040877343e+20,1.000000020040877343e+20,1.000000020040877343e+20,1.000000020040877343e+20,1.000000020040877343e+20,1.000000020040877343e+20,3.985000133514404297e+00,3.563000202178955078e+00,1.000000020040877343e+20,1.000000020040877343e+20,1.000000020040877343e+20,1.000000020040877343e+20,2.655000209808349609e+00,2.323000192642211914e+00,2.078000068664550781e+00,2.155000209808349609e+00,1.000000020040877343e+20,1.000000020040877343e+20,1.000000020040877343e+20,1.000000020040877343e+20,1.000000020040877343e+20,1.000000020040877343e+20,1.000000020040877343e+20,1.000000020040877343e+20,1.000000020040877343e+20,1.000000020040877343e+20,1.000000020040877343e+20,1.000000020040877343e+20,1.000000020040877343e+20,1.000000020040877343e+20,1.000000020040877343e+20,1.000000020040877343e+20,1.000000020040877343e+20,1.000000020040877343e+20,1.000000020040877343e+20,1.000000020040877343e+20,1.000000020040877343e+20,1.000000020040877343e+20,1.000000020040877343e+20,1.000000020040877343e+20,1.000000020040877343e+20,1.000000020040877343e+20,1.000000020040877343e+20,1.000000020040877343e+20,-8.050000667572021484e-01,1.000000020040877343e+20,1.000000020040877343e+20,1.000000020040877343e+20,1.000000020040877343e+20,1.000000020040877343e+20,1.000000020040877343e+20,1.000000020040877343e+20,1.000000020040877343e+20,1.000000020040877343e+20,1.000000020040877343e+20,1.000000020040877343e+20,1.000000020040877343e+20,1.000000020040877343e+20,1.000000020040877343e+20,1.000000020040877343e+20,1.000000020040877343e+20,1.000000020040877343e+20,1.000000020040877343e+20,1.000000020040877343e+20,1.000000020040877343e+20,1.000000020040877343e+20,1.000000020040877343e+20,1.000000020040877343e+20,1.000000020040877343e+20,1.000000020040877343e+20,1.000000020040877343e+20,1.000000020040877343e+20,1.000000020040877343e+20,1.000000020040877343e+20,1.000000020040877343e+20,1.000000020040877343e+20,1.000000020040877343e+20,1.000000020040877343e+20,1.000000020040877343e+20,1.000000020040877343e+20,1.000000020040877343e+20,1.000000020040877343e+20,1.000000020040877343e+20,1.000000020040877343e+20,1.000000020040877343e+20,1.000000020040877343e+20,1.000000020040877343e+20,1.000000020040877343e+20,1.000000020040877343e+20,1.000000020040877343e+20,1.000000020040877343e+20,1.000000020040877343e+20,1.000000020040877343e+20,1.000000020040877343e+20,1.000000020040877343e+20,1.000000020040877343e+20,1.000000020040877343e+20,1.000000020040877343e+20,1.000000020040877343e+20,1.000000020040877343e+20,1.000000020040877343e+20,1.000000020040877343e+20,1.000000020040877343e+20,1.000000020040877343e+20,1.000000020040877343e+20,1.000000020040877343e+20,1.000000020040877343e+20,1.000000020040877343e+20,1.000000020040877343e+20,1.000000020040877343e+20,1.000000020040877343e+20,1.000000020040877343e+20,1.000000020040877343e+20,1.000000020040877343e+20,1.000000020040877343e+20,1.000000020040877343e+20,1.000000020040877343e+20,1.000000020040877343e+20,1.000000020040877343e+20,1.000000020040877343e+20,1.000000020040877343e+20,1.000000020040877343e+20,1.000000020040877343e+20,1.000000020040877343e+20,1.000000020040877343e+20,1.000000020040877343e+20,1.000000020040877343e+20,1.000000020040877343e+20,1.000000020040877343e+20,1.000000020040877343e+20,1.000000020040877343e+20,1.000000020040877343e+20,1.000000020040877343e+20,1.000000020040877343e+20,1.000000020040877343e+20,1.000000020040877343e+20,1.000000020040877343e+20,1.000000020040877343e+20,1.000000020040877343e+20,1.000000020040877343e+20,1.000000020040877343e+20,1.000000020040877343e+20,1.000000020040877343e+20,1.000000020040877343e+20,1.000000020040877343e+20,1.000000020040877343e+20,1.000000020040877343e+20,1.000000020040877343e+20,1.000000020040877343e+20,1.000000020040877343e+20,1.000000020040877343e+20,1.000000020040877343e+20,1.000000020040877343e+20,1.000000020040877343e+20,1.000000020040877343e+20,1.000000020040877343e+20,1.000000020040877343e+20,1.000000020040877343e+20,1.000000020040877343e+20,1.000000020040877343e+20,1.000000020040877343e+20,1.073000073432922363e+00,9.230000376701354980e-01,1.203000068664550781e+00,1.443000078201293945e+00,1.220000028610229492e+00,8.300000429153442383e-01,4.680000245571136475e-01,4.500000178813934326e-02,-5.000000074505805969e-02,1.000000020040877343e+20,1.000000020040877343e+20,1.000000020040877343e+20,1.000000020040877343e+20,1.000000020040877343e+20,1.000000020040877343e+20,1.000000020040877343e+20,1.000000020040877343e+20,1.000000020040877343e+20,1.000000020040877343e+20,1.000000020040877343e+20,1.000000020040877343e+20,1.000000020040877343e+20,1.000000020040877343e+20,1.000000020040877343e+20,1.000000020040877343e+20,1.000000020040877343e+20,1.000000020040877343e+20,1.000000020040877343e+20,1.000000020040877343e+20,1.000000020040877343e+20,1.000000020040877343e+20,1.000000020040877343e+20,1.000000020040877343e+20,1.000000020040877343e+20,1.000000020040877343e+20,1.000000020040877343e+20,1.000000020040877343e+20,1.000000020040877343e+20,1.000000020040877343e+20,1.000000020040877343e+20,1.000000020040877343e+20,1.000000020040877343e+20,1.000000020040877343e+20,1.000000020040877343e+20,1.000000020040877343e+20,1.000000020040877343e+20,1.000000020040877343e+20,1.000000020040877343e+20,1.000000020040877343e+20,1.000000020040877343e+20,1.000000020040877343e+20,1.000000020040877343e+20,1.000000020040877343e+20,1.000000020040877343e+20,1.000000020040877343e+20,1.000000020040877343e+20,1.000000020040877343e+20,1.000000020040877343e+20,1.000000020040877343e+20,1.000000020040877343e+20,1.000000020040877343e+20,1.000000020040877343e+20,1.000000020040877343e+20,1.000000020040877343e+20,1.000000020040877343e+20,1.000000020040877343e+20,1.000000020040877343e+20,1.000000020040877343e+20,1.000000020040877343e+20,1.000000020040877343e+20,1.000000020040877343e+20,1.000000020040877343e+20,1.000000020040877343e+20,1.000000020040877343e+20,1.000000020040877343e+20,1.000000020040877343e+20,1.000000020040877343e+20,1.000000020040877343e+20,1.000000020040877343e+20,1.000000020040877343e+20,1.000000020040877343e+20,1.000000020040877343e+20,1.000000020040877343e+20,1.000000020040877343e+20,1.000000020040877343e+20,1.000000020040877343e+20,-9.420000314712524414e-01,1.000000020040877343e+20,-1.235000014305114746e+00,-1.101999998092651367e+00,-9.720000624656677246e-01,-8.650000691413879395e-01,-8.270000219345092773e-01,-9.570000171661376953e-01,-1.090000033378601074e+00,-1.132000088691711426e+00,-1.287000060081481934e+00,1.000000020040877343e+20,1.000000020040877343e+20,1.000000020040877343e+20,1.000000020040877343e+20,1.000000020040877343e+20,1.000000020040877343e+20,1.000000020040877343e+20,1.000000020040877343e+20,1.000000020040877343e+20,1.000000020040877343e+20,1.000000020040877343e+20,1.000000020040877343e+20,-1.097000002861022949e+00,-5.520000457763671875e-01,1.180000081658363342e-01,9.380000233650207520e-01,1.728000044822692871e+00,2.085000038146972656e+00,2.163000106811523438e+00,2.203000068664550781e+00,2.350000143051147461e+00,1.000000020040877343e+20,1.000000020040877343e+20,1.000000020040877343e+20,1.000000020040877343e+20,1.000000020040877343e+20,1.000000020040877343e+20,1.000000020040877343e+20,1.000000020040877343e+20,1.000000020040877343e+20,1.000000020040877343e+20,1.000000020040877343e+20,1.000000020040877343e+20,1.000000020040877343e+20,1.000000020040877343e+20,1.000000020040877343e+20,1.000000020040877343e+20,1.000000020040877343e+20,1.000000020040877343e+20,3.548000097274780273e+00,3.678000211715698242e+00,3.128000259399414062e+00,3.333000183105468750e+00,3.600000143051147461e+00,3.870000123977661133e+00,4.150000095367431641e+00,4.578000068664550781e+00,5.073000431060791016e+00,5.565000057220458984e+00,5.925000190734863281e+00,5.923000335693359375e+00,5.078000068664550781e+00,4.913000106811523438e+00,4.790000438690185547e+00,4.653000354766845703e+00,4.495000362396240234e+00,4.348000049591064453e+00,4.210000038146972656e+00,4.058000087738037109e+00,3.920000076293945312e+00,4.070000171661376953e+00,3.978000164031982422e+00,3.950000286102294922e+00,3.993000268936157227e+00,4.128000259399414062e+00,4.388000011444091797e+00,4.750000000000000000e+00,5.293000221252441406e+00,5.808000087738037109e+00,6.303000450134277344e+00,6.750000476837158203e+00,7.178000450134277344e+00,7.510000228881835938e+00,7.868000507354736328e+00
8.475000381469726562e+00,8.788000106811523438e+00,8.828000068664550781e+00,8.838000297546386719e+00,8.813000679016113281e+00,8.843000411987304688e+00,8.903000831604003906e+00,8.900000572204589844e+00,8.885000228881835938e+00,8.858000755310058594e+00,8.780000686645507812e+00,8.600000381469726562e+00,1.000000020040877343e+20,1.000000020040877343e+20,1.000000020040877343e+20,1.000000020040877343e+20,1.000000020040877343e+20,1.000000020040877343e+20,1.000000020040877343e+20,1.000000020040877343e+20,1.000000020040877343e+20,1.000000020040877343e+20,4.453000068664550781e+00,4.008000373840332031e+00,3.720000267028808594e+00,1.000000020040877343e+20,1.000000020040877343e+20,1.000000020040877343e+20,1.000000020040877343e+20,1.000000020040877343e+20,1.000000020040877343e+20,1.000000020040877343e+20,1.000000020040877343e+20,1.000000020040877343e+20,1.000000020040877343e+20,3.073000192642211914e+00,2.835000038146972656e+00,3.018000125885009766e+00,2.930000066757202148e+00,2.973000049591064453e+00,1.000000020040877343e+20,1.000000020040877343e+20,1.000000020040877343e+20,1.000000020040877343e+20,1.000000020040877343e+20,1.000000020040877343e+20,1.000000020040877343e+20,1.000000020040877343e+20,1.000000020040877343e+20,1.000000020040877343e+20,1.000000020040877343e+20,1.000000020040877343e+20,1.000000020040877343e+20,1.000000020040877343e+20,1.000000020040877343e+20,1.000000020040877343e+20,1.000000020040877343e+20,1.000000020040877343e+20,1.000000020040877343e+20,1.000000020040877343e+20,1.000000020040877343e+20,1.000000020040877343e+20,1.000000020040877343e+20,1.000000020040877343e+20,1.000000020040877343e+20,1.000000020040877343e+20,1.000000020040877343e+20,1.000000020040877343e+20,1.000000020040877343e+20,1.000000020040877343e+20,1.000000020040877343e+20,1.000000020040877343e+20,1.000000020040877343e+20,1.000000020040877343e+20,1.000000020040877343e+20,1.000000020040877343e+20,1.000000020040877343e+20,1.000000020040877343e+20,1.000000020040877343e+20,1.000000020040877343e+20,1.000000020040877343e+20,1.000000020040877343e+20,1.000000020040877343e+20,1.000000020040877343e+20,1.000000020040877343e+20,1.000000020040877343e+20,1.000000020040877343e+20,1.000000020040877343e+20,1.000000020040877343e+20,1.000000020040877343e+20,1.000000020040877343e+20,1.000000020040877343e+20,1.000000020040877343e+20,1.000000020040877343e+20,1.000000020040877343e+20,1.000000020040877343e+20,1.000000020040877343e+20,1.000000020040877343e+20,1.000000020040877343e+20,1.000000020040877343e+20,1.000000020040877343e+20,1.000000020040877343e+20,1.000000020040877343e+20,1.000000020040877343e+20,1.000000020040877343e+20,1.000000020040877343e+20,1.000000020040877343e+20,1.000000020040877343e+20,1.000000020040877343e+20,1.000000020040877343e+20,1.000000020040877343e+20,1.000000020040877343e+20,1.000000020040877343e+20,1.000000020040877343e+20,1.000000020040877343e+20,1.000000020040877343e+20,1.000000020040877343e+20,1.000000020040877343e+20,1.000000020040877343e+20,1.000000020040877343e+20,1.000000020040877343e+20,1.000000020040877343e+20,1.000000020040877343e+20,1.000000020040877343e+20,1.000000020040877343e+20,1.000000020040877343e+20,1.000000020040877343e+20,1.000000020040877343e+20,1.000000020040877343e+20,1.000000020040877343e+20,1.000000020040877343e+20,1.000000020040877343e+20,1.000000020040877343e+20,1.000000020040877343e+20,1.000000020040877343e+20,1.000000020040877343e+20,1.000000020040877343e+20,1.000000020040877343e+20,1.000000020040877343e+20,1.000000020040877343e+20,1.000000020040877343e+20,1.000000020040877343e+20,1.000000020040877343e+20,1.000000020040877343e+20,1.000000020040877343e+20,1.000000020040877343e+20,1.000000020040877343e+20,1.000000020040877343e+20,1.000000020040877343e+20,1.000000020040877343e+20,1.000000020040877343e+20,1.000000020040877343e+20,1.000000020040877343e+20,1.000000020040877343e+20,1.000000020040877343e+20,1.000000020040877343e+20,1.000000020040877343e+20,1.000000020040877343e+20,1.000000020040877343e+20,1.000000020040877343e+20,1.000000020040877343e+20,1.000000020040877343e+20,1.000000020040877343e+20,1.000000020040877343e+20,1.000000020040877343e+20,1.000000020040877343e+20,1.000000020040877343e+20,1.000000020040877343e+20,1.000000020040877343e+20,1.000000020040877343e+20,1.000000020040877343e+20,1.000000020040877343e+20,1.000000020040877343e+20,1.000000020040877343e+20,1.000000020040877343e+20,1.000000020040877343e+20,1.000000020040877343e+20,1.000000020040877343e+20,1.000000020040877343e+20,1.000000020040877343e+20,1.605000019073486328e+00,1.803000092506408691e+00,1.000000020040877343e+20,1.000000020040877343e+20,1.000000020040877343e+20,1.000000020040877343e+20,1.000000020040877343e+20,1.000000020040877343e+20,1.583000063896179199e+00,1.050000071525573730e+00,1.160000085830688477e+00,1.325000047683715820e+00,1.475000023841857910e+00,1.000000020040877343e+20,1.000000020040877343e+20,1.000000020040877343e+20,1.000000020040877343e+20,1.000000020040877343e+20,1.000000020040877343e+20,1.000000020040877343e+20,1.000000020040877343e+20,1.000000020040877343e+20,1.000000020040877343e+20,1.000000020040877343e+20,1.000000020040877343e+20,1.000000020040877343e+20,1.000000020040877343e+20,1.000000020040877343e+20,1.000000020040877343e+20,1.000000020040877343e+20,1.000000020040877343e+20,1.000000020040877343e+20,1.000000020040877343e+20,1.000000020040877343e+20,1.000000020040877343e+20,1.000000020040877343e+20,1.000000020040877343e+20,1.000000020040877343e+20,1.000000020040877343e+20,1.000000020040877343e+20,1.000000020040877343e+20,1.000000020040877343e+20,1.000000020040877343e+20,1.000000020040877343e+20,1.000000020040877343e+20,1.000000020040877343e+20,1.000000020040877343e+20,1.000000020040877343e+20,1.000000020040877343e+20,1.000000020040877343e+20,1.000000020040877343e+20,1.000000020040877343e+20,1.000000020040877343e+20,1.000000020040877343e+20,1.000000020040877343e+20,1.000000020040877343e+20,1.000000020040877343e+20,1.000000020040877343e+20,1.000000020040877343e+20,1.000000020040877343e+20,1.000000020040877343e+20,1.000000020040877343e+20,1.000000020040877343e+20,1.000000020040877343e+20,1.000000020040877343e+20,1.000000020040877343e+20,1.000000020040877343e+20,1.000000020040877343e+20,1.000000020040877343e+20,1.000000020040877343e+20,1.000000020040877343e+20,1.000000020040877343e+20,1.000000020040877343e+20,1.000000020040877343e+20,1.000000020040877343e+20,1.000000020040877343e+20,1.000000020040877343e+20,1.000000020040877343e+20,1.000000020040877343e+20,1.000000020040877343e+20,1.000000020040877343e+20,1.000000020040877343e+20,1.000000020040877343e+20,1.000000020040877343e+20,1.000000020040877343e+20,1.000000020040877343e+20,1.000000020040877343e+20,1.000000020040877343e+20,1.000000020040877343e+20,1.000000020040877343e+20,1.000000020040877343e+20,1.000000020040877343e+20,1.000000020040877343e+20,-4.100000262260437012e-01,1.000000020040877343e+20,-9.300000667572021484e-01,-9.700000286102294922e-01,-1.200000047683715820e+00,-1.003000020980834961e+00,-7.750000357627868652e-01,-5.820000171661376953e-01,-6.150000095367431641e-01,-7.570000290870666504e-01,-6.970000267028808594e-01,-4.370000064373016357e-01,1.000000020040877343e+20,1.000000020040877343e+20,1.000000020040877343e+20,1.000000020040877343e+20,1.000000020040877343e+20,1.000000020040877343e+20,1.000000020040877343e+20,1.000000020040877343e+20,-7.200000286102294922e-01,-9.450000524520874023e-01,1.000000020040877343e+20,1.000000020040877343e+20,-1.330000042915344238e+00,-1.097000002861022949e+00,-5.320000052452087402e-01,3.330000042915344238e-01,1.315000057220458984e+00,2.060000181198120117e+00,2.428000211715698242e+00,2.485000133514404297e+00,2.338000059127807617e+00,2.348000049591064453e+00,2.600000143051147461e+00,1.000000020040877343e+20,1.000000020040877343e+20,1.000000020040877343e+20,1.000000020040877343e+20,1.000000020040877343e+20,1.000000020040877343e+20,1.000000020040877343e+20,1.000000020040877343e+20,1.000000020040877343e+20,1.000000020040877343e+20,1.000000020040877343e+20,1.000000020040877343e+20,2.338000059127807617e+00,2.960000038146972656e+00,3.730000257492065430e+00,4.302999973297119141e+00,4.773000240325927734e+00,4.668000221252441406e+00,4.975000381469726562e+00,5.320000171661376953e+00,5.700000286102294922e+00,6.075000286102294922e+00,6.470000267028808594e+00,6.918000221252441406e+00,7.388000488281250000e+00,7.800000190734863281e+00,8.063000679016113281e+00,8.183000564575195312e+00,8.103000640869140625e+00,1.000000020040877343e+20,1.000000020040877343e+20,1.000000020040877343e+20,1.000000020040877343e+20,1.000000020040877343e+20,1.000000020040877343e+20,1.000000020040877343e+20,1.000000020040877343e+20,1.000000020040877343e+20,5.230000019073486328e+00,5.035000324249267578e+00,4.998000144958496094e+00,4.993000030517578125e+00,5.138000011444091797e+00,5.283000469207763672e+00,5.465000152587890625e+00,5.795000076293945312e+00,6.168000221252441406e+00,6.618000507354736328e+00,7.078000545501708984e+00,7.493000507354736328e+00,7.800000190734863281e+00,8.163000106811523438e+00
8.795000076293945312e+00,9.058000564575195312e+00,9.088000297546386719e+00,9.100000381469726562e+00,9.157999992370605469e+00,9.164999961853027344e+00,9.190000534057617188e+00,9.230000495910644531e+00,9.198000907897949219e+00,9.098000526428222656e+00,9.015000343322753906e+00,1.000000020040877343e+20,1.000000020040877343e+20,1.000000020040877343e+20,1.000000020040877343e+20,1.000000020040877343e+20,1.000000020040877343e+20,1.000000020040877343e+20,1.000000020040877343e+20,1.000000020040877343e+20,1.000000020040877343e+20,5.193000316619873047e+00,4.678000450134277344e+00,4.213000297546386719e+00,3.943000078201293945e+00,1.000000020040877343e+20,1.000000020040877343e+20,1.000000020040877343e+20,1.000000020040877343e+20,1.000000020040877343e+20,1.000000020040877343e+20,1.000000020040877343e+20,1.000000020040877343e+20,1.000000020040877343e+20,1.000000020040877343e+20,3.290000200271606445e+00,3.248000144958496094e+00,1.000000020040877343e+20,1.000000020040877343e+20,1.000000020040877343e+20,1.000000020040877343e+20,1.000000020040877343e+20,1.000000020040877343e+20,1.000000020040877343e+20,1.000000020040877343e+20,1.000000020040877343e+20,1.000000020040877343e+20,1.000000020040877343e+20,1.000000020040877343e+20,1.000000020040877343e+20,1.000000020040877343e+20,1.000000020040877343e+20,1.000000020040877343e+20,1.000000020040877343e+20,1.000000020040877343e+20,1.000000020040877343e+20,1.000000020040877343e+20,1.000000020040877343e+20,1.000000020040877343e+20,1.000000020040877343e+20,1.000000020040877343e+20,1.000000020040877343e+20,1.000000020040877343e+20,1.000000020040877343e+20,1.000000020040877343e+20,1.000000020040877343e+20,1.000000020040877343e+20,1.000000020040877343e+20,1.000000020040877343e+20,1.000000020040877343e+20,1.000000020040877343e+20,1.000000020040877343e+20,1.000000020040877343e+20,1.000000020040877343e+20,1.000000020040877343e+20,1.000000020040877343e+20,1.000000020040877343e+20,1.000000020040877343e+20,1.000000020040877343e+20,1.000000020040877343e+20,1.000000020040877343e+20,1.000000020040877343e+20,1.000000020040877343e+20,1.000000020040877343e+20,1.000000020040877343e+20,1.000000020040877343e+20,1.000000020040877343e+20,1.000000020040877343e+20,1.000000020040877343e+20,1.000000020040877343e+20,1.000000020040877343e+20,1.000000020040877343e+20,1.000000020040877343e+20,1.000000020040877343e+20,1.000000020040877343e+20,1.000000020040877343e+20,1.000000020040877343e+20,1.000000020040877343e+20,1.000000020040877343e+20,1.000000020040877343e+20,1.000000020040877343e+20,1.000000020040877343e+20,1.000000020040877343e+20,1.000000020040877343e+20,1.000000020040877343e+20,1.000000020040877343e+20,1.000000020040877343e+20,1.000000020040877343e+20,1.000000020040877343e+20,1.000000020040877343e+20,1.000000020040877343e+20,1.000000020040877343e+20,1.000000020040877343e+20,1.000000020040877343e+20,1.000000020040877343e+20,1.000000020040877343e+20,1.000000020040877343e+20,1.000000020040877343e+20,1.000000020040877343e+20,1.000000020040877343e+20,1.000000020040877343e+20,1.000000020040877343e+20,1.000000020040877343e+20,1.000000020040877343e+20,1.000000020040877343e+20,1.000000020040877343e+20,1.000000020040877343e+20,1.000000020040877343e+20,1.000000020040877343e+20,1.000000020040877343e+20,1.000000020040877343e+20,1.000000020040877343e+20,1.000000020040877343e+20,1.000000020040877343e+20,1.000000020040877343e+20,1.000000020040877343e+20,1.000000020040877343e+20,1.000000020040877343e+20,1.000000020040877343e+20,1.000000020040877343e+20,1.000000020040877343e+20,1.000000020040877343e+20,1.000000020040877343e+20,1.000000020040877343e+20,1.000000020040877343e+20,1.000000020040877343e+20,1.000000020040877343e+20,1.000000020040877343e+20,1.000000020040877343e+20,1.000000020040877343e+20,1.000000020040877343e+20,1.000000020040877343e+20,1.000000020040877343e+20,1.000000020040877343e+20,1.000000020040877343e+20,1.000000020040877343e+20,1.000000020040877343e+20,1.000000020040877343e+20,1.000000020040877343e+20,1.000000020040877343e+20,1.000000020040877343e+20,1.000000020040877343e+20,1.000000020040877343e+20,1.000000020040877343e+20,1.000000020040877343e+20,1.000000020040877343e+20,1.000000020040877343e+20,1.000000020040877343e+20,1.000000020040877343e+20,1.000000020040877343e+20,1.000000020040877343e+20,1.000000020040877343e+20,1.000000020040877343e+20,1.000000020040877343e+20,1.000000020040877343e+20,1.000000020040877343e+20,1.000000020040877343e+20,1.000000020040877343e+20,1.000000020040877343e+20,1.958000063896179199e+00,1.905000090599060059e+00,2.183000087738037109e+00,2.753000020980834961e+00,2.915000200271606445e+00,3.050000190734863281e+00,3.140000104904174805e+00,2.715000152587890625e+00,2.685000181198120117e+00,2.215000152587890625e+00,1.895000100135803223e+00,1.870000123977661133e+00,1.978000044822692871e+00,2.180000066757202148e+00,2.580000162124633789e+00,2.615000009536743164e+00,2.563000202178955078e+00,2.373000144958496094e+00,2.258000135421752930e+00,2.095000028610229492e+00,1.000000020040877343e+20,1.000000020040877343e+20,1.000000020040877343e+20,1.000000020040877343e+20,1.000000020040877343e+20,1.000000020040877343e+20,1.000000020040877343e+20,1.000000020040877343e+20,1.000000020040877343e+20,1.000000020040877343e+20,1.000000020040877343e+20,1.000000020040877343e+20,1.000000020040877343e+20,1.000000020040877343e+20,1.000000020040877343e+20,1.000000020040877343e+20,1.000000020040877343e+20,1.000000020040877343e+20,1.000000020040877343e+20,1.000000020040877343e+20,1.000000020040877343e+20,1.000000020040877343e+20,1.000000020040877343e+20,1.000000020040877343e+20,1.000000020040877343e+20,1.000000020040877343e+20,1.000000020040877343e+20,1.000000020040877343e+20,1.000000020040877343e+20,1.000000020040877343e+20,1.000000020040877343e+20,1.000000020040877343e+20,1.000000020040877343e+20,1.000000020040877343e+20,1.000000020040877343e+20,1.000000020040877343e+20,1.000000020040877343e+20,1.000000020040877343e+20,1.000000020040877343e+20,1.000000020040877343e+20,1.000000020040877343e+20,1.000000020040877343e+20,1.000000020040877343e+20,1.000000020040877343e+20,1.000000020040877343e+20,1.000000020040877343e+20,1.000000020040877343e+20,1.000000020040877343e+20,1.000000020040877343e+20,1.000000020040877343e+20,1.000000020040877343e+20,1.000000020040877343e+20,1.000000020040877343e+20,1.000000020040877343e+20,1.000000020040877343e+20,1.000000020040877343e+20,1.000000020040877343e+20,1.000000020040877343e+20,1.000000020040877343e+20,1.000000020040877343e+20,1.000000020040877343e+20,1.000000020040877343e+20,1.000000020040877343e+20,1.000000020040877343e+20,1.000000020040877343e+20,1.000000020040877343e+20,1.000000020040877343e+20,1.000000020040877343e+20,1.000000020040877343e+20,1.000000020040877343e+20,1.000000020040877343e+20,1.000000020040877343e+20,1.000000020040877343e+20,3.430000245571136475e-01,3.600000143051147461e-01,1.000000020040877343e+20,1.000000020040877343e+20,1.000000020040877343e+20,1.000000020040877343e+20,-9.370000362396240234e-01,-7.450000643730163574e-01,-5.170000195503234863e-01,-4.170000255107879639e-01,1.000000020040877343e+20,1.000000020040877343e+20,-1.850000023841857910e-01,5.000000074505805969e-02,1.000000020040877343e+20,1.000000020040877343e+20,1.000000020040877343e+20,1.000000020040877343e+20,1.000000020040877343e+20,1.000000020040877343e+20,1.000000020040877343e+20,1.000000020040877343e+20,-9.900000691413879395e-01,-1.232000112533569336e+00,-1.275000095367431641e+00,-1.135000109672546387e+00,-6.220000386238098145e-01,9.800000488758087158e-02,1.025000095367431641e+00,1.880000114440917969e+00,2.565000057220458984e+00,2.913000106811523438e+00,2.883000135421752930e+00,2.573000192642211914e+00,2.363000154495239258e+00,2.500000000000000000e+00,2.500000000000000000e+00,1.000000020040877343e+20,1.000000020040877343e+20,1.000000020040877343e+20,1.000000020040877343e+20,1.000000020040877343e+20,1.000000020040877343e+20,1.000000020040877343e+20,1.000000020040877343e+20,1.000000020040877343e+20,1.000000020040877343e+20,3.523000240325927734e+00,3.358000278472900391e+00,3.853000164031982422e+00,4.488000392913818359e+00,5.125000476837158203e+00,5.688000202178955078e+00,6.233000278472900391e+00,6.745000362396240234e+00,7.205000400543212891e+00,7.613000392913818359e+00,7.938000202178955078e+00,8.305000305175781250e+00,8.725000381469726562e+00,9.075000762939453125e+00,9.318000793457031250e+00,9.398000717163085938e+00,9.435000419616699219e+00,9.365000724792480469e+00,9.798000335693359375e+00,1.000000020040877343e+20,1.000000020040877343e+20,1.000000020040877343e+20,1.000000020040877343e+20,1.000000020040877343e+20,1.000000020040877343e+20,1.000000020040877343e+20,7.793000221252441406e+00,6.890000343322753906e+00,6.708000183105468750e+00,6.680000305175781250e+00,6.675000190734863281e+00,6.613000392913818359e+00,6.518000125885009766e+00,6.518000125885009766e+00,6.608000278472900391e+00,6.848000526428222656e+00,7.160000324249267578e+00,7.513000488281250000e+00,7.895000457763671875e+00,8.220000267028808594e+00,8.530000686645507812e+00
9.123000144958496094e+00,9.310000419616699219e+00,9.308000564575195312e+00,9.328000068664550781e+00,9.333000183105468750e+00,9.328000068664550781e+00,9.240000724792480469e+00,9.103000640869140625e+00,8.990000724792480469e+00,1.000000020040877343e+20,1.000000020040877343e+20,1.000000020040877343e+20,1.000000020040877343e+20,1.000000020040877343e+20,1.000000020040877343e+20,1.000000020040877343e+20,1.000000020040877343e+20,1.000000020040877343e+20,1.000000020040877343e+20,6.415000438690185547e+00,6.193000316619873047e+00,5.600000381469726562e+00,5.233000278472900391e+00,1.000000020040877343e+20,1.000000020040877343e+20,1.000000020040877343e+20,1.000000020040877343e+20,1.000000020040877343e+20,1.000000020040877343e+20,1.000000020040877343e+20,1.000000020040877343e+20,1.000000020040877343e+20,1.000000020040877343e+20,1.000000020040877343e+20,1.000000020040877343e+20,1.000000020040877343e+20,1.000000020040877343e+20,1.000000020040877343e+20,1.000000020040877343e+20,1.000000020040877343e+20,1.000000020040877343e+20,1.000000020040877343e+20,1.000000020040877343e+20,1.000000020040877343e+20,1.000000020040877343e+20,1.000000020040877343e+20,1.000000020040877343e+20,1.000000020040877343e+20,1.000000020040877343e+20,1.000000020040877343e+20,1.000000020040877343e+20,1.000000020040877343e+20,1.000000020040877343e+20,1.000000020040877343e+20,1.000000020040877343e+20,1.000000020040877343e+20,1.000000020040877343e+20,1.000000020040877343e+20,1.000000020040877343e+20,1.000000020040877343e+20,1.000000020040877343e+20,1.000000020040877343e+20,1.000000020040877343e+20,1.000000020040877343e+20,1.000000020040877343e+20,1.000000020040877343e+20,1.000000020040877343e+20,1.000000020040877343e+20,1.000000020040877343e+20,1.000000020040877343e+20,1.000000020040877343e+20,1.000000020040877343e+20,1.000000020040877343e+20,1.000000020040877343e+20,1.000000020040877343e+20,1.000000020040877343e+20,1.000000020040877343e+20,1.000000020040877343e+20,1.000000020040877343e+20,1.000000020040877343e+20,1.000000020040877343e+20,1.000000020040877343e+20,1.000000020040877343e+20,1.000000020040877343e+20,1.000000020040877343e+20,1.000000020040877343e+20,1.000000020040877343e+20,1.000000020040877343e+20,1.000000020040877343e+20,1.000000020040877343e+20,1.000000020040877343e+20,1.000000020040877343e+20,1.000000020040877343e+20,1.000000020040877343e+20,1.000000020040877343e+20,1.000000020040877343e+20,1.000000020040877343e+20,1.000000020040877343e+20,1.000000020040877343e+20,1.000000020040877343e+20,1.000000020040877343e+20,1.000000020040877343e+20,1.000000020040877343e+20,1.000000020040877343e+20,1.000000020040877343e+20,1.000000020040877343e+20,1.000000020040877343e+20,1.000000020040877343e+20,1.000000020040877343e+20,1.000000020040877343e+20,1.000000020040877343e+20,1.000000020040877343e+20,1.000000020040877343e+20,1.000000020040877343e+20,1.000000020040877343e+20,1.000000020040877343e+20,1.000000020040877343e+20,1.000000020040877343e+20,1.000000020040877343e+20,1.000000020040877343e+20,1.000000020040877343e+20,1.000000020040877343e+20,1.000000020040877343e+20,1.000000020040877343e+20,1.000000020040877343e+20,1.000000020040877343e+20,1.000000020040877343e+20,1.000000020040877343e+20,1.000000020040877343e+20,1.000000020040877343e+20,1.000000020040877343e+20,1.000000020040877343e+20,1.000000020040877343e+20,1.000000020040877343e+20,1.000000020040877343e+20,1.000000020040877343e+20,1.000000020040877343e+20,1.000000020040877343e+20,1.000000020040877343e+20,1.000000020040877343e+20,1.000000020040877343e+20,1.000000020040877343e+20,1.000000020040877343e+20,1.000000020040877343e+20,1.000000020040877343e+20,1.000000020040877343e+20,1.000000020040877343e+20,1.000000020040877343e+20,1.000000020040877343e+20,1.000000020040877343e+20,1.000000020040877343e+20,1.000000020040877343e+20,1.000000020040877343e+20,1.000000020040877343e+20,1.000000020040877343e+20,1.000000020040877343e+20,1.000000020040877343e+20,1.000000020040877343e+20,1.000000020040877343e+20,1.000000020040877343e+20,1.000000020040877343e+20,1.000000020040877343e+20,1.000000020040877343e+20,1.000000020040877343e+20,1.000000020040877343e+20,1.000000020040877343e+20,1.000000020040877343e+20,1.000000020040877343e+20,1.000000020040877343e+20,1.000000020040877343e+20,1.000000020040877343e+20,1.000000020040877343e+20,1.000000020040877343e+20,1.000000020040877343e+20,1.000000020040877343e+20,1.000000020040877343e+20,1.000000020040877343e+20,1.000000020040877343e+20,1.000000020040877343e+20,2.610000133514404297e+00,2.660000085830688477e+00,2.903000116348266602e+00,3.120000123977661133e+00,3.195000171661376953e+00,3.215000152587890625e+00,3.220000267028808594e+00,3.155000209808349609e+00,3.075000047683715820e+00,3.015000104904174805e+00,2.818000078201293945e+00,2.780000209808349609e+00,2.723000049591064453e+00,2.798000097274780273e+00,2.833000183105468750e+00,2.780000209808349609e+00,2.585000038146972656e+00,2.333000183105468750e+00,2.148000001907348633e+00,2.050000190734863281e+00,1.000000020040877343e+20,1.000000020040877343e+20,1.000000020040877343e+20,1.000000020040877343e+20,1.000000020040877343e+20,1.000000020040877343e+20,1.000000020040877343e+20,1.000000020040877343e+20,1.000000020040877343e+20,1.000000020040877343e+20,1.000000020040877343e+20,1.000000020040877343e+20,1.000000020040877343e+20,1.000000020040877343e+20,1.000000020040877343e+20,1.000000020040877343e+20,1.000000020040877343e+20,1.000000020040877343e+20,1.000000020040877343e+20,1.000000020040877343e+20,1.000000020040877343e+20,1.000000020040877343e+20,1.000000020040877343e+20,1.000000020040877343e+20,1.000000020040877343e+20,1.000000020040877343e+20,1.000000020040877343e+20,1.000000020040877343e+20,1.000000020040877343e+20,1.000000020040877343e+20,1.000000020040877343e+20,1.000000020040877343e+20,1.000000020040877343e+20,1.000000020040877343e+20,1.000000020040877343e+20,1.000000020040877343e+20,1.000000020040877343e+20,1.000000020040877343e+20,1.000000020040877343e+20,1.000000020040877343e+20,1.000000020040877343e+20,1.000000020040877343e+20,1.000000020040877343e+20,1.000000020040877343e+20,1.000000020040877343e+20,1.000000020040877343e+20,1.000000020040877343e+20,1.000000020040877343e+20,1.000000020040877343e+20,1.000000020040877343e+20,1.000000020040877343e+20,1.000000020040877343e+20,1.000000020040877343e+20,1.000000020040877343e+20,1.000000020040877343e+20,1.000000020040877343e+20,1.000000020040877343e+20,1.000000020040877343e+20,1.000000020040877343e+20,1.000000020040877343e+20,1.000000020040877343e+20,1.000000020040877343e+20,1.000000020040877343e+20,1.000000020040877343e+20,1.000000020040877343e+20,1.000000020040877343e+20,1.000000020040877343e+20,1.000000020040877343e+20,1.000000020040877343e+20,1.000000020040877343e+20,1.420000076293945312e+00,1.265000104904174805e+00,1.053000092506408691e+00,8.850000500679016113e-01,8.430000543594360352e-01,1.000000020040877343e+20,1.000000020040877343e+20,4.180000126361846924e-01,3.430000245571136475e-01,-4.200000315904617310e-02,-1.200000047683715820e-01,-1.850000023841857910e-01,-1.420000046491622925e-01,3.000000119209289551e-02,2.130000144243240356e-01,-7.000000216066837311e-03,-7.700000703334808350e-02,-1.500000059604644775e-02,8.000000379979610443e-03,1.000000020040877343e+20,1.000000020040877343e+20,1.000000020040877343e+20,1.000000020040877343e+20,1.000000020040877343e+20,1.000000020040877343e+20,1.000000020040877343e+20,-1.347000122070312500e+00,-1.150000095367431641e+00,-5.620000362396240234e-01,2.450000047683715820e-01,1.093000054359436035e+00,1.868000030517578125e+00,2.610000133514404297e+00,3.243000268936157227e+00,3.513000249862670898e+00,3.460000276565551758e+00,3.138000249862670898e+00,2.758000135421752930e+00,2.433000087738037109e+00,2.282999992370605469e+00,1.000000020040877343e+20,1.000000020040877343e+20,1.000000020040877343e+20,1.000000020040877343e+20,1.000000020040877343e+20,1.000000020040877343e+20,1.000000020040877343e+20,1.000000020040877343e+20,1.000000020040877343e+20,1.000000020040877343e+20,4.380000114440917969e+00,4.838000297546386719e+00,5.393000125885009766e+00,5.925000190734863281e+00,6.438000202178955078e+00,6.930000305175781250e+00,7.425000190734863281e+00,7.890000343322753906e+00,8.253000259399414062e+00,8.505000114440917969e+00,8.773000717163085938e+00,9.080000877380371094e+00,9.348000526428222656e+00,9.580000877380371094e+00,9.713000297546386719e+00,9.743000030517578125e+00,9.753000259399414062e+00,9.733000755310058594e+00,9.725000381469726562e+00,9.725000381469726562e+00,9.585000038146972656e+00,9.370000839233398438e+00,9.240000724792480469e+00,9.205000877380371094e+00,9.263000488281250000e+00,9.253000259399414062e+00,8.735000610351562500e+00,8.578000068664550781e+00,8.450000762939453125e+00,8.390000343322753906e+00,8.233000755310058594e+00,8.038000106811523438e+00,7.813000202178955078e+00,7.663000583648681641e+00,7.653000354766845703e+00,7.700000286102294922e+00,7.908000469207763672e+00,8.188000679016113281e+00,8.508000373840332031e+00,8.758000373840332031e+00,8.953000068664550781e+00
9.360000610351562500e+00,9.390000343322753906e+00,9.390000343322753906e+00,9.428000450134277344e+00,9.425000190734863281e+00,9.383000373840332031e+00,9.208000183105468750e+00,1.000000020040877343e+20,1.000000020040877343e+20,1.000000020040877343e+20,1.000000020040877343e+20,1.000000020040877343e+20,1.000000020040877343e+20,1.000000020040877343e+20,1.000000020040877343e+20,1.000000020040877343e+20,1.000000020040877343e+20,1.000000020040877343e+20,6.998000144958496094e+00,6.785000324249267578e+00,6.858000278472900391e+00,1.000000020040877343e+20,1.000000020040877343e+20,1.000000020040877343e+20,1.000000020040877343e+20,1.000000020040877343e+20,1.000000020040877343e+20,1.000000020040877343e+20,1.000000020040877343e+20,1.000000020040877343e+20,1.000000020040877343e+20,1.000000020040877343e+20,1.000000020040877343e+20,1.000000020040877343e+20,1.000000020040877343e+20,1.000000020040877343e+20,1.000000020040877343e+20,1.000000020040877343e+20,1.000000020040877343e+20,1.000000020040877343e+20,1.000000020040877343e+20,1.000000020040877343e+20,1.000000020040877343e+20,1.000000020040877343e+20,1.000000020040877343e+20,1.000000020040877343e+20,1.000000020040877343e+20,1.000000020040877343e+20,1.000000020040877343e+20,1.000000020040877343e+20,1.000000020040877343e+20,1.000000020040877343e+20,1.000000020040877343e+20,1.000000020040877343e+20,1.000000020040877343e+20,1.000000020040877343e+20,1.000000020040877343e+20,1.000000020040877343e+20,1.000000020040877343e+20,1.000000020040877343e+20,1.000000020040877343e+20,1.000000020040877343e+20,1.000000020040877343e+20,1.000000020040877343e+20,1.000000020040877343e+20,1.000000020040877343e+20,1.000000020040877343e+20,1.000000020040877343e+20,1.000000020040877343e+20,1.000000020040877343e+20,1.000000020040877343e+20,1.000000020040877343e+20,1.000000020040877343e+20,1.000000020040877343e+20,1.000000020040877343e+20,1.000000020040877343e+20,1.000000020040877343e+20,1.000000020040877343e+20,1.000000020040877343e+20,1.000000020040877343e+20,1.000000020040877343e+20,1.000000020040877343e+20,1.000000020040877343e+20,1.000000020040877343e+20,1.000000020040877343e+20,1.000000020040877343e+20,1.000000020040877343e+20,1.000000020040877343e+20,1.000000020040877343e+20,1.000000020040877343e+20,1.000000020040877343e+20,1.000000020040877343e+20,1.000000020040877343e+20,1.000000020040877343e+20,1.000000020040877343e+20,1.000000020040877343e+20,1.000000020040877343e+20,1.000000020040877343e+20,1.000000020040877343e+20,1.000000020040877343e+20,1.000000020040877343e+20,1.000000020040877343e+20,1.000000020040877343e+20,1.000000020040877343e+20,1.000000020040877343e+20,1.000000020040877343e+20,1.000000020040877343e+20,1.000000020040877343e+20,1.000000020040877343e+20,1.000000020040877343e+20,1.000000020040877343e+20,1.000000020040877343e+20,1.000000020040877343e+20,1.000000020040877343e+20,1.000000020040877343e+20,1.000000020040877343e+20,1.000000020040877343e+20,1.000000020040877343e+20,1.000000020040877343e+20,1.000000020040877343e+20,1.000000020040877343e+20,1.000000020040877343e+20,1.000000020040877343e+20,1.000000020040877343e+20,1.000000020040877343e+20,1.000000020040877343e+20,1.000000020040877343e+20,1.000000020040877343e+20,1.000000020040877343e+20,1.000000020040877343e+20,1.000000020040877343e+20,1.000000020040877343e+20,1.000000020040877343e+20,1.000000020040877343e+20,1.000000020040877343e+20,1.000000020040877343e+20,1.000000020040877343e+20,1.000000020040877343e+20,1.000000020040877343e+20,1.000000020040877343e+20,1.000000020040877343e+20,1.000000020040877343e+20,1.000000020040877343e+20,1.000000020040877343e+20,1.000000020040877343e+20,1.000000020040877343e+20,1.000000020040877343e+20,1.000000020040877343e+20,1.000000020040877343e+20,1.000000020040877343e+20,1.000000020040877343e+20,1.000000020040877343e+20,1.000000020040877343e+20,1.000000020040877343e+20,1.000000020040877343e+20,1.000000020040877343e+20,1.000000020040877343e+20,1.000000020040877343e+20,1.000000020040877343e+20,1.000000020040877343e+20,1.000000020040877343e+20,1.000000020040877343e+20,1.000000020040877343e+20,8.150000572204589844e-01,1.000000020040877343e+20,1.000000020040877343e+20,1.000000020040877343e+20,1.000000020040877343e+20,1.000000020040877343e+20,1.000000020040877343e+20,1.000000020040877343e+20,1.000000020040877343e+20,1.000000020040877343e+20,1.000000020040877343e+20,1.000000020040877343e+20,1.000000020040877343e+20,1.000000020040877343e+20,3.600000143051147461e+00,3.420000076293945312e+00,3.248000144958496094e+00,3.360000133514404297e+00,3.473000049591064453e+00,3.508000135421752930e+00,3.518000125885009766e+00,3.528000116348266602e+00,3.533000230789184570e+00,3.515000104904174805e+00,3.478000164031982422e+00,3.465000152587890625e+00,3.378000259399414062e+00,3.323000192642211914e+00,3.320000171661376953e+00,3.343000173568725586e+00,3.288000106811523438e+00,3.160000085830688477e+00,1.000000020040877343e+20,1.000000020040877343e+20,1.000000020040877343e+20,1.000000020040877343e+20,1.000000020040877343e+20,1.000000020040877343e+20,1.000000020040877343e+20,1.000000020040877343e+20,1.000000020040877343e+20,1.000000020040877343e+20,1.000000020040877343e+20,1.000000020040877343e+20,1.000000020040877343e+20,1.000000020040877343e+20,1.000000020040877343e+20,1.000000020040877343e+20,1.000000020040877343e+20,1.000000020040877343e+20,1.000000020040877343e+20,1.000000020040877343e+20,1.000000020040877343e+20,1.000000020040877343e+20,1.000000020040877343e+20,1.000000020040877343e+20,1.000000020040877343e+20,1.000000020040877343e+20,1.000000020040877343e+20,1.000000020040877343e+20,1.000000020040877343e+20,1.000000020040877343e+20,1.000000020040877343e+20,1.000000020040877343e+20,1.000000020040877343e+20,1.000000020040877343e+20,1.000000020040877343e+20,1.000000020040877343e+20,1.000000020040877343e+20,1.000000020040877343e+20,1.000000020040877343e+20,1.000000020040877343e+20,1.000000020040877343e+20,1.000000020040877343e+20,1.000000020040877343e+20,1.000000020040877343e+20,1.000000020040877343e+20,1.000000020040877343e+20,1.000000020040877343e+20,1.000000020040877343e+20,1.000000020040877343e+20,1.000000020040877343e+20,1.000000020040877343e+20,1.000000020040877343e+20,1.000000020040877343e+20,1.000000020040877343e+20,1.000000020040877343e+20,1.000000020040877343e+20,1.000000020040877343e+20,1.000000020040877343e+20,1.000000020040877343e+20,1.000000020040877343e+20,1.000000020040877343e+20,1.000000020040877343e+20,1.000000020040877343e+20,1.000000020040877343e+20,1.000000020040877343e+20,1.000000020040877343e+20,1.000000020040877343e+20,1.000000020040877343e+20,1.000000020040877343e+20,1.000000020040877343e+20,1.000000020040877343e+20,1.000000020040877343e+20,1.000000020040877343e+20,1.308000087738037109e+00,1.260000109672546387e+00,1.370000123977661133e+00,1.388000011444091797e+00,1.195000052452087402e+00,1.073000073432922363e+00,8.930000662803649902e-01,6.780000329017639160e-01,5.930000543594360352e-01,7.080000042915344238e-01,7.080000042915344238e-01,5.330000519752502441e-01,2.680000066757202148e-01,1.750000119209289551e-01,1.000000020040877343e+20,1.800000108778476715e-02,-6.200000271201133728e-02,-1.820000112056732178e-01,-3.670000135898590088e-01,-2.569999992847442627e-01,-4.120000302791595459e-01,-5.570000410079956055e-01,-6.670000553131103516e-01,1.000000020040877343e+20,1.000000020040877343e+20,-6.550000309944152832e-01,-7.650000452995300293e-01,-6.000000238418579102e-01,-4.500000178813934326e-02,5.649999976158142090e-01,1.200000047683715820e+00,1.880000114440917969e+00,2.590000152587890625e+00,3.250000238418579102e+00,3.813000202178955078e+00,4.023000240325927734e+00,3.995000123977661133e+00,3.710000276565551758e+00,3.230000257492065430e+00,2.703000068664550781e+00,2.235000133514404297e+00,1.743000030517578125e+00,1.000000020040877343e+20,1.000000020040877343e+20,1.000000020040877343e+20,1.000000020040877343e+20,1.000000020040877343e+20,1.000000020040877343e+20,1.000000020040877343e+20,1.000000020040877343e+20,5.063000202178955078e+00,5.408000469207763672e+00,6.045000076293945312e+00,6.628000259399414062e+00,7.090000152587890625e+00,7.408000469207763672e+00,7.738000392913818359e+00,8.058000564575195312e+00,8.335000038146972656e+00,8.565000534057617188e+00,8.760000228881835938e+00,8.970000267028808594e+00,9.178000450134277344e+00,9.355000495910644531e+00,9.538000106811523438e+00,9.683000564575195312e+00,9.755000114440917969e+00,9.845000267028808594e+00,9.890000343322753906e+00,9.923000335693359375e+00,9.893000602722167969e+00,9.845000267028808594e+00,9.795000076293945312e+00,9.755000114440917969e+00,9.745000839233398438e+00,9.800000190734863281e+00,9.795000076293945312e+00,9.750000000000000000e+00,9.695000648498535156e+00,9.610000610351562500e+00,9.463000297546386719e+00,9.353000640869140625e+00,9.148000717163085938e+00,8.923000335693359375e+00,8.695000648498535156e+00,8.558000564575195312e+00,8.572999954223632812e+00,8.738000869750976562e+00,8.947999954223632812e+00,9.125000000000000000e+00,9.253000259399414062e+00,9.318000793457031250e+00
9.453000068664550781e+00,9.448000907897949219e+00,9.478000640869140625e+00,9.483000755310058594e+00,9.440000534057617188e+00,9.273000717163085938e+00,1.000000020040877343e+20,1.000000020040877343e+20,1.000000020040877343e+20,1.000000020040877343e+20,1.000000020040877343e+20,1.000000020040877343e+20,1.000000020040877343e+20,1.000000020040877343e+20,1.000000020040877343e+20,1.000000020040877343e+20,1.000000020040877343e+20,7.333000183105468750e+00,7.325000286102294922e+00,7.240000247955322266e+00,7.463000297546386719e+00,7.933000564575195312e+00,1.000000020040877343e+20,1.000000020040877343e+20,1.000000020040877343e+20,1.000000020040877343e+20,1.000000020040877343e+20,1.000000020040877343e+20,1.000000020040877343e+20,1.000000020040877343e+20,1.000000020040877343e+20,1.000000020040877343e+20,1.000000020040877343e+20,1.000000020040877343e+20,1.000000020040877343e+20,1.000000020040877343e+20,1.000000020040877343e+20,1.000000020040877343e+20,1.000000020040877343e+20,1.000000020040877343e+20,1.000000020040877343e+20,1.000000020040877343e+20,1.000000020040877343e+20,1.000000020040877343e+20,1.000000020040877343e+20,1.000000020040877343e+20,1.000000020040877343e+20,1.000000020040877343e+20,1.000000020040877343e+20,1.000000020040877343e+20,1.000000020040877343e+20,1.000000020040877343e+20,1.000000020040877343e+20,1.000000020040877343e+20,1.000000020040877343e+20,1.000000020040877343e+20,1.000000020040877343e+20,1.000000020040877343e+20,1.000000020040877343e+20,1.000000020040877343e+20,1.000000020040877343e+20,1.000000020040877343e+20,1.000000020040877343e+20,1.000000020040877343e+20,1.000000020040877343e+20,1.000000020040877343e+20,1.000000020040877343e+20,1.000000020040877343e+20,1.000000020040877343e+20,1.000000020040877343e+20,1.000000020040877343e+20,1.000000020040877343e+20,1.000000020040877343e+20,1.000000020040877343e+20,1.000000020040877343e+20,1.000000020040877343e+20,1.000000020040877343e+20,1.000000020040877343e+20,1.000000020040877343e+20,1.000000020040877343e+20,1.000000020040877343e+20,1.000000020040877343e+20,1.000000020040877343e+20,1.000000020040877343e+20,1.000000020040877343e+20,1.000000020040877343e+20,1.000000020040877343e+20,1.000000020040877343e+20,1.000000020040877343e+20,1.000000020040877343e+20,1.000000020040877343e+20,1.000000020040877343e+20,1.000000020040877343e+20,1.000000020040877343e+20,1.000000020040877343e+20,1.000000020040877343e+20,1.000000020040877343e+20,1.000000020040877343e+20,1.000000020040877343e+20,1.000000020040877343e+20,1.000000020040877343e+20,1.000000020040877343e+20,1.000000020040877343e+20,1.000000020040877343e+20,1.000000020040877343e+20,1.000000020040877343e+20,1.000000020040877343e+20,1.000000020040877343e+20,1.000000020040877343e+20,1.000000020040877343e+20,1.000000020040877343e+20,1.000000020040877343e+20,1.000000020040877343e+20,1.000000020040877343e+20,1.000000020040877343e+20,1.000000020040877343e+20,1.000000020040877343e+20,1.000000020040877343e+20,1.000000020040877343e+20,1.000000020040877343e+20,1.000000020040877343e+20,1.000000020040877343e+20,1.000000020040877343e+20,1.000000020040877343e+20,1.000000020040877343e+20,1.000000020040877343e+20,1.000000020040877343e+20,1.000000020040877343e+20,1.000000020040877343e+20,1.000000020040877343e+20,1.000000020040877343e+20,1.000000020040877343e+20,1.000000020040877343e+20,1.000000020040877343e+20,1.000000020040877343e+20,1.000000020040877343e+20,1.000000020040877343e+20,1.000000020040877343e+20,1.000000020040877343e+20,1.000000020040877343e+20,1.000000020040877343e+20,1.000000020040877343e+20,1.000000020040877343e+20,1.000000020040877343e+20,1.000000020040877343e+20,1.000000020040877343e+20,1.000000020040877343e+20,1.000000020040877343e+20,1.000000020040877343e+20,1.000000020040877343e+20,1.000000020040877343e+20,1.000000020040877343e+20,1.000000020040877343e+20,1.000000020040877343e+20,1.000000020040877343e+20,1.000000020040877343e+20,1.000000020040877343e+20,2.075000047683715820e+00,1.813000082969665527e+00,1.870000123977661133e+00,1.000000020040877343e+20,1.000000020040877343e+20,8.780000209808349609e-01,1.105000019073486328e+00,1.000000020040877343e+20,1.000000020040877343e+20,1.000000020040877343e+20,1.000000020040877343e+20,1.000000020040877343e+20,1.000000020040877343e+20,1.000000020040877343e+20,1.000000020040877343e+20,1.000000020040877343e+20,3.793000221252441406e+00,3.915000200271606445e+00,3.965000152587890625e+00,4.000000000000000000e+00,3.855000257492065430e+00,3.850000143051147461e+00,3.845000267028808594e+00,3.940000295639038086e+00,4.052999973297119141e+00,4.083000183105468750e+00,4.000000000000000000e+00,3.923000097274780273e+00,3.830000162124633789e+00,3.733000278472900391e+00,3.643000125885009766e+00,3.583000183105468750e+00,3.528000116348266602e+00,3.498000144958496094e+00,3.573000192642211914e+00,3.673000097274780273e+00,3.745000123977661133e+00,1.000000020040877343e+20,1.000000020040877343e+20,1.000000020040877343e+20,1.000000020040877343e+20,1.000000020040877343e+20,1.000000020040877343e+20,1.000000020040877343e+20,1.000000020040877343e+20,1.000000020040877343e+20,1.000000020040877343e+20,1.000000020040877343e+20,1.000000020040877343e+20,1.000000020040877343e+20,1.000000020040877343e+20,1.000000020040877343e+20,1.000000020040877343e+20,1.000000020040877343e+20,1.000000020040877343e+20,1.000000020040877343e+20,1.000000020040877343e+20,1.000000020040877343e+20,1.000000020040877343e+20,1.000000020040877343e+20,1.000000020040877343e+20,1.000000020040877343e+20,1.000000020040877343e+20,1.000000020040877343e+20,1.000000020040877343e+20,1.000000020040877343e+20,1.000000020040877343e+20,1.000000020040877343e+20,1.000000020040877343e+20,1.000000020040877343e+20,1.000000020040877343e+20,1.000000020040877343e+20,1.000000020040877343e+20,1.000000020040877343e+20,1.000000020040877343e+20,1.000000020040877343e+20,1.000000020040877343e+20,1.000000020040877343e+20,1.000000020040877343e+20,1.000000020040877343e+20,1.000000020040877343e+20,1.000000020040877343e+20,1.000000020040877343e+20,1.000000020040877343e+20,1.000000020040877343e+20,1.000000020040877343e+20,1.000000020040877343e+20,1.000000020040877343e+20,1.000000020040877343e+20,1.000000020040877343e+20,1.000000020040877343e+20,1.000000020040877343e+20,1.000000020040877343e+20,1.000000020040877343e+20,1.000000020040877343e+20,1.000000020040877343e+20,1.000000020040877343e+20,1.000000020040877343e+20,1.000000020040877343e+20,1.000000020040877343e+20,1.000000020040877343e+20,1.000000020040877343e+20,1.000000020040877343e+20,1.000000020040877343e+20,1.000000020040877343e+20,1.000000020040877343e+20,1.000000020040877343e+20,1.000000020040877343e+20,1.000000020040877343e+20,1.235000014305114746e+00,1.270000100135803223e+00,1.180000066757202148e+00,1.115000009536743164e+00,1.140000104904174805e+00,9.580000638961791992e-01,6.780000329017639160e-01,5.180000066757202148e-01,4.300000071525573730e-01,3.050000071525573730e-01,3.400000035762786865e-01,5.950000286102294922e-01,8.200000524520874023e-01,7.330000400543212891e-01,4.030000269412994385e-01,4.250000119209289551e-01,1.000000020040877343e+20,1.000000020040877343e+20,1.000000020040877343e+20,1.000000020040877343e+20,1.000000020040877343e+20,1.000000020040877343e+20,-5.270000100135803223e-01,-5.600000023841857910e-01,-4.370000064373016357e-01,-2.170000076293945312e-01,-1.950000077486038208e-01,-3.720000088214874268e-01,-2.500000000000000000e-01,6.500000506639480591e-02,5.400000214576721191e-01,1.048000097274780273e+00,1.623000025749206543e+00,2.350000143051147461e+00,3.095000028610229492e+00,3.850000143051147461e+00,4.363000392913818359e+00,4.530000209808349609e+00,4.475000381469726562e+00,4.168000221252441406e+00,3.720000267028808594e+00,3.185000181198120117e+00,2.630000114440917969e+00,2.185000181198120117e+00,1.880000114440917969e+00,1.000000020040877343e+20,1.000000020040877343e+20,1.000000020040877343e+20,1.000000020040877343e+20,1.000000020040877343e+20,1.000000020040877343e+20,4.638000011444091797e+00,5.188000202178955078e+00,5.925000190734863281e+00,6.675000190734863281e+00,7.258000373840332031e+00,7.583000183105468750e+00,7.790000438690185547e+00,8.000000000000000000e+00,8.190000534057617188e+00,8.350000381469726562e+00,8.550000190734863281e+00,8.763000488281250000e+00,8.950000762939453125e+00,9.168000221252441406e+00,9.363000869750976562e+00,9.575000762939453125e+00,9.745000839233398438e+00,9.908000946044921875e+00,1.006300067901611328e+01,1.015500068664550781e+01,1.018800067901611328e+01,1.020800018310546875e+01,1.022500038146972656e+01,1.022300052642822266e+01,1.023000049591064453e+01,1.022000026702880859e+01,1.023500061035156250e+01,1.031300067901611328e+01,1.033300018310546875e+01,1.034500026702880859e+01,1.025300025939941406e+01,1.018500041961669922e+01,1.005300045013427734e+01,9.893000602722167969e+00,9.683000564575195312e+00,9.420000076293945312e+00,9.268000602722167969e+00,9.285000801086425781e+00,9.378000259399414062e+00,9.475000381469726562e+00,9.520000457763671875e+00,9.503000259399414062e+00,9.450000762939453125e+00
9.548000335693359375e+00,9.510000228881835938e+00,9.558000564575195312e+00,9.615000724792480469e+00,9.628000259399414062e+00,1.000000020040877343e+20,1.000000020040877343e+20,1.000000020040877343e+20,1.000000020040877343e+20,1.000000020040877343e+20,1.000000020040877343e+20,1.000000020040877343e+20,1.000000020040877343e+20,1.000000020040877343e+20,1.000000020040877343e+20,1.000000020040877343e+20,1.000000020040877343e+20,1.000000020040877343e+20,7.760000228881835938e+00,7.825000286102294922e+00,8.143000602722167969e+00,8.560000419616699219e+00,1.000000020040877343e+20,1.000000020040877343e+20,1.000000020040877343e+20,1.000000020040877343e+20,9.573000907897949219e+00,9.355000495910644531e+00,8.914999961853027344e+00,1.000000020040877343e+20,1.000000020040877343e+20,1.000000020040877343e+20,1.000000020040877343e+20,1.000000020040877343e+20,1.000000020040877343e+20,1.000000020040877343e+20,1.000000020040877343e+20,1.000000020040877343e+20,1.000000020040877343e+20,1.000000020040877343e+20,1.000000020040877343e+20,1.000000020040877343e+20,1.000000020040877343e+20,1.000000020040877343e+20,1.000000020040877343e+20,1.000000020040877343e+20,1.000000020040877343e+20,1.000000020040877343e+20,1.000000020040877343e+20,1.000000020040877343e+20,1.000000020040877343e+20,1.000000020040877343e+20,1.000000020040877343e+20,1.000000020040877343e+20,1.000000020040877343e+20,1.000000020040877343e+20,1.000000020040877343e+20,1.000000020040877343e+20,1.000000020040877343e+20,1.000000020040877343e+20,1.000000020040877343e+20,1.000000020040877343e+20,1.000000020040877343e+20,1.000000020040877343e+20,1.000000020040877343e+20,1.000000020040877343e+20,1.000000020040877343e+20,1.000000020040877343e+20,1.000000020040877343e+20,1.000000020040877343e+20,1.000000020040877343e+20,1.000000020040877343e+20,1.000000020040877343e+20,1.000000020040877343e+20,1.000000020040877343e+20,1.000000020040877343e+20,1.000000020040877343e+20,1.000000020040877343e+20,1.000000020040877343e+20,1.000000020040877343e+20,1.000000020040877343e+20,1.000000020040877343e+20,1.000000020040877343e+20,1.000000020040877343e+20,1.000000020040877343e+20,1.000000020040877343e+20,1.000000020040877343e+20,1.000000020040877343e+20,1.000000020040877343e+20,1.000000020040877343e+20,1.000000020040877343e+20,1.000000020040877343e+20,1.000000020040877343e+20,1.000000020040877343e+20,1.000000020040877343e+20,1.000000020040877343e+20,1.000000020040877343e+20,1.000000020040877343e+20,1.000000020040877343e+20,1.000000020040877343e+20,1.000000020040877343e+20,1.000000020040877343e+20,1.000000020040877343e+20,1.000000020040877343e+20,1.000000020040877343e+20,1.000000020040877343e+20,1.000000020040877343e+20,1.000000020040877343e+20,1.000000020040877343e+20,1.000000020040877343e+20,1.000000020040877343e+20,1.000000020040877343e+20,1.000000020040877343e+20,1.000000020040877343e+20,1.000000020040877343e+20,1.000000020040877343e+20,1.000000020040877343e+20,1.000000020040877343e+20,1.000000020040877343e+20,1.000000020040877343e+20,1.000000020040877343e+20,1.000000020040877343e+20,1.000000020040877343e+20,1.000000020040877343e+20,1.000000020040877343e+20,1.000000020040877343e+20,1.000000020040877343e+20,1.000000020040877343e+20,1.000000020040877343e+20,1.000000020040877343e+20,1.000000020040877343e+20,1.000000020040877343e+20,1.000000020040877343e+20,1.000000020040877343e+20,1.000000020040877343e+20,1.000000020040877343e+20,1.000000020040877343e+20,1.000000020040877343e+20,1.000000020040877343e+20,1.000000020040877343e+20,1.000000020040877343e+20,1.000000020040877343e+20,1.000000020040877343e+20,1.000000020040877343e+20,1.000000020040877343e+20,1.000000020040877343e+20,1.000000020040877343e+20,1.000000020040877343e+20,1.000000020040877343e+20,1.000000020040877343e+20,1.000000020040877343e+20,1.000000020040877343e+20,1.000000020040877343e+20,1.000000020040877343e+20,1.000000020040877343e+20,1.913000106811523438e+00,1.823000073432922363e+00,1.923000097274780273e+00,1.910000085830688477e+00,1.903000116348266602e+00,1.863000035285949707e+00,1.813000082969665527e+00,1.725000023841857910e+00,1.000000020040877343e+20,1.000000020040877343e+20,1.000000020040877343e+20,1.000000020040877343e+20,3.240000247955322266e+00,3.595000267028808594e+00,3.798000097274780273e+00,1.000000020040877343e+20,4.075000286102294922e+00,4.148000240325927734e+00,4.144999980926513672e+00,4.265000343322753906e+00,4.333000183105468750e+00,4.373000144958496094e+00,4.450000286102294922e+00,4.519999980926513672e+00,4.613000392913818359e+00,4.695000171661376953e+00,4.743000030517578125e+00,4.758000373840332031e+00,4.700000286102294922e+00,4.558000087738037109e+00,4.360000133514404297e+00,4.144999980926513672e+00,3.893000125885009766e+00,3.755000114440917969e+00,3.643000125885009766e+00,3.665000200271606445e+00,3.798000097274780273e+00,4.000000000000000000e+00,4.193000316619873047e+00,4.358000278472900391e+00,1.000000020040877343e+20,1.000000020040877343e+20,1.000000020040877343e+20,1.000000020040877343e+20,1.000000020040877343e+20,1.000000020040877343e+20,1.000000020040877343e+20,1.000000020040877343e+20,1.000000020040877343e+20,1.000000020040877343e+20,1.000000020040877343e+20,1.000000020040877343e+20,1.000000020040877343e+20,1.000000020040877343e+20,1.000000020040877343e+20,1.000000020040877343e+20,1.000000020040877343e+20,1.149000072479248047e+01,1.171300029754638672e+01,1.000000020040877343e+20,1.000000020040877343e+20,1.000000020040877343e+20,1.000000020040877343e+20,1.000000020040877343e+20,1.000000020040877343e+20,1.000000020040877343e+20,1.000000020040877343e+20,1.000000020040877343e+20,1.000000020040877343e+20,1.000000020040877343e+20,1.000000020040877343e+20,1.000000020040877343e+20,1.000000020040877343e+20,1.000000020040877343e+20,1.000000020040877343e+20,1.000000020040877343e+20,1.000000020040877343e+20,1.000000020040877343e+20,1.000000020040877343e+20,1.000000020040877343e+20,1.000000020040877343e+20,1.000000020040877343e+20,1.000000020040877343e+20,1.000000020040877343e+20,1.000000020040877343e+20,1.000000020040877343e+20,1.000000020040877343e+20,1.000000020040877343e+20,1.000000020040877343e+20,1.000000020040877343e+20,1.000000020040877343e+20,1.000000020040877343e+20,1.000000020040877343e+20,1.000000020040877343e+20,1.000000020040877343e+20,1.000000020040877343e+20,1.000000020040877343e+20,1.000000020040877343e+20,1.000000020040877343e+20,1.000000020040877343e+20,1.000000020040877343e+20,1.000000020040877343e+20,1.000000020040877343e+20,1.000000020040877343e+20,1.000000020040877343e+20,1.000000020040877343e+20,1.000000020040877343e+20,1.000000020040877343e+20,1.000000020040877343e+20,1.000000020040877343e+20,7.580000162124633789e-01,7.900000214576721191e-01,8.780000209808349609e-01,7.780000567436218262e-01,5.800000429153442383e-01,4.080000221729278564e-01,1.830000132322311401e-01,-1.120000034570693970e-01,-2.970000207424163818e-01,-3.200000226497650146e-01,-2.870000004768371582e-01,-2.150000035762786865e-01,8.800000697374343872e-02,5.180000066757202148e-01,6.900000572204589844e-01,6.100000143051147461e-01,7.880000472068786621e-01,1.000000020040877343e+20,1.000000020040877343e+20,1.000000020040877343e+20,1.000000020040877343e+20,1.000000020040877343e+20,1.000000020040877343e+20,1.000000020040877343e+20,1.000000020040877343e+20,-5.400000214576721191e-01,-2.670000195503234863e-01,-5.500000342726707458e-02,-6.500000506639480591e-02,-2.000000141561031342e-02,1.700000017881393433e-01,6.180000305175781250e-01,1.123000025749206543e+00,1.678000092506408691e+00,2.398000001907348633e+00,3.308000087738037109e+00,4.163000106811523438e+00,4.673000335693359375e+00,4.900000095367431641e+00,4.923000335693359375e+00,4.758000373840332031e+00,4.418000221252441406e+00,3.995000123977661133e+00,3.528000116348266602e+00,3.118000030517578125e+00,2.795000076293945312e+00,2.833000183105468750e+00,2.740000247955322266e+00,2.760000228881835938e+00,2.980000257492065430e+00,1.000000020040877343e+20,1.000000020040877343e+20,5.028000354766845703e+00,5.608000278472900391e+00,6.300000190734863281e+00,6.943000316619873047e+00,7.423000335693359375e+00,7.715000152587890625e+00,7.925000190734863281e+00,8.150000572204589844e+00,8.313000679016113281e+00,8.505000114440917969e+00,8.713000297546386719e+00,8.905000686645507812e+00,9.105000495910644531e+00,9.328000068664550781e+00,9.560000419616699219e+00,9.778000831604003906e+00,9.973000526428222656e+00,1.015300083160400391e+01,1.031300067901611328e+01,1.047300052642822266e+01,1.053500080108642578e+01,1.058800029754638672e+01,1.064500045776367188e+01,1.066800022125244141e+01,1.065300083160400391e+01,1.068800067901611328e+01,1.075800037384033203e+01,1.082500076293945312e+01,1.087300014495849609e+01,1.089000034332275391e+01,1.083300018310546875e+01,1.078300094604492188e+01,1.066500091552734375e+01,1.050000095367431641e+01,1.029500007629394531e+01,1.007500076293945312e+01,9.893000602722167969e+00,9.798000335693359375e+00,9.765000343322753906e+00,9.735000610351562500e+00,9.685000419616699219e+00,9.595000267028808594e+00,9.543000221252441406e+00
9.578000068664550781e+00,9.583000183105468750e+00,9.665000915527343750e+00,9.703000068664550781e+00,9.753000259399414062e+00,9.860000610351562500e+00,1.000000020040877343e+20,1.000000020040877343e+20,1.000000020040877343e+20,1.000000020040877343e+20,1.000000020040877343e+20,1.000000020040877343e+20,1.000000020040877343e+20,1.000000020040877343e+20,1.000000020040877343e+20,1.000000020040877343e+20,1.000000020040877343e+20,1.000000020040877343e+20,8.390000343322753906e+00,8.480000495910644531e+00,8.810000419616699219e+00,9.325000762939453125e+00,1.021500015258789062e+01,1.079500007629394531e+01,1.105500030517578125e+01,1.096000099182128906e+01,1.031000041961669922e+01,1.005800056457519531e+01,1.000000020040877343e+20,1.000000020040877343e+20,1.000000020040877343e+20,1.000000020040877343e+20,1.000000020040877343e+20,1.000000020040877343e+20,1.000000020040877343e+20,1.000000020040877343e+20,1.000000020040877343e+20,1.000000020040877343e+20,1.000000020040877343e+20,1.000000020040877343e+20,1.000000020040877343e+20,1.000000020040877343e+20,1.000000020040877343e+20,1.000000020040877343e+20,1.000000020040877343e+20,1.000000020040877343e+20,1.000000020040877343e+20,1.000000020040877343e+20,1.000000020040877343e+20,1.000000020040877343e+20,1.000000020040877343e+20,1.000000020040877343e+20,1.000000020040877343e+20,1.000000020040877343e+20,1.000000020040877343e+20,1.000000020040877343e+20,1.000000020040877343e+20,1.000000020040877343e+20,1.000000020040877343e+20,1.000000020040877343e+20,1.000000020040877343e+20,1.000000020040877343e+20,1.000000020040877343e+20,1.000000020040877343e+20,1.000000020040877343e+20,1.000000020040877343e+20,1.000000020040877343e+20,1.000000020040877343e+20,1.000000020040877343e+20,1.000000020040877343e+20,1.000000020040877343e+20,1.000000020040877343e+20,1.000000020040877343e+20,1.000000020040877343e+20,1.000000020040877343e+20,1.000000020040877343e+20,1.000000020040877343e+20,1.000000020040877343e+20,1.000000020040877343e+20,1.000000020040877343e+20,1.000000020040877343e+20,1.000000020040877343e+20,1.000000020040877343e+20,1.000000020040877343e+20,1.000000020040877343e+20,1.000000020040877343e+20,1.000000020040877343e+20,1.000000020040877343e+20,1.000000020040877343e+20,1.000000020040877343e+20,1.000000020040877343e+20,1.000000020040877343e+20,1.000000020040877343e+20,1.000000020040877343e+20,1.000000020040877343e+20,1.000000020040877343e+20,1.000000020040877343e+20,1.000000020040877343e+20,1.000000020040877343e+20,1.000000020040877343e+20,1.000000020040877343e+20,1.000000020040877343e+20,1.000000020040877343e+20,1.000000020040877343e+20,1.000000020040877343e+20,1.000000020040877343e+20,1.000000020040877343e+20,1.000000020040877343e+20,1.000000020040877343e+20,1.000000020040877343e+20,1.000000020040877343e+20,1.000000020040877343e+20,1.000000020040877343e+20,1.000000020040877343e+20,1.000000020040877343e+20,1.000000020040877343e+20,1.000000020040877343e+20,1.000000020040877343e+20,1.000000020040877343e+20,1.000000020040877343e+20,1.000000020040877343e+20,1.000000020040877343e+20,1.000000020040877343e+20,1.000000020040877343e+20,1.000000020040877343e+20,1.000000020040877343e+20,1.000000020040877343e+20,1.000000020040877343e+20,1.000000020040877343e+20,1.000000020040877343e+20,1.000000020040877343e+20,1.000000020040877343e+20,1.000000020040877343e+20,1.000000020040877343e+20,1.000000020040877343e+20,1.000000020040877343e+20,1.000000020040877343e+20,1.000000020040877343e+20,1.000000020040877343e+20,1.000000020040877343e+20,1.000000020040877343e+20,1.000000020040877343e+20,1.000000020040877343e+20,1.000000020040877343e+20,1.000000020040877343e+20,1.000000020040877343e+20,1.000000020040877343e+20,1.000000020040877343e+20,1.000000020040877343e+20,2.378000020980834961e+00,2.253000020980834961e+00,1.000000020040877343e+20,1.000000020040877343e+20,1.000000020040877343e+20,1.773000121116638184e+00,1.700000047683715820e+00,1.805000066757202148e+00,1.903000116348266602e+00,2.065000057220458984e+00,2.190000057220458984e+00,2.475000143051147461e+00,1.000000020040877343e+20,1.000000020040877343e+20,3.078000068664550781e+00,3.418000221252441406e+00,3.575000286102294922e+00,3.675000190734863281e+00,3.808000087738037109e+00,3.933000087738037109e+00,4.063000202178955078e+00,4.213000297546386719e+00,4.263000011444091797e+00,4.358000278472900391e+00,4.425000190734863281e+00,4.515000343322753906e+00,4.620000362396240234e+00,4.735000133514404297e+00,4.890000343322753906e+00,5.078000068664550781e+00,5.290000438690185547e+00,5.493000030517578125e+00,5.605000495910644531e+00,5.573000431060791016e+00,5.498000144958496094e+00,5.418000221252441406e+00,5.220000267028808594e+00,4.928000450134277344e+00,4.657999992370605469e+00,4.443000316619873047e+00,4.263000011444091797e+00,4.175000190734863281e+00,4.230000019073486328e+00,4.440000057220458984e+00,4.693000316619873047e+00,4.975000381469726562e+00,5.238000392913818359e+00,5.530000209808349609e+00,5.533000469207763672e+00,1.000000020040877343e+20,1.000000020040877343e+20,1.000000020040877343e+20,1.000000020040877343e+20,1.000000020040877343e+20,1.000000020040877343e+20,1.000000020040877343e+20,1.000000020040877343e+20,8.458000183105468750e+00,8.685000419616699219e+00,1.000000020040877343e+20,9.743000030517578125e+00,1.012800025939941406e+01,1.063300037384033203e+01,1.139500045776367188e+01,1.166800022125244141e+01,1.175300025939941406e+01,1.192500019073486328e+01,1.205000019073486328e+01,1.212300014495849609e+01,1.217500019073486328e+01,1.218500041961669922e+01,1.215000057220458984e+01,1.000000020040877343e+20,1.000000020040877343e+20,1.000000020040877343e+20,1.000000020040877343e+20,1.000000020040877343e+20,1.000000020040877343e+20,1.000000020040877343e+20,1.000000020040877343e+20,1.000000020040877343e+20,1.000000020040877343e+20,1.000000020040877343e+20,1.000000020040877343e+20,1.000000020040877343e+20,1.000000020040877343e+20,1.000000020040877343e+20,1.000000020040877343e+20,1.000000020040877343e+20,1.000000020040877343e+20,1.000000020040877343e+20,1.000000020040877343e+20,1.000000020040877343e+20,1.000000020040877343e+20,1.000000020040877343e+20,1.000000020040877343e+20,1.000000020040877343e+20,1.000000020040877343e+20,1.000000020040877343e+20,1.000000020040877343e+20,1.000000020040877343e+20,1.000000020040877343e+20,1.000000020040877343e+20,1.000000020040877343e+20,1.000000020040877343e+20,1.000000020040877343e+20,1.000000020040877343e+20,1.000000020040877343e+20,1.000000020040877343e+20,1.000000020040877343e+20,1.000000020040877343e+20,1.000000020040877343e+20,1.000000020040877343e+20,1.000000020040877343e+20,1.000000020040877343e+20,1.000000020040877343e+20,5.780000090599060059e-01,6.250000000000000000e-01,2.750000059604644775e-01,-3.200000151991844177e-02,-2.250000089406967163e-01,-3.370000123977661133e-01,-4.670000076293945312e-01,-5.770000219345092773e-01,-5.820000171661376953e-01,-5.400000214576721191e-01,-4.670000076293945312e-01,-3.920000195503234863e-01,-9.700000286102294922e-02,3.780000209808349609e-01,6.880000233650207520e-01,8.000000119209289551e-01,1.128000020980834961e+00,1.000000020040877343e+20,1.000000020040877343e+20,1.000000020040877343e+20,1.000000020040877343e+20,1.000000020040877343e+20,1.000000020040877343e+20,1.000000020040877343e+20,1.000000020040877343e+20,-3.800000250339508057e-01,-3.570000231266021729e-01,-9.700000286102294922e-02,-1.550000011920928955e-01,-9.700000286102294922e-02,1.000000020040877343e+20,4.450000226497650146e-01,8.430000543594360352e-01,1.418000102043151855e+00,2.157999992370605469e+00,3.033000230789184570e+00,3.910000085830688477e+00,4.593000411987304688e+00,5.008000373840332031e+00,5.195000171661376953e+00,5.195000171661376953e+00,5.068000316619873047e+00,4.798000335693359375e+00,4.465000152587890625e+00,4.110000133514404297e+00,3.915000200271606445e+00,3.765000104904174805e+00,3.698000192642211914e+00,3.773000240325927734e+00,3.925000190734863281e+00,4.532999992370605469e+00,5.005000114440917969e+00,5.485000133514404297e+00,6.118000507354736328e+00,6.703000545501708984e+00,7.153000354766845703e+00,7.533000469207763672e+00,7.838000297546386719e+00,8.058000564575195312e+00,8.300000190734863281e+00,8.563000679016113281e+00,8.793000221252441406e+00,9.045000076293945312e+00,9.255000114440917969e+00,9.483000755310058594e+00,9.705000877380371094e+00,9.890000343322753906e+00,1.010800075531005859e+01,1.032800006866455078e+01,1.052300071716308594e+01,1.074500083923339844e+01,1.088800048828125000e+01,1.102300071716308594e+01,1.111300086975097656e+01,1.112000083923339844e+01,1.114800071716308594e+01,1.114000034332275391e+01,1.116300010681152344e+01,1.120300006866455078e+01,1.123000049591064453e+01,1.126300048828125000e+01,1.125000095367431641e+01,1.127000045776367188e+01,1.120000076293945312e+01,1.109300041198730469e+01,1.093300056457519531e+01,1.069500064849853516e+01,1.043800067901611328e+01,1.017500019073486328e+01,1.002500057220458984e+01,9.860000610351562500e+00,9.730000495910644531e+00,9.598000526428222656e+00,9.480000495910644531e+00,9.505000114440917969e+00
9.590000152587890625e+00,9.680000305175781250e+00,9.733000755310058594e+00,9.775000572204589844e+00,9.870000839233398438e+00,9.915000915527343750e+00,1.000000020040877343e+20,1.000000020040877343e+20,1.106300067901611328e+01,1.129500007629394531e+01,1.150000095367431641e+01,1.000000020040877343e+20,1.000000020040877343e+20,1.000000020040877343e+20,1.000000020040877343e+20,1.000000020040877343e+20,1.000000020040877343e+20,9.098000526428222656e+00,8.815000534057617188e+00,9.133000373840332031e+00,9.413000106811523438e+00,9.910000801086425781e+00,1.044300079345703125e+01,1.103000068664550781e+01,1.000000020040877343e+20,1.000000020040877343e+20,1.000000020040877343e+20,1.000000020040877343e+20,1.000000020040877343e+20,1.000000020040877343e+20,1.000000020040877343e+20,1.000000020040877343e+20,1.000000020040877343e+20,1.000000020040877343e+20,1.000000020040877343e+20,1.000000020040877343e+20,1.000000020040877343e+20,1.000000020040877343e+20,1.000000020040877343e+20,1.000000020040877343e+20,1.000000020040877343e+20,1.000000020040877343e+20,1.000000020040877343e+20,1.000000020040877343e+20,1.000000020040877343e+20,1.000000020040877343e+20,1.000000020040877343e+20,1.000000020040877343e+20,1.000000020040877343e+20,1.000000020040877343e+20,1.000000020040877343e+20,1.000000020040877343e+20,1.000000020040877343e+20,1.000000020040877343e+20,1.000000020040877343e+20,1.000000020040877343e+20,1.000000020040877343e+20,1.000000020040877343e+20,1.000000020040877343e+20,1.000000020040877343e+20,1.000000020040877343e+20,1.000000020040877343e+20,1.000000020040877343e+20,1.000000020040877343e+20,1.000000020040877343e+20,1.000000020040877343e+20,1.000000020040877343e+20,1.000000020040877343e+20,1.000000020040877343e+20,1.000000020040877343e+20,1.000000020040877343e+20,1.000000020040877343e+20,1.000000020040877343e+20,1.000000020040877343e+20,1.000000020040877343e+20,1.000000020040877343e+20,1.000000020040877343e+20,1.000000020040877343e+20,1.000000020040877343e+20,1.000000020040877343e+20,1.000000020040877343e+20,1.000000020040877343e+20,1.000000020040877343e+20,1.000000020040877343e+20,1.000000020040877343e+20,1.000000020040877343e+20,1.000000020040877343e+20,1.000000020040877343e+20,1.000000020040877343e+20,1.000000020040877343e+20,1.000000020040877343e+20,1.000000020040877343e+20,1.000000020040877343e+20,1.000000020040877343e+20,1.000000020040877343e+20,1.000000020040877343e+20,1.000000020040877343e+20,1.000000020040877343e+20,1.000000020040877343e+20,1.000000020040877343e+20,1.000000020040877343e+20,1.000000020040877343e+20,1.000000020040877343e+20,1.000000020040877343e+20,1.000000020040877343e+20,1.000000020040877343e+20,1.000000020040877343e+20,1.000000020040877343e+20,1.000000020040877343e+20,1.000000020040877343e+20,1.000000020040877343e+20,1.000000020040877343e+20,1.000000020040877343e+20,1.000000020040877343e+20,1.000000020040877343e+20,1.000000020040877343e+20,1.000000020040877343e+20,1.000000020040877343e+20,1.000000020040877343e+20,1.000000020040877343e+20,1.000000020040877343e+20,1.000000020040877343e+20,1.000000020040877343e+20,1.000000020040877343e+20,1.000000020040877343e+20,1.000000020040877343e+20,1.000000020040877343e+20,1.000000020040877343e+20,1.000000020040877343e+20,1.000000020040877343e+20,1.000000020040877343e+20,1.000000020040877343e+20,1.000000020040877343e+20,1.000000020040877343e+20,1.000000020040877343e+20,1.000000020040877343e+20,1.000000020040877343e+20,1.000000020040877343e+20,1.000000020040877343e+20,1.000000020040877343e+20,1.000000020040877343e+20,2.933000087738037109e+00,2.845000028610229492e+00,2.610000133514404297e+00,2.498000144958496094e+00,2.458000183105468750e+00,2.380000114440917969e+00,2.293000221252441406e+00,2.243000030517578125e+00,2.245000123977661133e+00,2.228000164031982422e+00,2.045000076293945312e+00,1.913000106811523438e+00,1.988000035285949707e+00,1.915000081062316895e+00,2.018000125885009766e+00,2.210000038146972656e+00,2.308000087738037109e+00,2.545000076293945312e+00,1.000000020040877343e+20,1.000000020040877343e+20,1.000000020040877343e+20,3.125000238418579102e+00,3.513000249862670898e+00,3.698000192642211914e+00,3.950000286102294922e+00,4.157999992370605469e+00,4.343000411987304688e+00,4.458000183105468750e+00,4.495000362396240234e+00,4.495000362396240234e+00,4.455000400543212891e+00,4.513000011444091797e+00,4.585000038146972656e+00,4.635000228881835938e+00,4.750000000000000000e+00,4.910000324249267578e+00,5.128000259399414062e+00,5.420000076293945312e+00,5.748000144958496094e+00,6.040000438690185547e+00,6.223000526428222656e+00,6.263000488281250000e+00,6.233000278472900391e+00,6.183000087738037109e+00,6.035000324249267578e+00,5.838000297546386719e+00,5.578000068664550781e+00,5.310000419616699219e+00,5.125000476837158203e+00,4.975000381469726562e+00,4.945000171661376953e+00,5.000000000000000000e+00,5.120000362396240234e+00,5.303000450134277344e+00,5.570000171661376953e+00,5.800000190734863281e+00,5.988000392913818359e+00,6.155000209808349609e+00,6.405000209808349609e+00,6.678000450134277344e+00,6.903000354766845703e+00,7.270000457763671875e+00,1.000000020040877343e+20,1.000000020040877343e+20,1.000000020040877343e+20,8.845000267028808594e+00,9.070000648498535156e+00,9.450000762939453125e+00,9.970000267028808594e+00,1.032500076293945312e+01,1.072300052642822266e+01,1.105000019073486328e+01,1.131500053405761719e+01,1.151300048828125000e+01,1.168000030517578125e+01,1.183800029754638672e+01,1.195300102233886719e+01,1.203300094604492188e+01,1.210300064086914062e+01,1.211800098419189453e+01,1.192800045013427734e+01,1.173800086975097656e+01,1.153800010681152344e+01,1.137000083923339844e+01,1.000000020040877343e+20,1.000000020040877343e+20,1.000000020040877343e+20,1.000000020040877343e+20,1.000000020040877343e+20,1.000000020040877343e+20,1.000000020040877343e+20,1.000000020040877343e+20,1.000000020040877343e+20,1.000000020040877343e+20,1.000000020040877343e+20,1.000000020040877343e+20,1.000000020040877343e+20,1.000000020040877343e+20,1.000000020040877343e+20,1.000000020040877343e+20,1.000000020040877343e+20,1.000000020040877343e+20,1.000000020040877343e+20,1.000000020040877343e+20,1.000000020040877343e+20,1.000000020040877343e+20,1.000000020040877343e+20,1.000000020040877343e+20,1.000000020040877343e+20,1.000000020040877343e+20,1.000000020040877343e+20,1.000000020040877343e+20,1.000000020040877343e+20,1.000000020040877343e+20,1.000000020040877343e+20,1.000000020040877343e+20,1.000000020040877343e+20,1.000000020040877343e+20,1.000000020040877343e+20,1.000000020040877343e+20,1.000000020040877343e+20,1.000000020040877343e+20,1.000000020040877343e+20,1.000000020040877343e+20,1.000000020040877343e+20,1.000000020040877343e+20,-7.700000703334808350e-02,-3.750000298023223877e-01,-6.520000100135803223e-01,-8.370000123977661133e-01,-9.270000457763671875e-01,-9.270000457763671875e-01,-8.520000576972961426e-01,-7.070000171661376953e-01,-5.900000333786010742e-01,-4.350000321865081787e-01,-1.000000014901161194e-01,4.230000078678131104e-01,7.800000309944152832e-01,9.080000519752502441e-01,1.170000076293945312e+00,1.000000020040877343e+20,1.000000020040877343e+20,1.000000020040877343e+20,1.000000020040877343e+20,1.000000020040877343e+20,1.000000020040877343e+20,1.000000020040877343e+20,1.000000020040877343e+20,1.000000020040877343e+20,1.000000020040877343e+20,-5.000000074505805969e-02,1.000000020040877343e+20,1.000000020040877343e+20,1.000000020040877343e+20,1.000000020040877343e+20,4.600000083446502686e-01,9.800000190734863281e-01,1.548000097274780273e+00,2.380000114440917969e+00,3.373000144958496094e+00,4.215000152587890625e+00,4.765000343322753906e+00,5.088000297546386719e+00,5.263000488281250000e+00,5.305000305175781250e+00,5.233000278472900391e+00,5.093000411987304688e+00,4.943000316619873047e+00,4.795000076293945312e+00,4.730000019073486328e+00,4.708000183105468750e+00,4.720000267028808594e+00,4.860000133514404297e+00,5.078000068664550781e+00,5.413000106811523438e+00,5.838000297546386719e+00,6.348000526428222656e+00,6.835000514984130859e+00,7.298000335693359375e+00,7.738000392913818359e+00,8.088000297546386719e+00,8.365000724792480469e+00,8.620000839233398438e+00,8.910000801086425781e+00,9.208000183105468750e+00,9.460000038146972656e+00,9.655000686645507812e+00,9.853000640869140625e+00,1.004000091552734375e+01,1.027000045776367188e+01,1.052300071716308594e+01,1.076300048828125000e+01,1.097000026702880859e+01,1.117800045013427734e+01,1.135300064086914062e+01,1.146800041198730469e+01,1.152300071716308594e+01,1.155800056457519531e+01,1.153000068664550781e+01,1.148800086975097656e+01,1.147300052642822266e+01,1.146800041198730469e+01,1.150500011444091797e+01,1.153000068664550781e+01,1.155000019073486328e+01,1.156500053405761719e+01,1.150500011444091797e+01,1.137300014495849609e+01,1.119300079345703125e+01,1.092800045013427734e+01,1.063500022888183594e+01,1.036000061035156250e+01,1.000800037384033203e+01,9.728000640869140625e+00,9.478000640869140625e+00,9.350000381469726562e+00,9.340000152587890625e+00,9.423000335693359375e+00
9.763000488281250000e+00,9.845000267028808594e+00,9.830000877380371094e+00,9.860000610351562500e+00,9.943000793457031250e+00,1.013500022888183594e+01,1.053300094604492188e+01,1.080000019073486328e+01,1.121300029754638672e+01,1.151300048828125000e+01,1.177300071716308594e+01,1.188300037384033203e+01,1.000000020040877343e+20,1.000000020040877343e+20,1.000000020040877343e+20,1.000000020040877343e+20,1.000000020040877343e+20,9.090000152587890625e+00,1.000000020040877343e+20,9.573000907897949219e+00,9.958000183105468750e+00,1.028300094604492188e+01,1.074300098419189453e+01,1.117300033569335938e+01,1.000000020040877343e+20,1.000000020040877343e+20,1.000000020040877343e+20,1.000000020040877343e+20,1.000000020040877343e+20,1.000000020040877343e+20,1.000000020040877343e+20,1.000000020040877343e+20,1.000000020040877343e+20,1.000000020040877343e+20,1.000000020040877343e+20,1.000000020040877343e+20,1.000000020040877343e+20,1.000000020040877343e+20,1.000000020040877343e+20,1.000000020040877343e+20,1.000000020040877343e+20,1.000000020040877343e+20,1.000000020040877343e+20,1.000000020040877343e+20,1.000000020040877343e+20,1.000000020040877343e+20,1.000000020040877343e+20,1.000000020040877343e+20,1.000000020040877343e+20,1.000000020040877343e+20,1.000000020040877343e+20,1.000000020040877343e+20,1.000000020040877343e+20,1.000000020040877343e+20,1.000000020040877343e+20,1.000000020040877343e+20,1.000000020040877343e+20,1.000000020040877343e+20,1.000000020040877343e+20,1.000000020040877343e+20,1.000000020040877343e+20,1.000000020040877343e+20,1.000000020040877343e+20,1.000000020040877343e+20,1.000000020040877343e+20,1.000000020040877343e+20,1.000000020040877343e+20,1.000000020040877343e+20,1.000000020040877343e+20,1.000000020040877343e+20,1.000000020040877343e+20,1.000000020040877343e+20,1.000000020040877343e+20,1.000000020040877343e+20,1.000000020040877343e+20,1.000000020040877343e+20,1.000000020040877343e+20,1.000000020040877343e+20,1.000000020040877343e+20,1.000000020040877343e+20,1.000000020040877343e+20,1.000000020040877343e+20,1.000000020040877343e+20,1.000000020040877343e+20,1.000000020040877343e+20,1.000000020040877343e+20,1.000000020040877343e+20,1.000000020040877343e+20,1.000000020040877343e+20,1.000000020040877343e+20,1.000000020040877343e+20,1.000000020040877343e+20,1.000000020040877343e+20,1.000000020040877343e+20,1.000000020040877343e+20,1.000000020040877343e+20,1.000000020040877343e+20,1.000000020040877343e+20,1.000000020040877343e+20,1.000000020040877343e+20,1.000000020040877343e+20,1.000000020040877343e+20,1.000000020040877343e+20,1.000000020040877343e+20,1.000000020040877343e+20,1.000000020040877343e+20,1.000000020040877343e+20,1.000000020040877343e+20,1.000000020040877343e+20,1.000000020040877343e+20,1.000000020040877343e+20,1.000000020040877343e+20,1.000000020040877343e+20,1.000000020040877343e+20,1.000000020040877343e+20,1.000000020040877343e+20,1.000000020040877343e+20,1.000000020040877343e+20,1.000000020040877343e+20,1.000000020040877343e+20,1.000000020040877343e+20,1.000000020040877343e+20,1.000000020040877343e+20,1.000000020040877343e+20,1.000000020040877343e+20,1.000000020040877343e+20,1.000000020040877343e+20,1.000000020040877343e+20,1.000000020040877343e+20,1.000000020040877343e+20,1.000000020040877343e+20,1.000000020040877343e+20,1.000000020040877343e+20,1.000000020040877343e+20,1.000000020040877343e+20,1.000000020040877343e+20,1.000000020040877343e+20,1.000000020040877343e+20,1.000000020040877343e+20,2.693000078201293945e+00,2.645000219345092773e+00,2.563000202178955078e+00,2.433000087738037109e+00,2.288000106811523438e+00,2.243000030517578125e+00,2.218000173568725586e+00,2.210000038146972656e+00,2.270000219345092773e+00,2.380000114440917969e+00,2.420000076293945312e+00,2.490000009536743164e+00,2.493000030517578125e+00,2.450000047683715820e+00,2.510000228881835938e+00,2.630000114440917969e+00,2.738000154495239258e+00,2.828000068664550781e+00,1.000000020040877343e+20,1.000000020040877343e+20,1.000000020040877343e+20,1.000000020040877343e+20,1.000000020040877343e+20,1.000000020040877343e+20,3.843000173568725586e+00,4.078000068664550781e+00,4.295000076293945312e+00,4.490000247955322266e+00,4.613000392913818359e+00,4.643000125885009766e+00,4.600000381469726562e+00,4.613000392913818359e+00,4.578000068664550781e+00,4.608000278472900391e+00,4.618000030517578125e+00,4.698000431060791016e+00,4.788000106811523438e+00,4.978000164031982422e+00,5.228000164031982422e+00,5.580000400543212891e+00,5.903000354766845703e+00,6.133000373840332031e+00,6.303000450134277344e+00,6.448000431060791016e+00,6.523000240325927734e+00,6.580000400543212891e+00,6.580000400543212891e+00,6.495000362396240234e+00,6.313000202178955078e+00,6.120000362396240234e+00,5.905000209808349609e+00,5.773000240325927734e+00,5.710000038146972656e+00,5.673000335693359375e+00,5.723000049591064453e+00,5.808000087738037109e+00,5.970000267028808594e+00,6.163000106811523438e+00,6.338000297546386719e+00,6.563000202178955078e+00,6.790000438690185547e+00,7.003000259399414062e+00,7.190000534057617188e+00,1.000000020040877343e+20,1.000000020040877343e+20,8.960000038146972656e+00,9.138000488281250000e+00,9.345000267028808594e+00,9.580000877380371094e+00,9.825000762939453125e+00,1.013800048828125000e+01,1.038800048828125000e+01,1.058800029754638672e+01,1.075000095367431641e+01,1.087000083923339844e+01,1.100000095367431641e+01,1.117000007629394531e+01,1.133500099182128906e+01,1.147300052642822266e+01,1.162800025939941406e+01,1.176300048828125000e+01,1.186000061035156250e+01,1.185800075531005859e+01,1.179300022125244141e+01,1.165500068664550781e+01,1.150000095367431641e+01,1.133500099182128906e+01,1.117800045013427734e+01,1.000000020040877343e+20,1.000000020040877343e+20,1.000000020040877343e+20,1.000000020040877343e+20,1.000000020040877343e+20,1.000000020040877343e+20,1.000000020040877343e+20,1.000000020040877343e+20,1.000000020040877343e+20,1.000000020040877343e+20,1.000000020040877343e+20,1.000000020040877343e+20,1.000000020040877343e+20,1.000000020040877343e+20,1.000000020040877343e+20,1.000000020040877343e+20,1.000000020040877343e+20,1.000000020040877343e+20,1.000000020040877343e+20,1.000000020040877343e+20,1.000000020040877343e+20,1.000000020040877343e+20,1.000000020040877343e+20,1.000000020040877343e+20,1.000000020040877343e+20,1.000000020040877343e+20,1.000000020040877343e+20,1.000000020040877343e+20,1.000000020040877343e+20,1.000000020040877343e+20,1.000000020040877343e+20,1.000000020040877343e+20,1.000000020040877343e+20,1.000000020040877343e+20,1.000000020040877343e+20,1.000000020040877343e+20,1.000000020040877343e+20,1.000000020040877343e+20,1.000000020040877343e+20,1.000000020040877343e+20,-4.500000178813934326e-02,-3.450000286102294922e-01,-6.570000052452087402e-01,-1.008000016212463379e+00,-1.162000060081481934e+00,-1.129999995231628418e+00,-1.085000038146972656e+00,-9.820000529289245605e-01,-7.820000648498535156e-01,-5.520000457763671875e-01,-2.520000040531158447e-01,1.130000054836273193e-01,5.279999971389770508e-01,8.130000233650207520e-01,1.000000000000000000e+00,1.223000049591064453e+00,1.000000020040877343e+20,1.000000020040877343e+20,1.000000020040877343e+20,1.000000020040877343e+20,1.000000020040877343e+20,1.000000020040877343e+20,1.000000020040877343e+20,1.000000020040877343e+20,1.000000020040877343e+20,1.000000020040877343e+20,1.000000020040877343e+20,1.000000020040877343e+20,1.000000020040877343e+20,1.000000020040877343e+20,1.000000020040877343e+20,5.700000524520874023e-01,9.630000591278076172e-01,1.620000123977661133e+00,2.468000173568725586e+00,3.290000200271606445e+00,3.968000173568725586e+00,4.519999980926513672e+00,4.903000354766845703e+00,5.108000278472900391e+00,5.278000354766845703e+00,5.333000183105468750e+00,5.325000286102294922e+00,5.268000125885009766e+00,5.240000247955322266e+00,5.258000373840332031e+00,5.360000133514404297e+00,5.473000049591064453e+00,5.615000247955322266e+00,5.873000144958496094e+00,6.155000209808349609e+00,6.518000125885009766e+00,6.963000297546386719e+00,7.473000526428222656e+00,7.988000392913818359e+00,8.385000228881835938e+00,8.743000030517578125e+00,9.095000267028808594e+00,9.385000228881835938e+00,9.657999992370605469e+00,9.875000000000000000e+00,1.006300067901611328e+01,1.020500087738037109e+01,1.037000083923339844e+01,1.057300090789794922e+01,1.078300094604492188e+01,1.099800014495849609e+01,1.118500041961669922e+01,1.133800029754638672e+01,1.146000099182128906e+01,1.154800033569335938e+01,1.160300064086914062e+01,1.160800075531005859e+01,1.163500022888183594e+01,1.163000011444091797e+01,1.170000076293945312e+01,1.177300071716308594e+01,1.183000087738037109e+01,1.189300060272216797e+01,1.194500064849853516e+01,1.193800067901611328e+01,1.186300086975097656e+01,1.168300056457519531e+01,1.148000049591064453e+01,1.115800094604492188e+01,1.079300022125244141e+01,1.046300029754638672e+01,1.000000020040877343e+20,1.000000020040877343e+20,1.000000020040877343e+20,1.000000020040877343e+20,9.495000839233398438e+00,9.615000724792480469e+00
1.015000057220458984e+01,1.014500045776367188e+01,1.004500007629394531e+01,1.003500080108642578e+01,1.012300014495849609e+01,1.035000038146972656e+01,1.072800064086914062e+01,1.102300071716308594e+01,1.000000020040877343e+20,1.000000020040877343e+20,1.214800071716308594e+01,1.207800102233886719e+01,1.166000080108642578e+01,1.000000020040877343e+20,1.000000020040877343e+20,1.000000020040877343e+20,9.398000717163085938e+00,9.333000183105468750e+00,9.625000000000000000e+00,9.930000305175781250e+00,1.030000019073486328e+01,1.000000020040877343e+20,1.000000020040877343e+20,1.000000020040877343e+20,1.000000020040877343e+20,1.000000020040877343e+20,1.000000020040877343e+20,1.000000020040877343e+20,1.000000020040877343e+20,1.000000020040877343e+20,1.000000020040877343e+20,1.000000020040877343e+20,1.000000020040877343e+20,1.000000020040877343e+20,1.000000020040877343e+20,1.000000020040877343e+20,1.000000020040877343e+20,1.000000020040877343e+20,1.000000020040877343e+20,1.000000020040877343e+20,1.000000020040877343e+20,1.000000020040877343e+20,1.000000020040877343e+20,1.000000020040877343e+20,1.000000020040877343e+20,1.000000020040877343e+20,1.000000020040877343e+20,1.000000020040877343e+20,1.000000020040877343e+20,1.000000020040877343e+20,1.000000020040877343e+20,1.000000020040877343e+20,1.000000020040877343e+20,1.000000020040877343e+20,1.000000020040877343e+20,1.000000020040877343e+20,1.000000020040877343e+20,1.000000020040877343e+20,1.000000020040877343e+20,1.000000020040877343e+20,1.000000020040877343e+20,1.000000020040877343e+20,1.000000020040877343e+20,1.000000020040877343e+20,1.000000020040877343e+20,1.000000020040877343e+20,1.000000020040877343e+20,1.000000020040877343e+20,1.000000020040877343e+20,1.000000020040877343e+20,1.000000020040877343e+20,1.000000020040877343e+20,1.000000020040877343e+20,1.000000020040877343e+20,1.000000020040877343e+20,1.000000020040877343e+20,1.000000020040877343e+20,1.000000020040877343e+20,1.000000020040877343e+20,1.000000020040877343e+20,1.000000020040877343e+20,1.000000020040877343e+20,1.000000020040877343e+20,1.000000020040877343e+20,1.000000020040877343e+20,1.000000020040877343e+20,1.000000020040877343e+20,1.000000020040877343e+20,1.000000020040877343e+20,1.000000020040877343e+20,1.000000020040877343e+20,1.000000020040877343e+20,1.000000020040877343e+20,1.000000020040877343e+20,1.000000020040877343e+20,1.000000020040877343e+20,1.000000020040877343e+20,1.000000020040877343e+20,1.000000020040877343e+20,1.000000020040877343e+20,1.000000020040877343e+20,1.000000020040877343e+20,1.000000020040877343e+20,1.000000020040877343e+20,1.000000020040877343e+20,1.000000020040877343e+20,1.000000020040877343e+20,1.000000020040877343e+20,1.000000020040877343e+20,1.000000020040877343e+20,1.000000020040877343e+20,1.000000020040877343e+20,1.000000020040877343e+20,1.000000020040877343e+20,1.000000020040877343e+20,1.000000020040877343e+20,1.000000020040877343e+20,1.000000020040877343e+20,1.000000020040877343e+20,1.000000020040877343e+20,1.000000020040877343e+20,1.000000020040877343e+20,1.000000020040877343e+20,1.000000020040877343e+20,1.000000020040877343e+20,1.000000020040877343e+20,1.000000020040877343e+20,1.000000020040877343e+20,1.000000020040877343e+20,1.000000020040877343e+20,1.000000020040877343e+20,1.000000020040877343e+20,1.000000020040877343e+20,1.000000020040877343e+20,1.000000020040877343e+20,1.000000020040877343e+20,1.000000020040877343e+20,1.000000020040877343e+20,1.935000061988830566e+00,2.140000104904174805e+00,2.213000059127807617e+00,2.145000219345092773e+00,2.013000011444091797e+00,1.915000081062316895e+00,1.993000149726867676e+00,2.128000020980834961e+00,2.278000116348266602e+00,2.460000038146972656e+00,2.678000211715698242e+00,2.855000019073486328e+00,2.978000164031982422e+00,3.020000219345092773e+00,3.085000038146972656e+00,3.220000267028808594e+00,3.385000228881835938e+00,3.595000267028808594e+00,1.000000020040877343e+20,1.000000020040877343e+20,1.000000020040877343e+20,1.000000020040877343e+20,1.000000020040877343e+20,1.000000020040877343e+20,1.000000020040877343e+20,4.173000335693359375e+00,4.390000343322753906e+00,4.528000354766845703e+00,4.638000011444091797e+00,4.657999992370605469e+00,4.650000095367431641e+00,4.623000144958496094e+00,4.635000228881835938e+00,4.618000030517578125e+00,4.613000392913818359e+00,4.608000278472900391e+00,4.678000450134277344e+00,4.820000171661376953e+00,5.030000209808349609e+00,5.270000457763671875e+00,5.583000183105468750e+00,5.765000343322753906e+00,5.885000228881835938e+00,6.025000095367431641e+00,6.165000438690185547e+00,6.365000247955322266e+00,6.515000343322753906e+00,6.665000438690185547e+00,6.745000362396240234e+00,6.728000164031982422e+00,6.668000221252441406e+00,6.613000392913818359e+00,6.555000305175781250e+00,6.515000343322753906e+00,6.493000507354736328e+00,6.518000125885009766e+00,6.548000335693359375e+00,6.648000240325927734e+00,6.753000259399414062e+00,6.958000183105468750e+00,7.178000450134277344e+00,7.410000324249267578e+00,1.000000020040877343e+20,1.000000020040877343e+20,8.913000106811523438e+00,9.118000030517578125e+00,9.308000564575195312e+00,9.500000000000000000e+00,9.695000648498535156e+00,9.843000411987304688e+00,9.993000030517578125e+00,1.011800003051757812e+01,1.022300052642822266e+01,1.030500030517578125e+01,1.034800052642822266e+01,1.039800071716308594e+01,1.049300003051757812e+01,1.063300037384033203e+01,1.079300022125244141e+01,1.097800064086914062e+01,1.118300056457519531e+01,1.139000034332275391e+01,1.155800056457519531e+01,1.167300033569335938e+01,1.174300098419189453e+01,1.171000099182128906e+01,1.160000038146972656e+01,1.143000030517578125e+01,1.126500034332275391e+01,1.000000020040877343e+20,1.000000020040877343e+20,1.000000020040877343e+20,1.000000020040877343e+20,1.000000020040877343e+20,1.000000020040877343e+20,1.000000020040877343e+20,1.000000020040877343e+20,1.000000020040877343e+20,1.000000020040877343e+20,1.000000020040877343e+20,1.000000020040877343e+20,1.000000020040877343e+20,1.000000020040877343e+20,1.000000020040877343e+20,1.000000020040877343e+20,1.000000020040877343e+20,1.000000020040877343e+20,1.000000020040877343e+20,1.000000020040877343e+20,1.000000020040877343e+20,1.000000020040877343e+20,1.000000020040877343e+20,1.000000020040877343e+20,1.000000020040877343e+20,1.000000020040877343e+20,1.000000020040877343e+20,1.000000020040877343e+20,1.000000020040877343e+20,1.000000020040877343e+20,1.000000020040877343e+20,1.000000020040877343e+20,1.000000020040877343e+20,1.000000020040877343e+20,1.000000020040877343e+20,1.000000020040877343e+20,1.000000020040877343e+20,1.000000020040877343e+20,1.000000020040877343e+20,1.000000020040877343e+20,1.000000020040877343e+20,1.000000020040877343e+20,1.000000020040877343e+20,1.000000020040877343e+20,1.000000020040877343e+20,-1.009999990463256836e+00,-1.045000076293945312e+00,-1.015000104904174805e+00,-8.700000643730163574e-01,-6.520000100135803223e-01,-4.470000267028808594e-01,-1.650000065565109253e-01,2.230000048875808716e-01,5.530000329017639160e-01,7.080000042915344238e-01,9.230000376701354980e-01,1.000000020040877343e+20,1.000000020040877343e+20,1.000000020040877343e+20,1.000000020040877343e+20,1.000000020040877343e+20,1.000000020040877343e+20,1.000000020040877343e+20,1.000000020040877343e+20,1.000000020040877343e+20,1.000000020040877343e+20,1.000000020040877343e+20,1.000000020040877343e+20,1.000000020040877343e+20,1.000000020040877343e+20,1.000000020040877343e+20,1.050000041723251343e-01,4.880000352859497070e-01,1.027999997138977051e+00,1.593000054359436035e+00,2.238000154495239258e+00,2.868000030517578125e+00,3.538000106811523438e+00,4.083000183105468750e+00,4.560000419616699219e+00,4.915000438690185547e+00,5.188000202178955078e+00,5.350000381469726562e+00,5.433000087738037109e+00,5.508000373840332031e+00,5.565000057220458984e+00,5.675000190734863281e+00,5.813000202178955078e+00,6.030000209808349609e+00,6.295000076293945312e+00,6.535000324249267578e+00,6.858000278472900391e+00,7.290000438690185547e+00,7.760000228881835938e+00,8.220000267028808594e+00,8.678000450134277344e+00,9.083000183105468750e+00,9.440000534057617188e+00,9.745000839233398438e+00,9.980000495910644531e+00,1.013000011444091797e+01,1.028800010681152344e+01,1.042000007629394531e+01,1.058000087738037109e+01,1.077000045776367188e+01,1.091800022125244141e+01,1.106800079345703125e+01,1.121500015258789062e+01,1.132800006866455078e+01,1.143000030517578125e+01,1.151300048828125000e+01,1.161000061035156250e+01,1.174000072479248047e+01,1.185000038146972656e+01,1.194300079345703125e+01,1.201000022888183594e+01,1.207800102233886719e+01,1.214000034332275391e+01,1.215000057220458984e+01,1.217000102996826172e+01,1.213800048828125000e+01,1.199800014495849609e+01,1.185300064086914062e+01,1.158500099182128906e+01,1.121500015258789062e+01,1.082500076293945312e+01,1.051300048828125000e+01,1.000000020040877343e+20,1.000000020040877343e+20,1.000000020040877343e+20,9.975000381469726562e+00,1.006300067901611328e+01,1.010300064086914062e+01
1.046800041198730469e+01,1.038300037384033203e+01,1.031000041961669922e+01,1.031800079345703125e+01,1.051000022888183594e+01,1.080300045013427734e+01,1.122000026702880859e+01,1.158800029754638672e+01,1.000000020040877343e+20,1.000000020040877343e+20,1.270800018310546875e+01,1.000000020040877343e+20,1.197800064086914062e+01,1.146500015258789062e+01,1.096300029754638672e+01,1.044500064849853516e+01,9.988000869750976562e+00,9.820000648498535156e+00,1.001300048828125000e+01,1.051300048828125000e+01,1.072800064086914062e+01,1.000000020040877343e+20,1.000000020040877343e+20,1.000000020040877343e+20,1.000000020040877343e+20,1.000000020040877343e+20,1.000000020040877343e+20,1.000000020040877343e+20,1.000000020040877343e+20,1.000000020040877343e+20,1.000000020040877343e+20,1.000000020040877343e+20,1.000000020040877343e+20,1.000000020040877343e+20,1.000000020040877343e+20,1.000000020040877343e+20,1.000000020040877343e+20,1.000000020040877343e+20,1.000000020040877343e+20,1.000000020040877343e+20,1.000000020040877343e+20,1.000000020040877343e+20,1.000000020040877343e+20,1.000000020040877343e+20,1.000000020040877343e+20,1.000000020040877343e+20,1.000000020040877343e+20,1.000000020040877343e+20,1.000000020040877343e+20,1.000000020040877343e+20,1.000000020040877343e+20,1.000000020040877343e+20,1.000000020040877343e+20,1.000000020040877343e+20,1.000000020040877343e+20,1.000000020040877343e+20,1.000000020040877343e+20,1.000000020040877343e+20,1.000000020040877343e+20,1.000000020040877343e+20,1.000000020040877343e+20,1.000000020040877343e+20,1.000000020040877343e+20,1.000000020040877343e+20,1.000000020040877343e+20,1.000000020040877343e+20,1.000000020040877343e+20,1.000000020040877343e+20,1.000000020040877343e+20,1.000000020040877343e+20,1.000000020040877343e+20,1.000000020040877343e+20,1.000000020040877343e+20,1.000000020040877343e+20,1.000000020040877343e+20,1.000000020040877343e+20,1.000000020040877343e+20,1.000000020040877343e+20,1.000000020040877343e+20,1.000000020040877343e+20,1.000000020040877343e+20,1.000000020040877343e+20,1.000000020040877343e+20,1.000000020040877343e+20,1.000000020040877343e+20,1.000000020040877343e+20,1.000000020040877343e+20,1.000000020040877343e+20,1.000000020040877343e+20,1.000000020040877343e+20,1.000000020040877343e+20,1.000000020040877343e+20,1.000000020040877343e+20,1.000000020040877343e+20,1.000000020040877343e+20,1.000000020040877343e+20,1.000000020040877343e+20,1.000000020040877343e+20,1.000000020040877343e+20,1.000000020040877343e+20,1.000000020040877343e+20,1.000000020040877343e+20,1.000000020040877343e+20,1.000000020040877343e+20,1.000000020040877343e+20,1.000000020040877343e+20,1.000000020040877343e+20,1.000000020040877343e+20,1.000000020040877343e+20,1.000000020040877343e+20,1.000000020040877343e+20,1.000000020040877343e+20,1.000000020040877343e+20,1.000000020040877343e+20,1.000000020040877343e+20,1.000000020040877343e+20,1.000000020040877343e+20,1.000000020040877343e+20,1.000000020040877343e+20,1.000000020040877343e+20,1.000000020040877343e+20,1.000000020040877343e+20,1.000000020040877343e+20,1.000000020040877343e+20,1.000000020040877343e+20,1.000000020040877343e+20,1.000000020040877343e+20,1.000000020040877343e+20,1.000000020040877343e+20,1.000000020040877343e+20,1.000000020040877343e+20,1.000000020040877343e+20,1.000000020040877343e+20,1.000000020040877343e+20,1.000000020040877343e+20,1.000000020040877343e+20,7.250000238418579102e-01,6.180000305175781250e-01,1.053000092506408691e+00,1.418000102043151855e+00,1.775000095367431641e+00,1.958000063896179199e+00,1.890000104904174805e+00,1.895000100135803223e+00,2.035000085830688477e+00,2.278000116348266602e+00,2.528000116348266602e+00,2.803000211715698242e+00,3.053000211715698242e+00,3.308000087738037109e+00,3.488000154495239258e+00,3.600000143051147461e+00,3.715000152587890625e+00,3.838000297546386719e+00,4.065000057220458984e+00,4.228000164031982422e+00,1.000000020040877343e+20,1.000000020040877343e+20,1.000000020040877343e+20,1.000000020040877343e+20,1.000000020040877343e+20,1.000000020040877343e+20,4.493000030517578125e+00,4.638000011444091797e+00,4.698000431060791016e+00,4.748000144958496094e+00,4.735000133514404297e+00,4.723000049591064453e+00,4.728000164031982422e+00,4.775000095367431641e+00,4.833000183105468750e+00,4.855000019073486328e+00,4.795000076293945312e+00,4.820000171661376953e+00,4.885000228881835938e+00,5.010000228881835938e+00,5.148000240325927734e+00,5.295000076293945312e+00,5.440000057220458984e+00,5.560000419616699219e+00,5.630000114440917969e+00,5.778000354766845703e+00,5.963000297546386719e+00,6.163000106811523438e+00,6.383000373840332031e+00,6.608000278472900391e+00,6.830000400543212891e+00,6.933000564575195312e+00,6.993000507354736328e+00,7.055000305175781250e+00,7.113000392913818359e+00,7.170000553131103516e+00,7.183000564575195312e+00,7.215000152587890625e+00,7.268000125885009766e+00,7.408000469207763672e+00,7.615000247955322266e+00,7.848000526428222656e+00,8.079999923706054688e+00,8.333000183105468750e+00,8.873000144958496094e+00,9.025000572204589844e+00,9.175000190734863281e+00,9.305000305175781250e+00,9.430000305175781250e+00,9.548000335693359375e+00,9.643000602722167969e+00,9.723000526428222656e+00,9.780000686645507812e+00,9.850000381469726562e+00,9.863000869750976562e+00,9.895000457763671875e+00,9.923000335693359375e+00,1.002800083160400391e+01,1.014800071716308594e+01,1.029000091552734375e+01,1.044800090789794922e+01,1.063500022888183594e+01,1.083300018310546875e+01,1.105800056457519531e+01,1.126300048828125000e+01,1.144500064849853516e+01,1.160000038146972656e+01,1.165500068664550781e+01,1.161500072479248047e+01,1.151500034332275391e+01,1.141300010681152344e+01,1.145000076293945312e+01,1.146300029754638672e+01,1.000000020040877343e+20,1.000000020040877343e+20,1.000000020040877343e+20,1.000000020040877343e+20,1.000000020040877343e+20,1.000000020040877343e+20,1.000000020040877343e+20,1.000000020040877343e+20,1.000000020040877343e+20,1.000000020040877343e+20,1.000000020040877343e+20,1.000000020040877343e+20,1.000000020040877343e+20,1.000000020040877343e+20,1.000000020040877343e+20,1.000000020040877343e+20,1.000000020040877343e+20,1.000000020040877343e+20,1.000000020040877343e+20,1.000000020040877343e+20,1.000000020040877343e+20,1.000000020040877343e+20,1.000000020040877343e+20,1.000000020040877343e+20,1.000000020040877343e+20,1.000000020040877343e+20,1.000000020040877343e+20,1.000000020040877343e+20,1.000000020040877343e+20,1.000000020040877343e+20,1.000000020040877343e+20,1.000000020040877343e+20,1.000000020040877343e+20,1.000000020040877343e+20,1.000000020040877343e+20,1.000000020040877343e+20,1.000000020040877343e+20,1.000000020040877343e+20,1.000000020040877343e+20,1.000000020040877343e+20,1.000000020040877343e+20,1.000000020040877343e+20,1.000000020040877343e+20,1.000000020040877343e+20,1.000000020040877343e+20,-7.100000381469726562e-01,-6.320000290870666504e-01,-4.770000278949737549e-01,-3.070000112056732178e-01,8.000000379979610443e-03,3.430000245571136475e-01,5.049999952316284180e-01,6.850000619888305664e-01,7.980000376701354980e-01,1.000000020040877343e+20,1.000000020040877343e+20,1.000000020040877343e+20,1.000000020040877343e+20,1.000000020040877343e+20,1.000000020040877343e+20,1.000000020040877343e+20,1.000000020040877343e+20,1.000000020040877343e+20,1.000000020040877343e+20,1.000000020040877343e+20,1.000000020040877343e+20,1.000000020040877343e+20,1.000000020040877343e+20,1.000000020040877343e+20,1.000000020040877343e+20,3.250000178813934326e-01,7.530000209808349609e-01,1.320000052452087402e+00,1.798000097274780273e+00,2.178000211715698242e+00,2.678000211715698242e+00,3.175000190734863281e+00,3.678000211715698242e+00,4.188000202178955078e+00,4.708000183105468750e+00,5.070000171661376953e+00,5.425000190734863281e+00,5.690000057220458984e+00,5.873000144958496094e+00,6.068000316619873047e+00,6.330000400543212891e+00,6.568000316619873047e+00,6.840000152587890625e+00,7.108000278472900391e+00,7.445000171661376953e+00,7.783000469207763672e+00,8.140000343322753906e+00,8.515000343322753906e+00,8.875000000000000000e+00,9.260000228881835938e+00,9.548000335693359375e+00,9.833000183105468750e+00,1.007800006866455078e+01,1.030300045013427734e+01,1.047800064086914062e+01,1.064500045776367188e+01,1.082800006866455078e+01,1.097000026702880859e+01,1.114800071716308594e+01,1.129000091552734375e+01,1.144000053405761719e+01,1.155500030517578125e+01,1.169300079345703125e+01,1.182300090789794922e+01,1.195000076293945312e+01,1.205500030517578125e+01,1.217000102996826172e+01,1.221800041198730469e+01,1.228300094604492188e+01,1.234300041198730469e+01,1.236800098419189453e+01,1.238000011444091797e+01,1.238300037384033203e+01,1.230000019073486328e+01,1.218800067901611328e+01,1.205300045013427734e+01,1.178300094604492188e+01,1.130000019073486328e+01,1.089000034332275391e+01,1.057000064849853516e+01,1.055500030517578125e+01,1.000000020040877343e+20,1.000000020040877343e+20,1.000000020040877343e+20,1.048300075531005859e+01,1.047300052642822266e+01
1.049800014495849609e+01,1.042300033569335938e+01,1.051000022888183594e+01,1.073800086975097656e+01,1.110300064086914062e+01,1.154800033569335938e+01,1.182800102233886719e+01,1.229500102996826172e+01,1.299300098419189453e+01,1.000000020040877343e+20,1.000000020040877343e+20,1.316500091552734375e+01,1.267300033569335938e+01,1.225000095367431641e+01,1.176800060272216797e+01,1.127500057220458984e+01,1.095800018310546875e+01,1.000000020040877343e+20,1.000000020040877343e+20,1.132300090789794922e+01,1.000000020040877343e+20,1.000000020040877343e+20,1.000000020040877343e+20,1.000000020040877343e+20,1.000000020040877343e+20,1.000000020040877343e+20,1.000000020040877343e+20,1.000000020040877343e+20,1.000000020040877343e+20,1.000000020040877343e+20,1.000000020040877343e+20,1.000000020040877343e+20,1.000000020040877343e+20,1.000000020040877343e+20,1.000000020040877343e+20,1.000000020040877343e+20,1.000000020040877343e+20,1.000000020040877343e+20,1.000000020040877343e+20,1.000000020040877343e+20,1.000000020040877343e+20,1.000000020040877343e+20,1.000000020040877343e+20,1.000000020040877343e+20,1.000000020040877343e+20,1.000000020040877343e+20,1.000000020040877343e+20,1.000000020040877343e+20,1.000000020040877343e+20,1.000000020040877343e+20,1.000000020040877343e+20,1.000000020040877343e+20,1.000000020040877343e+20,1.000000020040877343e+20,1.000000020040877343e+20,1.000000020040877343e+20,1.000000020040877343e+20,1.000000020040877343e+20,1.000000020040877343e+20,1.000000020040877343e+20,1.000000020040877343e+20,1.000000020040877343e+20,1.000000020040877343e+20,1.000000020040877343e+20,1.000000020040877343e+20,1.000000020040877343e+20,1.000000020040877343e+20,1.000000020040877343e+20,1.000000020040877343e+20,1.000000020040877343e+20,1.000000020040877343e+20,1.000000020040877343e+20,1.000000020040877343e+20,1.000000020040877343e+20,1.000000020040877343e+20,1.000000020040877343e+20,1.000000020040877343e+20,1.000000020040877343e+20,1.000000020040877343e+20,1.000000020040877343e+20,1.000000020040877343e+20,1.000000020040877343e+20,1.000000020040877343e+20,1.000000020040877343e+20,1.000000020040877343e+20,1.000000020040877343e+20,1.000000020040877343e+20,1.000000020040877343e+20,1.000000020040877343e+20,1.000000020040877343e+20,1.000000020040877343e+20,1.000000020040877343e+20,1.000000020040877343e+20,1.000000020040877343e+20,1.000000020040877343e+20,1.000000020040877343e+20,1.000000020040877343e+20,1.000000020040877343e+20,1.000000020040877343e+20,1.000000020040877343e+20,1.000000020040877343e+20,1.000000020040877343e+20,1.000000020040877343e+20,1.000000020040877343e+20,1.000000020040877343e+20,1.000000020040877343e+20,1.000000020040877343e+20,1.000000020040877343e+20,1.000000020040877343e+20,1.000000020040877343e+20,1.000000020040877343e+20,1.000000020040877343e+20,1.000000020040877343e+20,1.000000020040877343e+20,1.000000020040877343e+20,1.000000020040877343e+20,1.000000020040877343e+20,1.000000020040877343e+20,1.000000020040877343e+20,1.000000020040877343e+20,1.000000020040877343e+20,1.000000020040877343e+20,1.000000020040877343e+20,1.000000020040877343e+20,1.000000020040877343e+20,1.000000020040877343e+20,1.000000020040877343e+20,1.000000020040877343e+20,1.000000020040877343e+20,1.000000020040877343e+20,1.000000020040877343e+20,1.000000020040877343e+20,1.000000020040877343e+20,1.000000020040877343e+20,1.000000020040877343e+20,1.000000020040877343e+20,2.830000221729278564e-01,3.530000150203704834e-01,5.430000424385070801e-01,7.880000472068786621e-01,1.268000006675720215e+00,1.993000149726867676e+00,1.828000068664550781e+00,1.953000068664550781e+00,2.148000001907348633e+00,2.390000104904174805e+00,2.728000164031982422e+00,3.048000097274780273e+00,3.333000183105468750e+00,3.608000278472900391e+00,3.840000152587890625e+00,4.003000259399414062e+00,4.188000202178955078e+00,4.358000278472900391e+00,4.505000114440917969e+00,4.657999992370605469e+00,1.000000020040877343e+20,1.000000020040877343e+20,1.000000020040877343e+20,1.000000020040877343e+20,1.000000020040877343e+20,4.810000419616699219e+00,4.880000114440917969e+00,4.888000011444091797e+00,4.888000011444091797e+00,4.863000392913818359e+00,4.853000164031982422e+00,4.918000221252441406e+00,4.973000049591064453e+00,5.078000068664550781e+00,5.153000354766845703e+00,5.158000469207763672e+00,5.185000419616699219e+00,5.215000152587890625e+00,5.253000259399414062e+00,5.318000316619873047e+00,5.385000228881835938e+00,5.468000411987304688e+00,5.485000133514404297e+00,5.513000488281250000e+00,5.585000038146972656e+00,5.735000133514404297e+00,5.940000057220458984e+00,6.180000305175781250e+00,6.373000144958496094e+00,6.613000392913818359e+00,6.808000087738037109e+00,6.960000514984130859e+00,7.060000419616699219e+00,7.163000106811523438e+00,7.268000125885009766e+00,7.378000259399414062e+00,7.488000392913818359e+00,7.545000553131103516e+00,7.735000133514404297e+00,7.963000297546386719e+00,8.204999923706054688e+00,8.447999954223632812e+00,8.648000717163085938e+00,8.813000679016113281e+00,8.993000030517578125e+00,9.072999954223632812e+00,9.138000488281250000e+00,9.173000335693359375e+00,9.223000526428222656e+00,9.255000114440917969e+00,9.255000114440917969e+00,9.268000602722167969e+00,9.313000679016113281e+00,9.345000267028808594e+00,9.407999992370605469e+00,9.485000610351562500e+00,9.603000640869140625e+00,9.773000717163085938e+00,9.925000190734863281e+00,1.013300037384033203e+01,1.028300094604492188e+01,1.044800090789794922e+01,1.064800071716308594e+01,1.085300064086914062e+01,1.105800056457519531e+01,1.124500083923339844e+01,1.141500091552734375e+01,1.152300071716308594e+01,1.155000019073486328e+01,1.151300048828125000e+01,1.148800086975097656e+01,1.150000095367431641e+01,1.156800079345703125e+01,1.164000034332275391e+01,1.000000020040877343e+20,1.000000020040877343e+20,1.000000020040877343e+20,1.000000020040877343e+20,1.000000020040877343e+20,1.000000020040877343e+20,1.000000020040877343e+20,1.000000020040877343e+20,1.000000020040877343e+20,1.000000020040877343e+20,1.000000020040877343e+20,1.000000020040877343e+20,1.000000020040877343e+20,1.000000020040877343e+20,1.000000020040877343e+20,1.000000020040877343e+20,1.000000020040877343e+20,1.000000020040877343e+20,1.000000020040877343e+20,1.000000020040877343e+20,1.000000020040877343e+20,1.000000020040877343e+20,1.000000020040877343e+20,1.000000020040877343e+20,1.000000020040877343e+20,1.000000020040877343e+20,1.000000020040877343e+20,1.000000020040877343e+20,1.000000020040877343e+20,1.000000020040877343e+20,1.000000020040877343e+20,1.000000020040877343e+20,1.000000020040877343e+20,1.000000020040877343e+20,1.000000020040877343e+20,1.000000020040877343e+20,1.000000020040877343e+20,1.000000020040877343e+20,1.000000020040877343e+20,1.000000020040877343e+20,1.000000020040877343e+20,1.000000020040877343e+20,1.000000020040877343e+20,1.000000020040877343e+20,1.000000020040877343e+20,1.000000020040877343e+20,1.000000020040877343e+20,1.000000020040877343e+20,3.600000143051147461e-01,6.550000309944152832e-01,8.150000572204589844e-01,1.000000020040877343e+20,1.000000020040877343e+20,1.000000020040877343e+20,1.000000020040877343e+20,1.000000020040877343e+20,1.000000020040877343e+20,1.000000020040877343e+20,1.000000020040877343e+20,1.000000020040877343e+20,1.000000020040877343e+20,1.000000020040877343e+20,1.000000020040877343e+20,1.000000020040877343e+20,1.000000020040877343e+20,1.000000020040877343e+20,1.000000020040877343e+20,1.000000020040877343e+20,1.000000020040877343e+20,1.000000020040877343e+20,1.000000020040877343e+20,1.000000020040877343e+20,1.665000081062316895e+00,1.793000102043151855e+00,2.025000095367431641e+00,2.238000154495239258e+00,2.683000087738037109e+00,3.298000097274780273e+00,3.968000173568725586e+00,4.755000114440917969e+00,5.425000190734863281e+00,5.913000106811523438e+00,6.353000164031982422e+00,6.745000362396240234e+00,7.118000507354736328e+00,7.430000305175781250e+00,7.625000476837158203e+00,7.798000335693359375e+00,8.010000228881835938e+00,8.275000572204589844e+00,8.525000572204589844e+00,8.789999961853027344e+00,9.083000183105468750e+00,9.345000267028808594e+00,9.628000259399414062e+00,9.895000457763671875e+00,1.018300056457519531e+01,1.046800041198730469e+01,1.065500068664550781e+01,1.084000015258789062e+01,1.104000091552734375e+01,1.126000022888183594e+01,1.146300029754638672e+01,1.163800048828125000e+01,1.177300071716308594e+01,1.192500019073486328e+01,1.210300064086914062e+01,1.224800014495849609e+01,1.232000064849853516e+01,1.241000080108642578e+01,1.249800014495849609e+01,1.250800037384033203e+01,1.257000064849853516e+01,1.260300064086914062e+01,1.263300037384033203e+01,1.267300033569335938e+01,1.268800067901611328e+01,1.264800071716308594e+01,1.254000091552734375e+01,1.239000034332275391e+01,1.205500030517578125e+01,1.000000020040877343e+20,1.000000020040877343e+20,1.000000020040877343e+20,1.084800052642822266e+01,1.102800083160400391e+01,1.000000020040877343e+20,1.000000020040877343e+20,1.000000020040877343e+20,1.052300071716308594e+01
1.046000003814697266e+01,1.075000095367431641e+01,1.093000030517578125e+01,1.128800010681152344e+01,1.179800033569335938e+01,1.212800025939941406e+01,1.000000020040877343e+20,1.000000020040877343e+20,1.000000020040877343e+20,1.000000020040877343e+20,1.000000020040877343e+20,1.000000020040877343e+20,1.000000020040877343e+20,1.000000020040877343e+20,1.000000020040877343e+20,1.000000020040877343e+20,1.000000020040877343e+20,1.000000020040877343e+20,1.000000020040877343e+20,1.000000020040877343e+20,1.000000020040877343e+20,1.000000020040877343e+20,1.000000020040877343e+20,1.000000020040877343e+20,1.000000020040877343e+20,1.000000020040877343e+20,1.000000020040877343e+20,1.000000020040877343e+20,1.000000020040877343e+20,1.000000020040877343e+20,1.000000020040877343e+20,1.000000020040877343e+20,1.000000020040877343e+20,1.000000020040877343e+20,1.000000020040877343e+20,1.000000020040877343e+20,1.000000020040877343e+20,1.000000020040877343e+20,1.000000020040877343e+20,1.000000020040877343e+20,1.000000020040877343e+20,1.000000020040877343e+20,1.000000020040877343e+20,1.000000020040877343e+20,1.000000020040877343e+20,1.000000020040877343e+20,1.000000020040877343e+20,1.000000020040877343e+20,1.000000020040877343e+20,1.000000020040877343e+20,1.000000020040877343e+20,1.000000020040877343e+20,1.000000020040877343e+20,1.000000020040877343e+20,1.000000020040877343e+20,1.000000020040877343e+20,1.000000020040877343e+20,1.000000020040877343e+20,1.000000020040877343e+20,1.000000020040877343e+20,1.000000020040877343e+20,1.000000020040877343e+20,1.000000020040877343e+20,1.000000020040877343e+20,1.000000020040877343e+20,1.000000020040877343e+20,1.000000020040877343e+20,1.000000020040877343e+20,1.000000020040877343e+20,1.000000020040877343e+20,1.000000020040877343e+20,1.000000020040877343e+20,1.000000020040877343e+20,1.000000020040877343e+20,1.000000020040877343e+20,1.000000020040877343e+20,1.000000020040877343e+20,1.000000020040877343e+20,1.000000020040877343e+20,1.000000020040877343e+20,1.000000020040877343e+20,1.000000020040877343e+20,1.000000020040877343e+20,1.000000020040877343e+20,1.000000020040877343e+20,1.000000020040877343e+20,1.000000020040877343e+20,1.000000020040877343e+20,1.000000020040877343e+20,1.000000020040877343e+20,1.000000020040877343e+20,1.000000020040877343e+20,1.000000020040877343e+20,1.000000020040877343e+20,1.000000020040877343e+20,1.000000020040877343e+20,1.000000020040877343e+20,1.000000020040877343e+20,1.000000020040877343e+20,1.000000020040877343e+20,1.000000020040877343e+20,1.000000020040877343e+20,1.000000020040877343e+20,1.000000020040877343e+20,1.000000020040877343e+20,1.000000020040877343e+20,1.000000020040877343e+20,1.000000020040877343e+20,1.000000020040877343e+20,1.000000020040877343e+20,1.000000020040877343e+20,1.000000020040877343e+20,1.000000020040877343e+20,1.000000020040877343e+20,1.000000020040877343e+20,1.000000020040877343e+20,1.000000020040877343e+20,1.000000020040877343e+20,1.000000020040877343e+20,1.000000020040877343e+20,1.000000020040877343e+20,1.000000020040877343e+20,1.000000020040877343e+20,1.000000020040877343e+20,1.000000020040877343e+20,1.000000020040877343e+20,1.000000020040877343e+20,1.000000020040877343e+20,1.000000020040877343e+20,1.000000020040877343e+20,1.000000020040877343e+20,1.000000020040877343e+20,1.000000020040877343e+20,1.000000020040877343e+20,1.000000020040877343e+20,1.000000020040877343e+20,1.000000020040877343e+20,1.000000020040877343e+20,1.000000020040877343e+20,1.000000020040877343e+20,1.000000020040877343e+20,3.128000259399414062e+00,1.000000020040877343e+20,2.133000135421752930e+00,2.323000192642211914e+00,2.615000009536743164e+00,2.910000085830688477e+00,3.220000267028808594e+00,3.425000190734863281e+00,3.688000202178955078e+00,3.953000068664550781e+00,4.255000114440917969e+00,4.435000419616699219e+00,4.560000419616699219e+00,4.673000335693359375e+00,4.838000297546386719e+00,1.000000020040877343e+20,1.000000020040877343e+20,1.000000020040877343e+20,1.000000020040877343e+20,5.078000068664550781e+00,5.110000133514404297e+00,5.155000209808349609e+00,5.140000343322753906e+00,5.125000476837158203e+00,5.123000144958496094e+00,5.143000125885009766e+00,5.190000057220458984e+00,5.295000076293945312e+00,5.375000476837158203e+00,5.453000068664550781e+00,5.518000125885009766e+00,5.473000049591064453e+00,5.475000381469726562e+00,5.483000278472900391e+00,5.503000259399414062e+00,5.513000488281250000e+00,5.530000209808349609e+00,5.560000419616699219e+00,5.598000049591064453e+00,5.680000305175781250e+00,5.808000087738037109e+00,5.960000514984130859e+00,6.160000324249267578e+00,6.350000381469726562e+00,6.523000240325927734e+00,6.638000488281250000e+00,6.735000133514404297e+00,6.890000343322753906e+00,7.073000431060791016e+00,7.203000545501708984e+00,7.368000507354736328e+00,7.568000316619873047e+00,7.760000228881835938e+00,7.925000190734863281e+00,8.100000381469726562e+00,8.322999954223632812e+00,8.503000259399414062e+00,8.608000755310058594e+00,8.657999992370605469e+00,8.723000526428222656e+00,8.745000839233398438e+00,8.768000602722167969e+00,8.768000602722167969e+00,8.770000457763671875e+00,8.785000801086425781e+00,8.813000679016113281e+00,8.800000190734863281e+00,8.833000183105468750e+00,8.920000076293945312e+00,9.023000717163085938e+00,9.155000686645507812e+00,9.368000030517578125e+00,9.575000762939453125e+00,9.773000717163085938e+00,9.980000495910644531e+00,1.018300056457519531e+01,1.036000061035156250e+01,1.053800010681152344e+01,1.075000095367431641e+01,1.094500064849853516e+01,1.113800048828125000e+01,1.127300071716308594e+01,1.139000034332275391e+01,1.143500041961669922e+01,1.146300029754638672e+01,1.149300098419189453e+01,1.159500026702880859e+01,1.170500087738037109e+01,1.177500057220458984e+01,1.000000020040877343e+20,1.000000020040877343e+20,1.000000020040877343e+20,1.000000020040877343e+20,1.000000020040877343e+20,1.000000020040877343e+20,1.000000020040877343e+20,1.000000020040877343e+20,1.000000020040877343e+20,1.000000020040877343e+20,1.000000020040877343e+20,1.000000020040877343e+20,1.000000020040877343e+20,1.000000020040877343e+20,1.000000020040877343e+20,1.000000020040877343e+20,1.000000020040877343e+20,1.000000020040877343e+20,1.000000020040877343e+20,1.000000020040877343e+20,1.000000020040877343e+20,1.000000020040877343e+20,1.000000020040877343e+20,1.000000020040877343e+20,1.000000020040877343e+20,1.000000020040877343e+20,1.000000020040877343e+20,1.000000020040877343e+20,1.000000020040877343e+20,1.000000020040877343e+20,1.000000020040877343e+20,1.000000020040877343e+20,1.000000020040877343e+20,1.000000020040877343e+20,1.000000020040877343e+20,1.000000020040877343e+20,1.000000020040877343e+20,1.000000020040877343e+20,1.000000020040877343e+20,1.000000020040877343e+20,1.000000020040877343e+20,1.000000020040877343e+20,1.000000020040877343e+20,1.000000020040877343e+20,1.000000020040877343e+20,1.000000020040877343e+20,1.000000020040877343e+20,1.000000020040877343e+20,1.065000057220458984e+00,1.273000001907348633e+00,1.303000092506408691e+00,1.000000020040877343e+20,1.000000020040877343e+20,1.000000020040877343e+20,1.000000020040877343e+20,1.000000020040877343e+20,1.000000020040877343e+20,1.000000020040877343e+20,1.000000020040877343e+20,1.000000020040877343e+20,1.000000020040877343e+20,1.000000020040877343e+20,1.000000020040877343e+20,1.000000020040877343e+20,1.000000020040877343e+20,1.000000020040877343e+20,1.000000020040877343e+20,1.000000020040877343e+20,1.000000020040877343e+20,1.000000020040877343e+20,1.000000020040877343e+20,1.000000020040877343e+20,1.000000020040877343e+20,1.000000020040877343e+20,1.890000104904174805e+00,1.905000090599060059e+00,2.080000162124633789e+00,2.580000162124633789e+00,3.390000104904174805e+00,4.394999980926513672e+00,5.360000133514404297e+00,6.240000247955322266e+00,6.953000545501708984e+00,7.558000564575195312e+00,8.072999954223632812e+00,8.368000030517578125e+00,8.575000762939453125e+00,8.697999954223632812e+00,8.798000335693359375e+00,8.945000648498535156e+00,9.068000793457031250e+00,9.258000373840332031e+00,9.460000038146972656e+00,9.653000831604003906e+00,9.873000144958496094e+00,1.017300033569335938e+01,1.050000095367431641e+01,1.075800037384033203e+01,1.103000068664550781e+01,1.126800060272216797e+01,1.145800018310546875e+01,1.170500087738037109e+01,1.193800067901611328e+01,1.212800025939941406e+01,1.227800083160400391e+01,1.238000011444091797e+01,1.249300098419189453e+01,1.260800075531005859e+01,1.264800071716308594e+01,1.271500015258789062e+01,1.278800106048583984e+01,1.282500076293945312e+01,1.285000038146972656e+01,1.280800056457519531e+01,1.283300018310546875e+01,1.284800052642822266e+01,1.281800079345703125e+01,1.278300094604492188e+01,1.263800048828125000e+01,1.246500015258789062e+01,1.000000020040877343e+20,1.000000020040877343e+20,1.000000020040877343e+20,1.000000020040877343e+20,1.106300067901611328e+01,1.090800094604492188e+01,1.000000020040877343e+20,1.000000020040877343e+20,1.000000020040877343e+20,1.000000020040877343e+20
1.000000020040877343e+20,1.149500083923339844e+01,1.155300045013427734e+01,1.183000087738037109e+01,1.220800018310546875e+01,1.000000020040877343e+20,1.000000020040877343e+20,1.000000020040877343e+20,1.000000020040877343e+20,1.000000020040877343e+20,1.000000020040877343e+20,1.000000020040877343e+20,1.000000020040877343e+20,1.000000020040877343e+20,1.000000020040877343e+20,1.000000020040877343e+20,1.000000020040877343e+20,1.000000020040877343e+20,1.000000020040877343e+20,1.000000020040877343e+20,1.000000020040877343e+20,1.000000020040877343e+20,1.000000020040877343e+20,1.000000020040877343e+20,1.000000020040877343e+20,1.000000020040877343e+20,1.000000020040877343e+20,1.000000020040877343e+20,1.000000020040877343e+20,1.000000020040877343e+20,1.000000020040877343e+20,1.000000020040877343e+20,1.000000020040877343e+20,1.000000020040877343e+20,1.000000020040877343e+20,1.000000020040877343e+20,1.000000020040877343e+20,1.000000020040877343e+20,1.000000020040877343e+20,1.000000020040877343e+20,1.000000020040877343e+20,1.000000020040877343e+20,1.000000020040877343e+20,1.000000020040877343e+20,1.000000020040877343e+20,1.000000020040877343e+20,1.000000020040877343e+20,1.000000020040877343e+20,1.000000020040877343e+20,1.000000020040877343e+20,1.000000020040877343e+20,1.000000020040877343e+20,1.000000020040877343e+20,1.000000020040877343e+20,1.000000020040877343e+20,1.000000020040877343e+20,1.000000020040877343e+20,1.000000020040877343e+20,1.000000020040877343e+20,1.000000020040877343e+20,1.000000020040877343e+20,1.000000020040877343e+20,1.000000020040877343e+20,1.000000020040877343e+20,1.000000020040877343e+20,1.000000020040877343e+20,1.000000020040877343e+20,1.000000020040877343e+20,1.000000020040877343e+20,1.000000020040877343e+20,1.000000020040877343e+20,1.000000020040877343e+20,1.000000020040877343e+20,1.000000020040877343e+20,1.000000020040877343e+20,1.000000020040877343e+20,1.000000020040877343e+20,1.000000020040877343e+20,1.000000020040877343e+20,1.000000020040877343e+20,1.000000020040877343e+20,1.000000020040877343e+20,1.000000020040877343e+20,1.000000020040877343e+20,1.000000020040877343e+20,1.000000020040877343e+20,1.000000020040877343e+20,1.000000020040877343e+20,1.000000020040877343e+20,1.000000020040877343e+20,1.000000020040877343e+20,1.000000020040877343e+20,1.000000020040877343e+20,1.000000020040877343e+20,1.000000020040877343e+20,1.000000020040877343e+20,1.000000020040877343e+20,1.000000020040877343e+20,1.000000020040877343e+20,1.000000020040877343e+20,1.000000020040877343e+20,1.000000020040877343e+20,1.000000020040877343e+20,1.000000020040877343e+20,1.000000020040877343e+20,1.000000020040877343e+20,1.000000020040877343e+20,1.000000020040877343e+20,1.000000020040877343e+20,1.000000020040877343e+20,1.000000020040877343e+20,1.000000020040877343e+20,1.000000020040877343e+20,1.000000020040877343e+20,1.000000020040877343e+20,1.000000020040877343e+20,1.000000020040877343e+20,1.000000020040877343e+20,1.000000020040877343e+20,1.000000020040877343e+20,1.000000020040877343e+20,1.000000020040877343e+20,1.000000020040877343e+20,1.000000020040877343e+20,1.000000020040877343e+20,1.000000020040877343e+20,1.000000020040877343e+20,1.000000020040877343e+20,1.000000020040877343e+20,1.000000020040877343e+20,1.000000020040877343e+20,1.000000020040877343e+20,1.000000020040877343e+20,1.000000020040877343e+20,1.000000020040877343e+20,1.000000020040877343e+20,1.000000020040877343e+20,1.000000020040877343e+20,1.000000020040877343e+20,1.000000020040877343e+20,1.000000020040877343e+20,4.298000335693359375e+00,1.000000020040877343e+20,2.553000211715698242e+00,2.578000068664550781e+00,2.725000143051147461e+00,2.955000162124633789e+00,3.233000040054321289e+00,3.458000183105468750e+00,3.680000066757202148e+00,3.943000078201293945e+00,4.233000278472900391e+00,4.443000316619873047e+00,4.510000228881835938e+00,4.583000183105468750e+00,4.708000183105468750e+00,1.000000020040877343e+20,1.000000020040877343e+20,4.723000049591064453e+00,4.863000392913818359e+00,5.050000190734863281e+00,5.113000392913818359e+00,5.190000057220458984e+00,5.218000411987304688e+00,5.300000190734863281e+00,5.348000049591064453e+00,5.383000373840332031e+00,5.410000324249267578e+00,5.478000164031982422e+00,5.528000354766845703e+00,5.608000278472900391e+00,5.658000469207763672e+00,5.660000324249267578e+00,5.668000221252441406e+00,5.628000259399414062e+00,5.603000164031982422e+00,5.580000400543212891e+00,5.593000411987304688e+00,5.590000152587890625e+00,5.635000228881835938e+00,5.715000152587890625e+00,5.840000152587890625e+00,5.988000392913818359e+00,6.155000209808349609e+00,6.325000286102294922e+00,6.455000400543212891e+00,6.528000354766845703e+00,6.623000144958496094e+00,6.763000488281250000e+00,6.973000526428222656e+00,7.200000286102294922e+00,7.315000534057617188e+00,7.488000392913818359e+00,7.655000209808349609e+00,7.798000335693359375e+00,7.903000354766845703e+00,8.032999992370605469e+00,8.123000144958496094e+00,8.153000831604003906e+00,8.164999961853027344e+00,8.185000419616699219e+00,8.153000831604003906e+00,8.153000831604003906e+00,8.140000343322753906e+00,8.173000335693359375e+00,8.260000228881835938e+00,8.310000419616699219e+00,8.343000411987304688e+00,8.428000450134277344e+00,8.543000221252441406e+00,8.700000762939453125e+00,8.903000831604003906e+00,9.098000526428222656e+00,9.350000381469726562e+00,9.563000679016113281e+00,9.760000228881835938e+00,9.960000038146972656e+00,1.019000053405761719e+01,1.042800045013427734e+01,1.064800071716308594e+01,1.085300064086914062e+01,1.103500080108642578e+01,1.116800022125244141e+01,1.126800060272216797e+01,1.135000038146972656e+01,1.144800090789794922e+01,1.157800102233886719e+01,1.173300075531005859e+01,1.189800071716308594e+01,1.204300022125244141e+01,1.226800060272216797e+01,1.232300090789794922e+01,1.000000020040877343e+20,1.000000020040877343e+20,1.000000020040877343e+20,1.000000020040877343e+20,1.000000020040877343e+20,1.000000020040877343e+20,1.000000020040877343e+20,1.000000020040877343e+20,1.000000020040877343e+20,1.000000020040877343e+20,1.000000020040877343e+20,1.000000020040877343e+20,1.000000020040877343e+20,1.000000020040877343e+20,1.000000020040877343e+20,1.000000020040877343e+20,1.000000020040877343e+20,1.000000020040877343e+20,1.000000020040877343e+20,1.000000020040877343e+20,1.000000020040877343e+20,1.000000020040877343e+20,1.000000020040877343e+20,1.000000020040877343e+20,1.000000020040877343e+20,1.000000020040877343e+20,1.000000020040877343e+20,1.000000020040877343e+20,1.000000020040877343e+20,1.000000020040877343e+20,1.000000020040877343e+20,1.000000020040877343e+20,1.000000020040877343e+20,1.000000020040877343e+20,1.000000020040877343e+20,1.000000020040877343e+20,1.000000020040877343e+20,1.000000020040877343e+20,1.000000020040877343e+20,1.000000020040877343e+20,1.000000020040877343e+20,1.000000020040877343e+20,1.000000020040877343e+20,1.000000020040877343e+20,1.000000020040877343e+20,1.000000020040877343e+20,9.480000734329223633e-01,1.230000019073486328e+00,1.575000047683715820e+00,1.000000020040877343e+20,1.000000020040877343e+20,1.000000020040877343e+20,1.000000020040877343e+20,1.000000020040877343e+20,1.000000020040877343e+20,1.000000020040877343e+20,1.000000020040877343e+20,1.000000020040877343e+20,1.000000020040877343e+20,1.000000020040877343e+20,1.000000020040877343e+20,1.000000020040877343e+20,1.000000020040877343e+20,1.000000020040877343e+20,1.000000020040877343e+20,1.000000020040877343e+20,1.000000020040877343e+20,1.000000020040877343e+20,1.000000020040877343e+20,1.000000020040877343e+20,1.000000020040877343e+20,1.000000020040877343e+20,2.003000020980834961e+00,2.005000114440917969e+00,2.113000154495239258e+00,2.468000173568725586e+00,3.110000133514404297e+00,4.039999961853027344e+00,5.180000305175781250e+00,6.363000392913818359e+00,7.408000469207763672e+00,8.240000724792480469e+00,8.888000488281250000e+00,9.320000648498535156e+00,9.600000381469726562e+00,9.733000755310058594e+00,9.785000801086425781e+00,9.803000450134277344e+00,9.890000343322753906e+00,1.000500011444091797e+01,1.008000087738037109e+01,1.023500061035156250e+01,1.044000053405761719e+01,1.069000053405761719e+01,1.099000072479248047e+01,1.133800029754638672e+01,1.164300060272216797e+01,1.188800048828125000e+01,1.212800025939941406e+01,1.236500072479248047e+01,1.256800079345703125e+01,1.270000076293945312e+01,1.279000091552734375e+01,1.279500102996826172e+01,1.286800098419189453e+01,1.291300106048583984e+01,1.296500015258789062e+01,1.298300075531005859e+01,1.303800106048583984e+01,1.306500053405761719e+01,1.310000038146972656e+01,1.311800098419189453e+01,1.306800079345703125e+01,1.306500053405761719e+01,1.304500102996826172e+01,1.291800022125244141e+01,1.274300098419189453e+01,1.254300022125244141e+01,1.000000020040877343e+20,1.000000020040877343e+20,1.000000020040877343e+20,1.000000020040877343e+20,1.153800010681152344e+01,1.000000020040877343e+20,1.000000020040877343e+20,1.000000020040877343e+20,1.000000020040877343e+20,1.000000020040877343e+20
1.000000020040877343e+20,1.207500076293945312e+01,1.194300079345703125e+01,1.204300022125244141e+01,1.000000020040877343e+20,1.000000020040877343e+20,1.000000020040877343e+20,1.000000020040877343e+20,1.000000020040877343e+20,1.000000020040877343e+20,1.000000020040877343e+20,1.000000020040877343e+20,1.000000020040877343e+20,1.000000020040877343e+20,1.000000020040877343e+20,1.000000020040877343e+20,1.000000020040877343e+20,1.000000020040877343e+20,1.000000020040877343e+20,1.000000020040877343e+20,1.000000020040877343e+20,1.000000020040877343e+20,1.000000020040877343e+20,1.000000020040877343e+20,1.000000020040877343e+20,1.000000020040877343e+20,1.000000020040877343e+20,1.000000020040877343e+20,1.000000020040877343e+20,1.000000020040877343e+20,1.000000020040877343e+20,1.000000020040877343e+20,1.000000020040877343e+20,1.000000020040877343e+20,1.000000020040877343e+20,1.000000020040877343e+20,1.000000020040877343e+20,1.000000020040877343e+20,1.000000020040877343e+20,1.000000020040877343e+20,1.000000020040877343e+20,1.000000020040877343e+20,1.000000020040877343e+20,1.000000020040877343e+20,1.000000020040877343e+20,1.000000020040877343e+20,1.000000020040877343e+20,1.000000020040877343e+20,1.000000020040877343e+20,1.000000020040877343e+20,1.000000020040877343e+20,1.000000020040877343e+20,1.000000020040877343e+20,1.000000020040877343e+20,1.000000020040877343e+20,1.000000020040877343e+20,1.000000020040877343e+20,1.000000020040877343e+20,1.000000020040877343e+20,1.000000020040877343e+20,1.000000020040877343e+20,1.000000020040877343e+20,1.000000020040877343e+20,1.000000020040877343e+20,1.000000020040877343e+20,1.000000020040877343e+20,1.000000020040877343e+20,1.000000020040877343e+20,1.000000020040877343e+20,1.000000020040877343e+20,1.000000020040877343e+20,1.000000020040877343e+20,1.000000020040877343e+20,1.000000020040877343e+20,1.000000020040877343e+20,1.000000020040877343e+20,1.000000020040877343e+20,1.000000020040877343e+20,1.000000020040877343e+20,1.000000020040877343e+20,1.000000020040877343e+20,1.000000020040877343e+20,1.000000020040877343e+20,1.000000020040877343e+20,1.000000020040877343e+20,1.000000020040877343e+20,1.000000020040877343e+20,1.000000020040877343e+20,1.000000020040877343e+20,1.000000020040877343e+20,1.000000020040877343e+20,1.000000020040877343e+20,1.000000020040877343e+20,1.000000020040877343e+20,1.000000020040877343e+20,1.000000020040877343e+20,1.000000020040877343e+20,1.000000020040877343e+20,1.000000020040877343e+20,1.000000020040877343e+20,1.000000020040877343e+20,1.000000020040877343e+20,1.000000020040877343e+20,1.000000020040877343e+20,1.000000020040877343e+20,1.000000020040877343e+20,1.000000020040877343e+20,1.000000020040877343e+20,1.000000020040877343e+20,1.000000020040877343e+20,1.000000020040877343e+20,1.000000020040877343e+20,1.000000020040877343e+20,1.000000020040877343e+20,1.000000020040877343e+20,1.000000020040877343e+20,1.000000020040877343e+20,1.000000020040877343e+20,1.000000020040877343e+20,1.000000020040877343e+20,1.000000020040877343e+20,1.000000020040877343e+20,1.000000020040877343e+20,1.000000020040877343e+20,1.000000020040877343e+20,1.000000020040877343e+20,1.000000020040877343e+20,1.000000020040877343e+20,1.000000020040877343e+20,1.000000020040877343e+20,1.000000020040877343e+20,1.000000020040877343e+20,1.000000020040877343e+20,1.000000020040877343e+20,1.000000020040877343e+20,1.000000020040877343e+20,1.000000020040877343e+20,1.000000020040877343e+20,1.000000020040877343e+20,1.000000020040877343e+20,1.000000020040877343e+20,5.513000488281250000e+00,1.000000020040877343e+20,3.048000097274780273e+00,2.983000040054321289e+00,2.960000038146972656e+00,3.065000057220458984e+00,3.233000040054321289e+00,3.415000200271606445e+00,3.610000133514404297e+00,3.888000249862670898e+00,4.125000000000000000e+00,4.293000221252441406e+00,4.313000202178955078e+00,4.315000057220458984e+00,4.308000087738037109e+00,4.320000171661376953e+00,4.290000438690185547e+00,4.550000190734863281e+00,4.673000335693359375e+00,4.825000286102294922e+00,4.900000095367431641e+00,5.005000114440917969e+00,5.103000164031982422e+00,5.260000228881835938e+00,5.338000297546386719e+00,5.398000240325927734e+00,5.423000335693359375e+00,5.463000297546386719e+00,5.570000171661376953e+00,5.660000324249267578e+00,5.753000259399414062e+00,5.788000106811523438e+00,5.790000438690185547e+00,5.768000125885009766e+00,5.703000068664550781e+00,5.705000400543212891e+00,5.720000267028808594e+00,5.713000297546386719e+00,5.780000209808349609e+00,5.895000457763671875e+00,6.020000457763671875e+00,6.195000171661376953e+00,6.353000164031982422e+00,6.490000247955322266e+00,6.588000297546386719e+00,6.660000324249267578e+00,6.725000381469726562e+00,6.818000316619873047e+00,6.965000152587890625e+00,7.078000545501708984e+00,7.198000431060791016e+00,7.280000209808349609e+00,7.345000267028808594e+00,7.418000221252441406e+00,7.525000572204589844e+00,7.600000381469726562e+00,7.683000564575195312e+00,7.658000469207763672e+00,7.690000534057617188e+00,7.695000171661376953e+00,7.668000221252441406e+00,7.683000564575195312e+00,7.700000286102294922e+00,7.748000144958496094e+00,7.845000267028808594e+00,7.925000190734863281e+00,8.060000419616699219e+00,8.180000305175781250e+00,8.303000450134277344e+00,8.460000038146972656e+00,8.623000144958496094e+00,8.855000495910644531e+00,9.053000450134277344e+00,9.260000228881835938e+00,9.488000869750976562e+00,9.753000259399414062e+00,1.001300048828125000e+01,1.026300048828125000e+01,1.046800041198730469e+01,1.070000076293945312e+01,1.084500026702880859e+01,1.099800014495849609e+01,1.113500022888183594e+01,1.128500080108642578e+01,1.146500015258789062e+01,1.165300083160400391e+01,1.187000083923339844e+01,1.208300018310546875e+01,1.229800033569335938e+01,1.246000099182128906e+01,1.251500034332275391e+01,1.000000020040877343e+20,1.000000020040877343e+20,1.000000020040877343e+20,1.000000020040877343e+20,1.000000020040877343e+20,1.000000020040877343e+20,1.000000020040877343e+20,1.000000020040877343e+20,1.000000020040877343e+20,1.000000020040877343e+20,1.000000020040877343e+20,1.000000020040877343e+20,1.000000020040877343e+20,1.000000020040877343e+20,1.000000020040877343e+20,1.000000020040877343e+20,1.000000020040877343e+20,1.000000020040877343e+20,1.000000020040877343e+20,1.000000020040877343e+20,1.000000020040877343e+20,1.000000020040877343e+20,1.000000020040877343e+20,1.000000020040877343e+20,1.000000020040877343e+20,1.000000020040877343e+20,1.000000020040877343e+20,1.000000020040877343e+20,1.000000020040877343e+20,1.000000020040877343e+20,1.000000020040877343e+20,1.000000020040877343e+20,1.000000020040877343e+20,1.000000020040877343e+20,1.000000020040877343e+20,1.000000020040877343e+20,1.000000020040877343e+20,1.000000020040877343e+20,1.000000020040877343e+20,1.000000020040877343e+20,1.000000020040877343e+20,1.000000020040877343e+20,1.000000020040877343e+20,1.000000020040877343e+20,1.000000020040877343e+20,1.000000020040877343e+20,1.000000020040877343e+20,1.000000020040877343e+20,2.420000076293945312e+00,1.000000020040877343e+20,1.000000020040877343e+20,1.000000020040877343e+20,1.000000020040877343e+20,1.000000020040877343e+20,1.000000020040877343e+20,1.000000020040877343e+20,1.000000020040877343e+20,1.000000020040877343e+20,1.000000020040877343e+20,1.000000020040877343e+20,1.000000020040877343e+20,1.000000020040877343e+20,1.000000020040877343e+20,1.000000020040877343e+20,1.000000020040877343e+20,1.000000020040877343e+20,1.000000020040877343e+20,1.000000020040877343e+20,1.000000020040877343e+20,1.000000020040877343e+20,1.000000020040877343e+20,1.000000020040877343e+20,2.088000059127807617e+00,2.213000059127807617e+00,2.338000059127807617e+00,2.543000221252441406e+00,2.948000192642211914e+00,3.663000106811523438e+00,4.693000316619873047e+00,5.935000419616699219e+00,7.180000305175781250e+00,8.243000030517578125e+00,9.095000267028808594e+00,9.755000114440917969e+00,1.027800083160400391e+01,1.060300064086914062e+01,1.072300052642822266e+01,1.081300067901611328e+01,1.086800098419189453e+01,1.094000053405761719e+01,1.101800060272216797e+01,1.118000030517578125e+01,1.136000061035156250e+01,1.157300090789794922e+01,1.182800102233886719e+01,1.211500072479248047e+01,1.241300106048583984e+01,1.265500068664550781e+01,1.288000106811523438e+01,1.305300045013427734e+01,1.317000102996826172e+01,1.326500034332275391e+01,1.333300018310546875e+01,1.337500095367431641e+01,1.337000083923339844e+01,1.342000102996826172e+01,1.343000030517578125e+01,1.347800064086914062e+01,1.349300098419189453e+01,1.349300098419189453e+01,1.349300098419189453e+01,1.347800064086914062e+01,1.345800018310546875e+01,1.342800045013427734e+01,1.338500022888183594e+01,1.328800106048583984e+01,1.314000034332275391e+01,1.292000102996826172e+01,1.289500045776367188e+01,1.284500026702880859e+01,1.280300045013427734e+01,1.268500041961669922e+01,1.223500061035156250e+01,1.218000030517578125e+01,1.000000020040877343e+20,1.000000020040877343e+20,1.000000020040877343e+20,1.000000020040877343e+20
1.254000091552734375e+01,1.264800071716308594e+01,1.000000020040877343e+20,1.000000020040877343e+20,1.000000020040877343e+20,1.000000020040877343e+20,1.000000020040877343e+20,1.000000020040877343e+20,1.000000020040877343e+20,1.000000020040877343e+20,1.000000020040877343e+20,1.000000020040877343e+20,1.000000020040877343e+20,1.000000020040877343e+20,1.000000020040877343e+20,1.000000020040877343e+20,1.000000020040877343e+20,1.000000020040877343e+20,1.000000020040877343e+20,1.000000020040877343e+20,1.000000020040877343e+20,1.000000020040877343e+20,1.000000020040877343e+20,1.000000020040877343e+20,1.000000020040877343e+20,1.000000020040877343e+20,1.000000020040877343e+20,1.000000020040877343e+20,1.000000020040877343e+20,1.000000020040877343e+20,1.000000020040877343e+20,1.000000020040877343e+20,1.000000020040877343e+20,1.000000020040877343e+20,1.000000020040877343e+20,1.000000020040877343e+20,1.000000020040877343e+20,1.000000020040877343e+20,1.000000020040877343e+20,1.000000020040877343e+20,1.000000020040877343e+20,1.000000020040877343e+20,1.000000020040877343e+20,1.000000020040877343e+20,1.000000020040877343e+20,1.000000020040877343e+20,1.000000020040877343e+20,1.000000020040877343e+20,1.000000020040877343e+20,1.000000020040877343e+20,1.000000020040877343e+20,1.000000020040877343e+20,1.000000020040877343e+20,1.000000020040877343e+20,1.000000020040877343e+20,1.000000020040877343e+20,1.000000020040877343e+20,1.000000020040877343e+20,1.000000020040877343e+20,1.000000020040877343e+20,1.000000020040877343e+20,1.000000020040877343e+20,1.000000020040877343e+20,1.000000020040877343e+20,1.000000020040877343e+20,1.000000020040877343e+20,1.000000020040877343e+20,1.000000020040877343e+20,1.000000020040877343e+20,1.000000020040877343e+20,1.000000020040877343e+20,1.000000020040877343e+20,1.000000020040877343e+20,1.000000020040877343e+20,1.000000020040877343e+20,1.000000020040877343e+20,1.000000020040877343e+20,1.000000020040877343e+20,1.000000020040877343e+20,1.000000020040877343e+20,1.000000020040877343e+20,1.000000020040877343e+20,1.000000020040877343e+20,1.000000020040877343e+20,1.000000020040877343e+20,1.000000020040877343e+20,1.000000020040877343e+20,1.000000020040877343e+20,1.000000020040877343e+20,1.000000020040877343e+20,1.000000020040877343e+20,1.000000020040877343e+20,1.000000020040877343e+20,1.000000020040877343e+20,1.000000020040877343e+20,1.000000020040877343e+20,1.000000020040877343e+20,1.000000020040877343e+20,1.000000020040877343e+20,1.000000020040877343e+20,1.000000020040877343e+20,1.000000020040877343e+20,1.000000020040877343e+20,1.000000020040877343e+20,1.000000020040877343e+20,1.000000020040877343e+20,1.000000020040877343e+20,1.000000020040877343e+20,1.000000020040877343e+20,1.000000020040877343e+20,1.000000020040877343e+20,1.000000020040877343e+20,1.000000020040877343e+20,1.000000020040877343e+20,1.000000020040877343e+20,1.000000020040877343e+20,1.000000020040877343e+20,1.000000020040877343e+20,1.000000020040877343e+20,1.000000020040877343e+20,1.000000020040877343e+20,1.000000020040877343e+20,1.000000020040877343e+20,1.000000020040877343e+20,1.000000020040877343e+20,1.000000020040877343e+20,1.000000020040877343e+20,1.000000020040877343e+20,1.000000020040877343e+20,1.000000020040877343e+20,1.000000020040877343e+20,1.000000020040877343e+20,1.000000020040877343e+20,1.000000020040877343e+20,1.000000020040877343e+20,1.000000020040877343e+20,1.000000020040877343e+20,1.000000020040877343e+20,1.000000020040877343e+20,1.000000020040877343e+20,6.375000476837158203e+00,6.298000335693359375e+00,1.000000020040877343e+20,1.000000020040877343e+20,3.488000154495239258e+00,3.325000047683715820e+00,3.343000173568725586e+00,3.468000173568725586e+00,3.565000057220458984e+00,3.675000190734863281e+00,3.788000106811523438e+00,3.908000230789184570e+00,3.910000085830688477e+00,3.870000123977661133e+00,3.890000104904174805e+00,3.928000211715698242e+00,4.030000209808349609e+00,4.148000240325927734e+00,4.308000087738037109e+00,4.483000278472900391e+00,4.590000152587890625e+00,4.695000171661376953e+00,4.740000247955322266e+00,4.798000335693359375e+00,4.938000202178955078e+00,5.050000190734863281e+00,5.125000476837158203e+00,5.220000267028808594e+00,5.323000431060791016e+00,5.415000438690185547e+00,5.533000469207763672e+00,5.640000343322753906e+00,5.703000068664550781e+00,5.738000392913818359e+00,5.765000343322753906e+00,5.798000335693359375e+00,5.833000183105468750e+00,5.850000381469726562e+00,5.923000335693359375e+00,5.978000164031982422e+00,6.073000431060791016e+00,6.163000106811523438e+00,6.310000419616699219e+00,6.430000305175781250e+00,6.545000076293945312e+00,6.635000228881835938e+00,6.685000419616699219e+00,6.718000411987304688e+00,6.800000190734863281e+00,6.845000267028808594e+00,6.913000106811523438e+00,6.958000183105468750e+00,6.978000164031982422e+00,7.030000209808349609e+00,7.135000228881835938e+00,7.240000247955322266e+00,7.308000564575195312e+00,7.393000125885009766e+00,7.418000221252441406e+00,7.448000431060791016e+00,7.475000381469726562e+00,7.465000152587890625e+00,7.473000526428222656e+00,7.528000354766845703e+00,7.625000476837158203e+00,7.745000362396240234e+00,7.888000488281250000e+00,7.993000507354736328e+00,8.140000343322753906e+00,8.273000717163085938e+00,8.410000801086425781e+00,8.603000640869140625e+00,8.795000076293945312e+00,8.970000267028808594e+00,9.195000648498535156e+00,9.430000305175781250e+00,9.655000686645507812e+00,9.883000373840332031e+00,1.011000061035156250e+01,1.032300090789794922e+01,1.052800083160400391e+01,1.072300052642822266e+01,1.088500022888183594e+01,1.102000045776367188e+01,1.118300056457519531e+01,1.141300010681152344e+01,1.165800094604492188e+01,1.190500068664550781e+01,1.217500019073486328e+01,1.243500041961669922e+01,1.263000106811523438e+01,1.271500015258789062e+01,1.000000020040877343e+20,1.000000020040877343e+20,1.000000020040877343e+20,1.000000020040877343e+20,1.000000020040877343e+20,1.000000020040877343e+20,1.000000020040877343e+20,1.000000020040877343e+20,1.000000020040877343e+20,1.000000020040877343e+20,1.000000020040877343e+20,1.000000020040877343e+20,1.000000020040877343e+20,1.000000020040877343e+20,1.000000020040877343e+20,1.000000020040877343e+20,1.000000020040877343e+20,1.000000020040877343e+20,1.000000020040877343e+20,1.000000020040877343e+20,1.000000020040877343e+20,1.000000020040877343e+20,1.000000020040877343e+20,1.000000020040877343e+20,1.000000020040877343e+20,1.000000020040877343e+20,1.000000020040877343e+20,1.000000020040877343e+20,1.000000020040877343e+20,1.000000020040877343e+20,1.000000020040877343e+20,1.000000020040877343e+20,1.000000020040877343e+20,1.000000020040877343e+20,1.000000020040877343e+20,1.000000020040877343e+20,1.000000020040877343e+20,1.000000020040877343e+20,1.000000020040877343e+20,1.000000020040877343e+20,1.000000020040877343e+20,1.000000020040877343e+20,1.000000020040877343e+20,1.000000020040877343e+20,1.000000020040877343e+20,1.000000020040877343e+20,1.000000020040877343e+20,1.000000020040877343e+20,1.000000020040877343e+20,1.000000020040877343e+20,1.000000020040877343e+20,1.000000020040877343e+20,1.000000020040877343e+20,1.000000020040877343e+20,1.000000020040877343e+20,1.000000020040877343e+20,1.000000020040877343e+20,1.000000020040877343e+20,1.000000020040877343e+20,1.000000020040877343e+20,1.000000020040877343e+20,1.000000020040877343e+20,1.000000020040877343e+20,1.000000020040877343e+20,1.000000020040877343e+20,1.000000020040877343e+20,1.000000020040877343e+20,1.000000020040877343e+20,4.525000095367431641e+00,4.110000133514404297e+00,3.313000202178955078e+00,1.000000020040877343e+20,2.803000211715698242e+00,2.868000030517578125e+00,2.885000228881835938e+00,2.895000219345092773e+00,2.920000076293945312e+00,3.258000135421752930e+00,4.157999992370605469e+00,5.280000209808349609e+00,6.478000164031982422e+00,7.585000514984130859e+00,8.568000793457031250e+00,9.483000755310058594e+00,1.037800025939941406e+01,1.106500053405761719e+01,1.149000072479248047e+01,1.171300029754638672e+01,1.183800029754638672e+01,1.191000080108642578e+01,1.202500057220458984e+01,1.217500019073486328e+01,1.235000038146972656e+01,1.252500057220458984e+01,1.273000049591064453e+01,1.291300106048583984e+01,1.312300109863281250e+01,1.333800029754638672e+01,1.348300075531005859e+01,1.365500068664550781e+01,1.369500064849853516e+01,1.377000045776367188e+01,1.379300022125244141e+01,1.382000064849853516e+01,1.382800102233886719e+01,1.389300060272216797e+01,1.391000080108642578e+01,1.389300060272216797e+01,1.387000083923339844e+01,1.384000110626220703e+01,1.377500057220458984e+01,1.371300029754638672e+01,1.374800109863281250e+01,1.383500099182128906e+01,1.384000110626220703e+01,1.377800083160400391e+01,1.360300064086914062e+01,1.340300083160400391e+01,1.323500061035156250e+01,1.313300037384033203e+01,1.302800083160400391e+01,1.286500072479248047e+01,1.269800090789794922e+01,1.000000020040877343e+20,1.000000020040877343e+20,1.191500091552734375e+01,1.233800029754638672e+01,1.242500019073486328e+01
1.000000020040877343e+20,1.000000020040877343e+20,1.000000020040877343e+20,1.000000020040877343e+20,1.000000020040877343e+20,1.000000020040877343e+20,1.000000020040877343e+20,1.000000020040877343e+20,1.000000020040877343e+20,1.000000020040877343e+20,1.000000020040877343e+20,1.000000020040877343e+20,1.000000020040877343e+20,1.000000020040877343e+20,1.000000020040877343e+20,1.000000020040877343e+20,1.000000020040877343e+20,1.000000020040877343e+20,1.000000020040877343e+20,1.000000020040877343e+20,1.000000020040877343e+20,1.000000020040877343e+20,1.000000020040877343e+20,1.000000020040877343e+20,1.000000020040877343e+20,1.000000020040877343e+20,1.000000020040877343e+20,1.000000020040877343e+20,1.000000020040877343e+20,1.000000020040877343e+20,1.000000020040877343e+20,1.000000020040877343e+20,1.000000020040877343e+20,1.000000020040877343e+20,1.000000020040877343e+20,1.000000020040877343e+20,1.000000020040877343e+20,1.000000020040877343e+20,1.000000020040877343e+20,1.000000020040877343e+20,1.000000020040877343e+20,1.000000020040877343e+20,1.000000020040877343e+20,1.000000020040877343e+20,1.000000020040877343e+20,1.000000020040877343e+20,1.000000020040877343e+20,1.000000020040877343e+20,1.000000020040877343e+20,1.000000020040877343e+20,1.000000020040877343e+20,1.000000020040877343e+20,1.000000020040877343e+20,1.000000020040877343e+20,1.000000020040877343e+20,1.000000020040877343e+20,1.000000020040877343e+20,1.000000020040877343e+20,1.000000020040877343e+20,1.000000020040877343e+20,1.000000020040877343e+20,1.000000020040877343e+20,1.000000020040877343e+20,1.000000020040877343e+20,1.000000020040877343e+20,1.000000020040877343e+20,1.000000020040877343e+20,1.000000020040877343e+20,1.000000020040877343e+20,1.000000020040877343e+20,1.000000020040877343e+20,1.000000020040877343e+20,1.000000020040877343e+20,1.000000020040877343e+20,1.000000020040877343e+20,1.000000020040877343e+20,1.000000020040877343e+20,1.000000020040877343e+20,1.000000020040877343e+20,1.000000020040877343e+20,1.000000020040877343e+20,1.000000020040877343e+20,1.000000020040877343e+20,1.000000020040877343e+20,1.000000020040877343e+20,1.000000020040877343e+20,1.000000020040877343e+20,1.000000020040877343e+20,1.000000020040877343e+20,1.000000020040877343e+20,1.000000020040877343e+20,1.000000020040877343e+20,1.000000020040877343e+20,1.000000020040877343e+20,1.000000020040877343e+20,1.000000020040877343e+20,1.000000020040877343e+20,1.000000020040877343e+20,1.000000020040877343e+20,1.000000020040877343e+20,1.000000020040877343e+20,1.000000020040877343e+20,1.000000020040877343e+20,1.000000020040877343e+20,1.000000020040877343e+20,1.000000020040877343e+20,1.000000020040877343e+20,1.000000020040877343e+20,1.000000020040877343e+20,1.000000020040877343e+20,1.000000020040877343e+20,1.000000020040877343e+20,1.000000020040877343e+20,1.000000020040877343e+20,1.000000020040877343e+20,1.000000020040877343e+20,1.000000020040877343e+20,1.000000020040877343e+20,1.000000020040877343e+20,1.000000020040877343e+20,1.000000020040877343e+20,1.000000020040877343e+20,1.000000020040877343e+20,1.000000020040877343e+20,1.000000020040877343e+20,1.000000020040877343e+20,1.000000020040877343e+20,1.000000020040877343e+20,1.000000020040877343e+20,1.000000020040877343e+20,1.000000020040877343e+20,1.000000020040877343e+20,1.000000020040877343e+20,1.000000020040877343e+20,1.000000020040877343e+20,1.000000020040877343e+20,1.000000020040877343e+20,1.000000020040877343e+20,1.000000020040877343e+20,1.000000020040877343e+20,6.998000144958496094e+00,6.870000362396240234e+00,1.000000020040877343e+20,1.000000020040877343e+20,3.958000183105468750e+00,3.793000221252441406e+00,3.750000238418579102e+00,3.778000116348266602e+00,3.745000123977661133e+00,3.745000123977661133e+00,3.775000095367431641e+00,3.718000173568725586e+00,3.635000228881835938e+00,3.563000202178955078e+00,3.535000085830688477e+00,3.695000171661376953e+00,3.910000085830688477e+00,4.113000392913818359e+00,4.263000011444091797e+00,4.373000144958496094e+00,4.495000362396240234e+00,4.540000438690185547e+00,4.545000076293945312e+00,4.570000171661376953e+00,4.645000457763671875e+00,4.775000095367431641e+00,4.865000247955322266e+00,4.968000411987304688e+00,5.055000305175781250e+00,5.198000431060791016e+00,5.335000038146972656e+00,5.503000259399414062e+00,5.585000038146972656e+00,5.618000030517578125e+00,5.688000202178955078e+00,5.705000400543212891e+00,5.768000125885009766e+00,5.825000286102294922e+00,5.870000362396240234e+00,5.915000438690185547e+00,5.990000247955322266e+00,6.075000286102294922e+00,6.168000221252441406e+00,6.275000095367431641e+00,6.370000362396240234e+00,6.445000171661376953e+00,6.530000209808349609e+00,6.633000373840332031e+00,6.670000553131103516e+00,6.755000114440917969e+00,6.818000316619873047e+00,6.855000495910644531e+00,6.898000240325927734e+00,6.940000534057617188e+00,7.053000450134277344e+00,7.145000457763671875e+00,7.263000488281250000e+00,7.333000183105468750e+00,7.428000450134277344e+00,7.470000267028808594e+00,7.483000278472900391e+00,7.528000354766845703e+00,7.593000411987304688e+00,7.685000419616699219e+00,7.800000190734863281e+00,7.920000553131103516e+00,8.058000564575195312e+00,8.153000831604003906e+00,8.265000343322753906e+00,8.385000228881835938e+00,8.525000572204589844e+00,8.670000076293945312e+00,8.838000297546386719e+00,9.013000488281250000e+00,9.230000495910644531e+00,9.410000801086425781e+00,9.653000831604003906e+00,9.918000221252441406e+00,1.010800075531005859e+01,1.030500030517578125e+01,1.046000003814697266e+01,1.060000038146972656e+01,1.074500083923339844e+01,1.096800041198730469e+01,1.114300060272216797e+01,1.136500072479248047e+01,1.159300041198730469e+01,1.185300064086914062e+01,1.214300060272216797e+01,1.245300102233886719e+01,1.271000099182128906e+01,1.288500022888183594e+01,1.306300067901611328e+01,1.313800048828125000e+01,1.000000020040877343e+20,1.000000020040877343e+20,1.000000020040877343e+20,1.000000020040877343e+20,1.000000020040877343e+20,1.000000020040877343e+20,1.000000020040877343e+20,1.000000020040877343e+20,1.000000020040877343e+20,1.000000020040877343e+20,1.000000020040877343e+20,1.000000020040877343e+20,1.000000020040877343e+20,1.000000020040877343e+20,1.000000020040877343e+20,1.000000020040877343e+20,1.000000020040877343e+20,1.000000020040877343e+20,1.000000020040877343e+20,1.000000020040877343e+20,1.000000020040877343e+20,1.000000020040877343e+20,1.000000020040877343e+20,1.000000020040877343e+20,1.000000020040877343e+20,1.000000020040877343e+20,1.000000020040877343e+20,1.000000020040877343e+20,1.000000020040877343e+20,1.000000020040877343e+20,1.000000020040877343e+20,1.000000020040877343e+20,1.000000020040877343e+20,1.000000020040877343e+20,1.000000020040877343e+20,1.000000020040877343e+20,1.000000020040877343e+20,1.000000020040877343e+20,1.000000020040877343e+20,1.000000020040877343e+20,1.000000020040877343e+20,1.000000020040877343e+20,1.000000020040877343e+20,1.000000020040877343e+20,1.000000020040877343e+20,1.000000020040877343e+20,1.000000020040877343e+20,1.000000020040877343e+20,1.000000020040877343e+20,1.000000020040877343e+20,1.000000020040877343e+20,1.000000020040877343e+20,1.000000020040877343e+20,1.000000020040877343e+20,1.000000020040877343e+20,1.000000020040877343e+20,1.000000020040877343e+20,1.000000020040877343e+20,1.000000020040877343e+20,8.615000724792480469e+00,8.608000755310058594e+00,8.555000305175781250e+00,8.210000038146972656e+00,7.703000545501708984e+00,7.213000297546386719e+00,6.683000087738037109e+00,5.748000144958496094e+00,4.918000221252441406e+00,1.000000020040877343e+20,1.000000020040877343e+20,3.235000133514404297e+00,3.318000078201293945e+00,3.615000247955322266e+00,3.585000276565551758e+00,3.365000247955322266e+00,3.385000228881835938e+00,3.795000076293945312e+00,4.613000392913818359e+00,5.575000286102294922e+00,6.590000152587890625e+00,7.533000469207763672e+00,8.623000144958496094e+00,9.820000648498535156e+00,1.090500068664550781e+01,1.176500034332275391e+01,1.228800010681152344e+01,1.258300018310546875e+01,1.274300098419189453e+01,1.291000080108642578e+01,1.307500076293945312e+01,1.321000099182128906e+01,1.333300018310546875e+01,1.345000076293945312e+01,1.359500026702880859e+01,1.375500106811523438e+01,1.390800094604492188e+01,1.406300067901611328e+01,1.414500045776367188e+01,1.421000099182128906e+01,1.427500057220458984e+01,1.429800033569335938e+01,1.428500080108642578e+01,1.428500080108642578e+01,1.429000091552734375e+01,1.428300094604492188e+01,1.425800037384033203e+01,1.419500064849853516e+01,1.411300086975097656e+01,1.406800079345703125e+01,1.400000095367431641e+01,1.396300029754638672e+01,1.397800064086914062e+01,1.398000049591064453e+01,1.399500083923339844e+01,1.388500022888183594e+01,1.374300098419189453e+01,1.354000091552734375e+01,1.341000080108642578e+01,1.331300067901611328e+01,1.317800045013427734e+01,1.300500106811523438e+01,1.289800071716308594e+01,1.239000034332275391e+01,1.211300086975097656e+01,1.000000020040877343e+20,1.287500095367431641e+01
1.000000020040877343e+20,1.000000020040877343e+20,1.000000020040877343e+20,1.000000020040877343e+20,1.000000020040877343e+20,1.000000020040877343e+20,1.000000020040877343e+20,1.000000020040877343e+20,1.000000020040877343e+20,1.000000020040877343e+20,1.000000020040877343e+20,1.000000020040877343e+20,1.000000020040877343e+20,1.000000020040877343e+20,1.000000020040877343e+20,1.000000020040877343e+20,1.000000020040877343e+20,1.000000020040877343e+20,1.000000020040877343e+20,1.000000020040877343e+20,1.000000020040877343e+20,1.000000020040877343e+20,1.000000020040877343e+20,1.000000020040877343e+20,1.000000020040877343e+20,1.000000020040877343e+20,1.000000020040877343e+20,1.000000020040877343e+20,1.000000020040877343e+20,1.000000020040877343e+20,1.000000020040877343e+20,1.000000020040877343e+20,1.000000020040877343e+20,1.000000020040877343e+20,1.000000020040877343e+20,1.000000020040877343e+20,1.000000020040877343e+20,1.000000020040877343e+20,1.000000020040877343e+20,1.000000020040877343e+20,1.000000020040877343e+20,1.000000020040877343e+20,1.000000020040877343e+20,1.000000020040877343e+20,1.000000020040877343e+20,1.000000020040877343e+20,1.000000020040877343e+20,1.000000020040877343e+20,1.000000020040877343e+20,1.000000020040877343e+20,1.000000020040877343e+20,1.000000020040877343e+20,1.000000020040877343e+20,1.000000020040877343e+20,1.000000020040877343e+20,1.000000020040877343e+20,1.000000020040877343e+20,1.000000020040877343e+20,1.000000020040877343e+20,1.000000020040877343e+20,1.000000020040877343e+20,1.000000020040877343e+20,1.000000020040877343e+20,1.000000020040877343e+20,1.000000020040877343e+20,1.000000020040877343e+20,1.000000020040877343e+20,1.000000020040877343e+20,1.000000020040877343e+20,1.000000020040877343e+20,1.000000020040877343e+20,1.000000020040877343e+20,1.000000020040877343e+20,1.000000020040877343e+20,1.000000020040877343e+20,1.000000020040877343e+20,1.000000020040877343e+20,1.000000020040877343e+20,1.000000020040877343e+20,1.000000020040877343e+20,1.000000020040877343e+20,1.000000020040877343e+20,1.000000020040877343e+20,1.000000020040877343e+20,1.000000020040877343e+20,1.000000020040877343e+20,1.000000020040877343e+20,1.000000020040877343e+20,1.000000020040877343e+20,1.000000020040877343e+20,1.000000020040877343e+20,1.000000020040877343e+20,1.000000020040877343e+20,1.000000020040877343e+20,1.000000020040877343e+20,1.000000020040877343e+20,1.000000020040877343e+20,1.000000020040877343e+20,1.000000020040877343e+20,1.000000020040877343e+20,1.000000020040877343e+20,1.000000020040877343e+20,1.000000020040877343e+20,1.000000020040877343e+20,1.000000020040877343e+20,1.000000020040877343e+20,1.000000020040877343e+20,1.000000020040877343e+20,1.000000020040877343e+20,1.000000020040877343e+20,1.000000020040877343e+20,1.000000020040877343e+20,1.000000020040877343e+20,1.000000020040877343e+20,1.000000020040877343e+20,1.000000020040877343e+20,1.000000020040877343e+20,1.000000020040877343e+20,1.000000020040877343e+20,1.000000020040877343e+20,1.000000020040877343e+20,1.000000020040877343e+20,1.000000020040877343e+20,1.000000020040877343e+20,1.000000020040877343e+20,1.000000020040877343e+20,1.000000020040877343e+20,1.000000020040877343e+20,1.000000020040877343e+20,1.000000020040877343e+20,1.000000020040877343e+20,1.000000020040877343e+20,1.000000020040877343e+20,1.000000020040877343e+20,1.000000020040877343e+20,1.000000020040877343e+20,1.000000020040877343e+20,1.000000020040877343e+20,1.000000020040877343e+20,1.000000020040877343e+20,7.503000259399414062e+00,7.313000202178955078e+00,1.000000020040877343e+20,5.080000400543212891e+00,4.555000305175781250e+00,4.333000183105468750e+00,4.235000133514404297e+00,4.110000133514404297e+00,3.948000192642211914e+00,3.748000144958496094e+00,3.548000097274780273e+00,3.378000259399414062e+00,3.288000106811523438e+00,3.263000249862670898e+00,3.415000200271606445e+00,3.643000125885009766e+00,3.878000259399414062e+00,4.078000068664550781e+00,4.230000019073486328e+00,4.345000267028808594e+00,4.403000354766845703e+00,4.498000144958496094e+00,4.523000240325927734e+00,4.519999980926513672e+00,4.560000419616699219e+00,4.640000343322753906e+00,4.673000335693359375e+00,4.795000076293945312e+00,4.920000076293945312e+00,5.083000183105468750e+00,5.215000152587890625e+00,5.298000335693359375e+00,5.398000240325927734e+00,5.465000152587890625e+00,5.555000305175781250e+00,5.585000038146972656e+00,5.648000240325927734e+00,5.708000183105468750e+00,5.760000228881835938e+00,5.775000095367431641e+00,5.835000514984130859e+00,5.940000057220458984e+00,6.045000076293945312e+00,6.133000373840332031e+00,6.265000343322753906e+00,6.393000125885009766e+00,6.500000476837158203e+00,6.583000183105468750e+00,6.660000324249267578e+00,6.758000373840332031e+00,6.828000545501708984e+00,6.878000259399414062e+00,6.953000545501708984e+00,7.055000305175781250e+00,7.135000228881835938e+00,7.278000354766845703e+00,7.390000343322753906e+00,7.485000133514404297e+00,7.550000190734863281e+00,7.613000392913818359e+00,7.680000305175781250e+00,7.740000247955322266e+00,7.845000267028808594e+00,7.965000152587890625e+00,8.083000183105468750e+00,8.215000152587890625e+00,8.358000755310058594e+00,8.508000373840332031e+00,8.570000648498535156e+00,8.657999992370605469e+00,8.778000831604003906e+00,8.875000000000000000e+00,9.023000717163085938e+00,9.157999992370605469e+00,9.310000419616699219e+00,9.573000907897949219e+00,9.823000907897949219e+00,1.008000087738037109e+01,1.031500053405761719e+01,1.045800018310546875e+01,1.058500003814697266e+01,1.068500041961669922e+01,1.086000061035156250e+01,1.101800060272216797e+01,1.118800067901611328e+01,1.137800025939941406e+01,1.154800033569335938e+01,1.179000091552734375e+01,1.210300064086914062e+01,1.243800067901611328e+01,1.275800037384033203e+01,1.302800083160400391e+01,1.321800041198730469e+01,1.338500022888183594e+01,1.359500026702880859e+01,1.000000020040877343e+20,1.000000020040877343e+20,1.000000020040877343e+20,1.000000020040877343e+20,1.000000020040877343e+20,1.000000020040877343e+20,1.000000020040877343e+20,1.000000020040877343e+20,1.000000020040877343e+20,1.000000020040877343e+20,1.000000020040877343e+20,1.000000020040877343e+20,1.000000020040877343e+20,1.000000020040877343e+20,1.000000020040877343e+20,1.000000020040877343e+20,1.000000020040877343e+20,1.000000020040877343e+20,1.000000020040877343e+20,1.000000020040877343e+20,1.000000020040877343e+20,1.000000020040877343e+20,1.000000020040877343e+20,1.000000020040877343e+20,1.000000020040877343e+20,1.000000020040877343e+20,1.000000020040877343e+20,1.000000020040877343e+20,1.000000020040877343e+20,1.000000020040877343e+20,1.000000020040877343e+20,1.000000020040877343e+20,1.000000020040877343e+20,1.000000020040877343e+20,1.000000020040877343e+20,1.000000020040877343e+20,2.888000249862670898e+00,3.085000038146972656e+00,3.323000192642211914e+00,1.000000020040877343e+20,1.000000020040877343e+20,1.000000020040877343e+20,1.000000020040877343e+20,1.000000020040877343e+20,1.000000020040877343e+20,1.000000020040877343e+20,1.000000020040877343e+20,1.000000020040877343e+20,1.000000020040877343e+20,1.000000020040877343e+20,1.000000020040877343e+20,1.000000020040877343e+20,1.000000020040877343e+20,1.000000020040877343e+20,1.000000020040877343e+20,1.000000020040877343e+20,1.000000020040877343e+20,1.000000020040877343e+20,1.000000020040877343e+20,1.000000020040877343e+20,8.770000457763671875e+00,8.603000640869140625e+00,8.243000030517578125e+00,7.813000202178955078e+00,7.298000335693359375e+00,6.790000438690185547e+00,1.000000020040877343e+20,1.000000020040877343e+20,1.000000020040877343e+20,1.000000020040877343e+20,1.000000020040877343e+20,4.223000049591064453e+00,4.290000438690185547e+00,3.965000152587890625e+00,3.713000059127807617e+00,3.640000104904174805e+00,4.045000076293945312e+00,4.590000152587890625e+00,5.365000247955322266e+00,6.345000267028808594e+00,7.555000305175781250e+00,9.003000259399414062e+00,1.048300075531005859e+01,1.179800033569335938e+01,1.272300052642822266e+01,1.324000072479248047e+01,1.351500034332275391e+01,1.372500038146972656e+01,1.379000091552734375e+01,1.390000057220458984e+01,1.398000049591064453e+01,1.406000041961669922e+01,1.419300079345703125e+01,1.434500026702880859e+01,1.449000072479248047e+01,1.460300064086914062e+01,1.467800045013427734e+01,1.470500087738037109e+01,1.472000026702880859e+01,1.474300098419189453e+01,1.472500038146972656e+01,1.469300079345703125e+01,1.468800067901611328e+01,1.466300106048583984e+01,1.460500049591064453e+01,1.454300022125244141e+01,1.449300098419189453e+01,1.441000080108642578e+01,1.435800075531005859e+01,1.435300064086914062e+01,1.432800102233886719e+01,1.435800075531005859e+01,1.441300106048583984e+01,1.425800037384033203e+01,1.403500080108642578e+01,1.382300090789794922e+01,1.368300056457519531e+01,1.361800098419189453e+01,1.357000064849853516e+01,1.346500110626220703e+01,1.333800029754638672e+01,1.000000020040877343e+20,1.000000020040877343e+20,1.000000020040877343e+20,1.000000020040877343e+20
1.000000020040877343e+20,1.000000020040877343e+20,1.000000020040877343e+20,1.000000020040877343e+20,1.000000020040877343e+20,1.000000020040877343e+20,1.000000020040877343e+20,1.000000020040877343e+20,1.000000020040877343e+20,1.000000020040877343e+20,1.000000020040877343e+20,1.000000020040877343e+20,1.000000020040877343e+20,1.000000020040877343e+20,1.000000020040877343e+20,1.000000020040877343e+20,1.000000020040877343e+20,1.000000020040877343e+20,1.000000020040877343e+20,1.000000020040877343e+20,1.000000020040877343e+20,1.000000020040877343e+20,1.000000020040877343e+20,1.000000020040877343e+20,1.000000020040877343e+20,1.000000020040877343e+20,1.000000020040877343e+20,1.000000020040877343e+20,1.000000020040877343e+20,1.000000020040877343e+20,1.000000020040877343e+20,1.000000020040877343e+20,1.000000020040877343e+20,1.000000020040877343e+20,1.000000020040877343e+20,1.000000020040877343e+20,1.000000020040877343e+20,1.000000020040877343e+20,1.000000020040877343e+20,1.000000020040877343e+20,1.000000020040877343e+20,1.000000020040877343e+20,1.000000020040877343e+20,1.000000020040877343e+20,1.000000020040877343e+20,1.000000020040877343e+20,1.000000020040877343e+20,1.000000020040877343e+20,1.000000020040877343e+20,1.000000020040877343e+20,1.000000020040877343e+20,1.000000020040877343e+20,1.000000020040877343e+20,1.000000020040877343e+20,1.000000020040877343e+20,1.000000020040877343e+20,1.000000020040877343e+20,1.000000020040877343e+20,1.000000020040877343e+20,1.000000020040877343e+20,1.000000020040877343e+20,1.000000020040877343e+20,1.000000020040877343e+20,1.000000020040877343e+20,1.000000020040877343e+20,1.000000020040877343e+20,1.000000020040877343e+20,1.000000020040877343e+20,1.000000020040877343e+20,1.000000020040877343e+20,1.000000020040877343e+20,1.000000020040877343e+20,1.000000020040877343e+20,1.000000020040877343e+20,1.000000020040877343e+20,1.000000020040877343e+20,1.000000020040877343e+20,1.000000020040877343e+20,1.000000020040877343e+20,1.000000020040877343e+20,1.000000020040877343e+20,1.000000020040877343e+20,1.000000020040877343e+20,1.000000020040877343e+20,1.000000020040877343e+20,1.000000020040877343e+20,1.000000020040877343e+20,1.000000020040877343e+20,1.000000020040877343e+20,1.000000020040877343e+20,1.000000020040877343e+20,1.000000020040877343e+20,1.000000020040877343e+20,1.000000020040877343e+20,1.000000020040877343e+20,1.000000020040877343e+20,1.000000020040877343e+20,1.000000020040877343e+20,1.000000020040877343e+20,1.000000020040877343e+20,1.000000020040877343e+20,1.000000020040877343e+20,1.000000020040877343e+20,1.000000020040877343e+20,1.000000020040877343e+20,1.000000020040877343e+20,1.000000020040877343e+20,1.000000020040877343e+20,1.000000020040877343e+20,1.000000020040877343e+20,1.000000020040877343e+20,1.000000020040877343e+20,1.000000020040877343e+20,1.000000020040877343e+20,1.000000020040877343e+20,1.000000020040877343e+20,1.000000020040877343e+20,1.000000020040877343e+20,1.000000020040877343e+20,1.000000020040877343e+20,1.000000020040877343e+20,1.000000020040877343e+20,1.000000020040877343e+20,1.000000020040877343e+20,1.000000020040877343e+20,1.000000020040877343e+20,1.000000020040877343e+20,1.000000020040877343e+20,1.000000020040877343e+20,1.000000020040877343e+20,1.000000020040877343e+20,1.000000020040877343e+20,1.000000020040877343e+20,1.000000020040877343e+20,1.000000020040877343e+20,1.000000020040877343e+20,1.000000020040877343e+20,1.000000020040877343e+20,1.000000020040877343e+20,8.705000877380371094e+00,8.068000793457031250e+00,7.780000209808349609e+00,1.000000020040877343e+20,5.783000469207763672e+00,5.255000114440917969e+00,4.888000011444091797e+00,4.635000228881835938e+00,4.385000228881835938e+00,4.083000183105468750e+00,3.660000085830688477e+00,3.268000125885009766e+00,2.948000192642211914e+00,2.928000211715698242e+00,3.120000123977661133e+00,3.433000087738037109e+00,3.713000059127807617e+00,3.908000230789184570e+00,4.045000076293945312e+00,4.193000316619873047e+00,4.278000354766845703e+00,4.368000030517578125e+00,4.513000011444091797e+00,4.605000019073486328e+00,4.703000068664550781e+00,4.710000038146972656e+00,4.698000431060791016e+00,4.723000049591064453e+00,4.785000324249267578e+00,4.888000011444091797e+00,4.948000431060791016e+00,5.025000095367431641e+00,5.145000457763671875e+00,5.288000106811523438e+00,5.393000125885009766e+00,5.523000240325927734e+00,5.580000400543212891e+00,5.623000144958496094e+00,5.693000316619873047e+00,5.768000125885009766e+00,5.818000316619873047e+00,5.878000259399414062e+00,5.960000514984130859e+00,6.093000411987304688e+00,6.238000392913818359e+00,6.380000114440917969e+00,6.523000240325927734e+00,6.663000106811523438e+00,6.785000324249267578e+00,6.843000411987304688e+00,6.923000335693359375e+00,6.980000495910644531e+00,7.033000469207763672e+00,7.100000381469726562e+00,7.210000514984130859e+00,7.345000267028808594e+00,7.483000278472900391e+00,7.620000362396240234e+00,7.765000343322753906e+00,7.865000247955322266e+00,7.955000400543212891e+00,8.035000801086425781e+00,8.128000259399414062e+00,8.183000564575195312e+00,8.328000068664550781e+00,8.420000076293945312e+00,8.508000373840332031e+00,8.628000259399414062e+00,8.765000343322753906e+00,8.903000831604003906e+00,8.988000869750976562e+00,9.133000373840332031e+00,9.240000724792480469e+00,9.325000762939453125e+00,9.450000762939453125e+00,9.678000450134277344e+00,9.900000572204589844e+00,1.015500068664550781e+01,1.038800048828125000e+01,1.055300045013427734e+01,1.069800090789794922e+01,1.080300045013427734e+01,1.096000099182128906e+01,1.115000057220458984e+01,1.127300071716308594e+01,1.138000011444091797e+01,1.150500011444091797e+01,1.164300060272216797e+01,1.186300086975097656e+01,1.210500049591064453e+01,1.246000099182128906e+01,1.283800029754638672e+01,1.320800018310546875e+01,1.351800060272216797e+01,1.376500034332275391e+01,1.393800067901611328e+01,1.420000076293945312e+01,1.000000020040877343e+20,1.000000020040877343e+20,1.000000020040877343e+20,1.000000020040877343e+20,1.000000020040877343e+20,1.000000020040877343e+20,1.000000020040877343e+20,1.000000020040877343e+20,1.000000020040877343e+20,1.000000020040877343e+20,1.000000020040877343e+20,1.000000020040877343e+20,1.000000020040877343e+20,1.000000020040877343e+20,1.000000020040877343e+20,1.000000020040877343e+20,1.000000020040877343e+20,1.000000020040877343e+20,1.000000020040877343e+20,1.000000020040877343e+20,1.000000020040877343e+20,1.000000020040877343e+20,1.000000020040877343e+20,1.000000020040877343e+20,1.000000020040877343e+20,1.000000020040877343e+20,1.000000020040877343e+20,1.000000020040877343e+20,1.000000020040877343e+20,1.000000020040877343e+20,1.000000020040877343e+20,1.000000020040877343e+20,1.000000020040877343e+20,3.415000200271606445e+00,3.385000228881835938e+00,3.125000238418579102e+00,3.228000164031982422e+00,3.600000143051147461e+00,4.445000171661376953e+00,1.000000020040877343e+20,1.000000020040877343e+20,1.000000020040877343e+20,1.000000020040877343e+20,1.000000020040877343e+20,1.000000020040877343e+20,1.000000020040877343e+20,1.000000020040877343e+20,1.000000020040877343e+20,1.000000020040877343e+20,1.000000020040877343e+20,1.000000020040877343e+20,1.000000020040877343e+20,1.000000020040877343e+20,1.000000020040877343e+20,1.000000020040877343e+20,1.000000020040877343e+20,1.000000020040877343e+20,1.000000020040877343e+20,1.000000020040877343e+20,9.128000259399414062e+00,8.918000221252441406e+00,8.615000724792480469e+00,8.305000305175781250e+00,7.940000534057617188e+00,7.443000316619873047e+00,7.108000278472900391e+00,6.648000240325927734e+00,6.500000476837158203e+00,1.000000020040877343e+20,1.000000020040877343e+20,1.000000020040877343e+20,4.665000438690185547e+00,4.328000068664550781e+00,3.943000078201293945e+00,3.650000095367431641e+00,3.668000221252441406e+00,4.090000152587890625e+00,4.873000144958496094e+00,6.048000335693359375e+00,7.378000259399414062e+00,8.947999954223632812e+00,1.067500019073486328e+01,1.217800045013427734e+01,1.327500057220458984e+01,1.395300102233886719e+01,1.426500034332275391e+01,1.441000080108642578e+01,1.445300102233886719e+01,1.446800041198730469e+01,1.448800086975097656e+01,1.455300045013427734e+01,1.467800045013427734e+01,1.483300113677978516e+01,1.497800064086914062e+01,1.509300041198730469e+01,1.523800086975097656e+01,1.524500083923339844e+01,1.527000045776367188e+01,1.527800083160400391e+01,1.523000049591064453e+01,1.518300056457519531e+01,1.512800025939941406e+01,1.505800056457519531e+01,1.500000095367431641e+01,1.493000030517578125e+01,1.486300086975097656e+01,1.487300109863281250e+01,1.484000110626220703e+01,1.478300094604492188e+01,1.476300048828125000e+01,1.474500083923339844e+01,1.475500106811523438e+01,1.458500099182128906e+01,1.437300109863281250e+01,1.417000102996826172e+01,1.403000068664550781e+01,1.392300033569335938e+01,1.391800022125244141e+01,1.397300052642822266e+01,1.411500072479248047e+01,1.454000091552734375e+01,1.000000020040877343e+20,1.000000020040877343e+20,1.000000020040877343e+20
1.000000020040877343e+20,1.000000020040877343e+20,1.000000020040877343e+20,1.000000020040877343e+20,1.000000020040877343e+20,1.000000020040877343e+20,1.000000020040877343e+20,1.000000020040877343e+20,1.000000020040877343e+20,1.000000020040877343e+20,1.000000020040877343e+20,1.000000020040877343e+20,1.000000020040877343e+20,1.000000020040877343e+20,1.000000020040877343e+20,1.000000020040877343e+20,1.000000020040877343e+20,1.000000020040877343e+20,1.000000020040877343e+20,1.000000020040877343e+20,1.000000020040877343e+20,1.000000020040877343e+20,1.000000020040877343e+20,1.000000020040877343e+20,1.000000020040877343e+20,1.000000020040877343e+20,1.000000020040877343e+20,1.000000020040877343e+20,1.000000020040877343e+20,1.000000020040877343e+20,1.000000020040877343e+20,1.000000020040877343e+20,1.000000020040877343e+20,1.000000020040877343e+20,1.000000020040877343e+20,2.063800048828125000e+01,2.072500038146972656e+01,2.080800056457519531e+01,2.094000053405761719e+01,1.000000020040877343e+20,1.000000020040877343e+20,1.000000020040877343e+20,1.000000020040877343e+20,1.000000020040877343e+20,1.000000020040877343e+20,1.000000020040877343e+20,1.000000020040877343e+20,1.000000020040877343e+20,1.000000020040877343e+20,2.297300148010253906e+01,2.281300163269042969e+01,2.250500106811523438e+01,2.228000068664550781e+01,1.000000020040877343e+20,1.000000020040877343e+20,1.000000020040877343e+20,1.000000020040877343e+20,1.000000020040877343e+20,1.000000020040877343e+20,1.000000020040877343e+20,1.000000020040877343e+20,1.000000020040877343e+20,1.000000020040877343e+20,1.000000020040877343e+20,1.000000020040877343e+20,1.000000020040877343e+20,1.000000020040877343e+20,1.000000020040877343e+20,1.000000020040877343e+20,1.000000020040877343e+20,1.000000020040877343e+20,1.000000020040877343e+20,1.000000020040877343e+20,1.000000020040877343e+20,1.000000020040877343e+20,1.000000020040877343e+20,1.000000020040877343e+20,1.000000020040877343e+20,1.000000020040877343e+20,1.000000020040877343e+20,1.000000020040877343e+20,1.000000020040877343e+20,1.000000020040877343e+20,1.000000020040877343e+20,1.000000020040877343e+20,1.000000020040877343e+20,1.000000020040877343e+20,1.000000020040877343e+20,1.000000020040877343e+20,1.000000020040877343e+20,1.000000020040877343e+20,1.000000020040877343e+20,1.000000020040877343e+20,1.000000020040877343e+20,1.000000020040877343e+20,1.000000020040877343e+20,1.000000020040877343e+20,1.000000020040877343e+20,1.000000020040877343e+20,1.000000020040877343e+20,1.000000020040877343e+20,1.000000020040877343e+20,1.000000020040877343e+20,1.000000020040877343e+20,1.000000020040877343e+20,1.000000020040877343e+20,1.000000020040877343e+20,1.000000020040877343e+20,1.000000020040877343e+20,1.000000020040877343e+20,1.000000020040877343e+20,1.000000020040877343e+20,1.000000020040877343e+20,1.000000020040877343e+20,1.000000020040877343e+20,1.000000020040877343e+20,1.000000020040877343e+20,1.000000020040877343e+20,1.000000020040877343e+20,1.000000020040877343e+20,1.000000020040877343e+20,1.000000020040877343e+20,1.000000020040877343e+20,1.000000020040877343e+20,1.000000020040877343e+20,1.000000020040877343e+20,1.000000020040877343e+20,1.000000020040877343e+20,1.000000020040877343e+20,1.000000020040877343e+20,1.000000020040877343e+20,1.000000020040877343e+20,1.000000020040877343e+20,1.000000020040877343e+20,1.000000020040877343e+20,1.000000020040877343e+20,1.000000020040877343e+20,1.000000020040877343e+20,9.320000648498535156e+00,8.998000144958496094e+00,8.710000038146972656e+00,8.313000679016113281e+00,7.743000507354736328e+00,6.590000152587890625e+00,5.948000431060791016e+00,5.400000095367431641e+00,4.865000247955322266e+00,4.388000011444091797e+00,3.855000257492065430e+00,3.368000268936157227e+00,2.978000164031982422e+00,2.850000143051147461e+00,3.023000240325927734e+00,3.333000183105468750e+00,3.648000240325927734e+00,3.838000297546386719e+00,4.035000324249267578e+00,4.208000183105468750e+00,4.323000431060791016e+00,4.458000183105468750e+00,4.688000202178955078e+00,4.873000144958496094e+00,4.993000030517578125e+00,5.048000335693359375e+00,5.058000087738037109e+00,5.023000240325927734e+00,4.995000362396240234e+00,5.000000000000000000e+00,5.040000438690185547e+00,5.073000431060791016e+00,5.150000095367431641e+00,5.278000354766845703e+00,5.390000343322753906e+00,5.568000316619873047e+00,5.730000495910644531e+00,5.878000259399414062e+00,5.958000183105468750e+00,6.013000488281250000e+00,6.043000221252441406e+00,6.115000247955322266e+00,6.225000381469726562e+00,6.298000335693359375e+00,6.433000087738037109e+00,6.573000431060791016e+00,6.750000476837158203e+00,6.885000228881835938e+00,7.038000106811523438e+00,7.145000457763671875e+00,7.245000362396240234e+00,7.300000190734863281e+00,7.365000247955322266e+00,7.415000438690185547e+00,7.488000392913818359e+00,7.573000431060791016e+00,7.688000202178955078e+00,7.833000183105468750e+00,7.960000514984130859e+00,8.120000839233398438e+00,8.282999992370605469e+00,8.395000457763671875e+00,8.498000144958496094e+00,8.532999992370605469e+00,8.539999961853027344e+00,8.590000152587890625e+00,8.650000572204589844e+00,8.753000259399414062e+00,8.898000717163085938e+00,9.023000717163085938e+00,9.180000305175781250e+00,9.398000717163085938e+00,9.578000068664550781e+00,9.710000038146972656e+00,9.793000221252441406e+00,9.860000610351562500e+00,1.010300064086914062e+01,1.038800048828125000e+01,1.061800003051757812e+01,1.083500003814697266e+01,1.102800083160400391e+01,1.115000057220458984e+01,1.129500007629394531e+01,1.145300006866455078e+01,1.155300045013427734e+01,1.161800098419189453e+01,1.169800090789794922e+01,1.180800056457519531e+01,1.194500064849853516e+01,1.215300083160400391e+01,1.238800048828125000e+01,1.267800045013427734e+01,1.304800033569335938e+01,1.342500019073486328e+01,1.382000064849853516e+01,1.415800094604492188e+01,1.436800098419189453e+01,1.447500038146972656e+01,1.000000020040877343e+20,1.000000020040877343e+20,1.000000020040877343e+20,1.000000020040877343e+20,1.000000020040877343e+20,1.000000020040877343e+20,1.000000020040877343e+20,1.000000020040877343e+20,1.000000020040877343e+20,1.000000020040877343e+20,1.000000020040877343e+20,1.000000020040877343e+20,1.000000020040877343e+20,1.000000020040877343e+20,1.000000020040877343e+20,1.000000020040877343e+20,1.000000020040877343e+20,1.000000020040877343e+20,1.000000020040877343e+20,1.000000020040877343e+20,1.000000020040877343e+20,1.000000020040877343e+20,1.000000020040877343e+20,1.000000020040877343e+20,1.000000020040877343e+20,1.000000020040877343e+20,1.000000020040877343e+20,1.000000020040877343e+20,1.000000020040877343e+20,1.000000020040877343e+20,1.000000020040877343e+20,1.000000020040877343e+20,1.000000020040877343e+20,1.000000020040877343e+20,1.000000020040877343e+20,1.000000020040877343e+20,1.000000020040877343e+20,1.000000020040877343e+20,1.000000020040877343e+20,1.000000020040877343e+20,1.000000020040877343e+20,1.000000020040877343e+20,1.000000020040877343e+20,1.000000020040877343e+20,1.000000020040877343e+20,1.000000020040877343e+20,1.000000020040877343e+20,1.000000020040877343e+20,1.000000020040877343e+20,1.000000020040877343e+20,1.000000020040877343e+20,1.000000020040877343e+20,1.000000020040877343e+20,1.000000020040877343e+20,1.000000020040877343e+20,1.000000020040877343e+20,1.000000020040877343e+20,1.000000020040877343e+20,1.000000020040877343e+20,9.282999992370605469e+00,9.025000572204589844e+00,8.703000068664550781e+00,8.250000000000000000e+00,7.958000183105468750e+00,7.520000457763671875e+00,7.020000457763671875e+00,6.468000411987304688e+00,6.195000171661376953e+00,6.068000316619873047e+00,5.863000392913818359e+00,5.508000373840332031e+00,5.005000114440917969e+00,4.673000335693359375e+00,4.282999992370605469e+00,4.038000106811523438e+00,4.010000228881835938e+00,4.625000000000000000e+00,5.758000373840332031e+00,7.158000469207763672e+00,8.748000144958496094e+00,1.038500022888183594e+01,1.193000030517578125e+01,1.319000053405761719e+01,1.425000095367431641e+01,1.483300113677978516e+01,1.510300064086914062e+01,1.521800041198730469e+01,1.519000053405761719e+01,1.512300109863281250e+01,1.506800079345703125e+01,1.515500068664550781e+01,1.532000064849853516e+01,1.541500091552734375e+01,1.549500083923339844e+01,1.555500030517578125e+01,1.556500053405761719e+01,1.563800048828125000e+01,1.569800090789794922e+01,1.575800037384033203e+01,1.572300052642822266e+01,1.575300121307373047e+01,1.564800071716308594e+01,1.559500026702880859e+01,1.550500106811523438e+01,1.538500118255615234e+01,1.529300117492675781e+01,1.516300106048583984e+01,1.510300064086914062e+01,1.498800086975097656e+01,1.495500087738037109e+01,1.492300033569335938e+01,1.489000034332275391e+01,1.473800086975097656e+01,1.464300060272216797e+01,1.454500102996826172e+01,1.451300048828125000e+01,1.449000072479248047e+01,1.451500034332275391e+01,1.462300109863281250e+01,1.480800056457519531e+01,1.506500053405761719e+01,1.553800106048583984e+01,1.000000020040877343e+20,1.000000020040877343e+20
1.000000020040877343e+20,1.000000020040877343e+20,1.000000020040877343e+20,1.000000020040877343e+20,1.000000020040877343e+20,1.000000020040877343e+20,1.000000020040877343e+20,1.000000020040877343e+20,1.000000020040877343e+20,1.000000020040877343e+20,1.000000020040877343e+20,1.000000020040877343e+20,1.000000020040877343e+20,2.086300086975097656e+01,1.000000020040877343e+20,1.000000020040877343e+20,1.000000020040877343e+20,1.000000020040877343e+20,1.000000020040877343e+20,1.000000020040877343e+20,1.000000020040877343e+20,1.000000020040877343e+20,1.000000020040877343e+20,1.000000020040877343e+20,1.000000020040877343e+20,1.000000020040877343e+20,1.000000020040877343e+20,1.000000020040877343e+20,1.000000020040877343e+20,1.000000020040877343e+20,1.951800155639648438e+01,1.951000022888183594e+01,1.951500129699707031e+01,1.000000020040877343e+20,1.000000020040877343e+20,2.058500099182128906e+01,2.075800132751464844e+01,2.092800140380859375e+01,1.000000020040877343e+20,1.000000020040877343e+20,1.000000020040877343e+20,1.000000020040877343e+20,1.000000020040877343e+20,1.000000020040877343e+20,1.000000020040877343e+20,1.000000020040877343e+20,1.000000020040877343e+20,2.210000038146972656e+01,2.211800193786621094e+01,2.235000038146972656e+01,2.222000122070312500e+01,2.226500129699707031e+01,2.205500030517578125e+01,1.000000020040877343e+20,1.000000020040877343e+20,1.000000020040877343e+20,1.000000020040877343e+20,1.000000020040877343e+20,1.000000020040877343e+20,1.000000020040877343e+20,1.000000020040877343e+20,1.000000020040877343e+20,1.000000020040877343e+20,1.000000020040877343e+20,1.000000020040877343e+20,1.000000020040877343e+20,1.000000020040877343e+20,1.000000020040877343e+20,1.000000020040877343e+20,1.000000020040877343e+20,1.000000020040877343e+20,1.000000020040877343e+20,1.000000020040877343e+20,1.000000020040877343e+20,1.000000020040877343e+20,1.000000020040877343e+20,1.000000020040877343e+20,1.000000020040877343e+20,1.000000020040877343e+20,1.000000020040877343e+20,1.000000020040877343e+20,1.000000020040877343e+20,1.000000020040877343e+20,1.000000020040877343e+20,1.000000020040877343e+20,1.000000020040877343e+20,1.000000020040877343e+20,1.000000020040877343e+20,1.000000020040877343e+20,1.000000020040877343e+20,1.000000020040877343e+20,1.000000020040877343e+20,1.000000020040877343e+20,1.000000020040877343e+20,1.000000020040877343e+20,1.000000020040877343e+20,1.000000020040877343e+20,1.000000020040877343e+20,1.000000020040877343e+20,1.000000020040877343e+20,1.000000020040877343e+20,1.000000020040877343e+20,1.000000020040877343e+20,1.000000020040877343e+20,1.000000020040877343e+20,1.000000020040877343e+20,1.000000020040877343e+20,1.000000020040877343e+20,1.000000020040877343e+20,1.000000020040877343e+20,1.000000020040877343e+20,1.000000020040877343e+20,1.000000020040877343e+20,1.000000020040877343e+20,1.000000020040877343e+20,1.000000020040877343e+20,1.000000020040877343e+20,1.000000020040877343e+20,1.000000020040877343e+20,1.000000020040877343e+20,1.000000020040877343e+20,1.000000020040877343e+20,1.000000020040877343e+20,1.000000020040877343e+20,1.000000020040877343e+20,1.000000020040877343e+20,1.000000020040877343e+20,1.000000020040877343e+20,1.000000020040877343e+20,1.000000020040877343e+20,1.000000020040877343e+20,1.000000020040877343e+20,1.000000020040877343e+20,1.000000020040877343e+20,1.000000020040877343e+20,1.000000020040877343e+20,1.000000020040877343e+20,9.164999961853027344e+00,9.343000411987304688e+00,9.468000411987304688e+00,9.425000190734863281e+00,8.983000755310058594e+00,7.738000392913818359e+00,6.945000171661376953e+00,6.278000354766845703e+00,5.528000354766845703e+00,4.920000076293945312e+00,4.400000095367431641e+00,3.898000240325927734e+00,3.538000106811523438e+00,3.305000066757202148e+00,3.398000240325927734e+00,3.583000183105468750e+00,3.818000078201293945e+00,4.080000400543212891e+00,4.310000419616699219e+00,4.455000400543212891e+00,4.673000335693359375e+00,4.850000381469726562e+00,5.110000133514404297e+00,5.265000343322753906e+00,5.393000125885009766e+00,5.428000450134277344e+00,5.483000278472900391e+00,5.493000030517578125e+00,5.480000495910644531e+00,5.478000164031982422e+00,5.448000431060791016e+00,5.435000419616699219e+00,5.425000190734863281e+00,5.460000038146972656e+00,5.625000476837158203e+00,5.775000095367431641e+00,5.945000171661376953e+00,6.158000469207763672e+00,6.300000190734863281e+00,6.405000209808349609e+00,6.498000144958496094e+00,6.585000514984130859e+00,6.693000316619873047e+00,6.853000164031982422e+00,6.985000133514404297e+00,7.113000392913818359e+00,7.253000259399414062e+00,7.360000133514404297e+00,7.448000431060791016e+00,7.510000228881835938e+00,7.560000419616699219e+00,7.663000583648681641e+00,7.765000343322753906e+00,7.875000476837158203e+00,8.008000373840332031e+00,8.083000183105468750e+00,8.173000335693359375e+00,8.235000610351562500e+00,8.273000717163085938e+00,8.335000038146972656e+00,8.443000793457031250e+00,8.588000297546386719e+00,8.745000839233398438e+00,8.893000602722167969e+00,8.963000297546386719e+00,8.983000755310058594e+00,8.995000839233398438e+00,9.023000717163085938e+00,9.095000267028808594e+00,9.173000335693359375e+00,9.270000457763671875e+00,9.488000869750976562e+00,9.725000381469726562e+00,9.930000305175781250e+00,1.013500022888183594e+01,1.029500007629394531e+01,1.040800094604492188e+01,1.055800056457519531e+01,1.072500038146972656e+01,1.098500061035156250e+01,1.122500038146972656e+01,1.140300083160400391e+01,1.157000064849853516e+01,1.170000076293945312e+01,1.177500057220458984e+01,1.186800098419189453e+01,1.194300079345703125e+01,1.203300094604492188e+01,1.215800094604492188e+01,1.233800029754638672e+01,1.253500080108642578e+01,1.272000026702880859e+01,1.299000072479248047e+01,1.330300045013427734e+01,1.368800067901611328e+01,1.410300064086914062e+01,1.446300029754638672e+01,1.467500114440917969e+01,1.474800109863281250e+01,1.000000020040877343e+20,1.000000020040877343e+20,1.000000020040877343e+20,1.000000020040877343e+20,1.000000020040877343e+20,1.000000020040877343e+20,1.000000020040877343e+20,1.000000020040877343e+20,1.000000020040877343e+20,1.000000020040877343e+20,1.000000020040877343e+20,1.000000020040877343e+20,1.000000020040877343e+20,1.000000020040877343e+20,1.000000020040877343e+20,1.000000020040877343e+20,1.000000020040877343e+20,1.000000020040877343e+20,1.000000020040877343e+20,1.000000020040877343e+20,1.000000020040877343e+20,1.000000020040877343e+20,1.000000020040877343e+20,1.000000020040877343e+20,1.000000020040877343e+20,1.000000020040877343e+20,1.000000020040877343e+20,1.000000020040877343e+20,1.000000020040877343e+20,1.000000020040877343e+20,1.000000020040877343e+20,1.000000020040877343e+20,1.000000020040877343e+20,1.000000020040877343e+20,1.000000020040877343e+20,1.000000020040877343e+20,1.000000020040877343e+20,6.815000534057617188e+00,6.388000488281250000e+00,1.000000020040877343e+20,8.468000411987304688e+00,9.550000190734863281e+00,9.690000534057617188e+00,1.011300086975097656e+01,1.000000020040877343e+20,1.000000020040877343e+20,1.000000020040877343e+20,1.000000020040877343e+20,1.000000020040877343e+20,1.000000020040877343e+20,1.000000020040877343e+20,1.000000020040877343e+20,1.000000020040877343e+20,1.000000020040877343e+20,1.000000020040877343e+20,1.000000020040877343e+20,1.000000020040877343e+20,1.000000020040877343e+20,1.000000020040877343e+20,1.000000020040877343e+20,1.000000020040877343e+20,1.000000020040877343e+20,7.375000476837158203e+00,7.155000209808349609e+00,6.910000324249267578e+00,6.585000514984130859e+00,6.265000343322753906e+00,5.955000400543212891e+00,5.918000221252441406e+00,5.913000106811523438e+00,5.748000144958496094e+00,5.443000316619873047e+00,4.923000335693359375e+00,4.625000000000000000e+00,4.585000038146972656e+00,4.925000190734863281e+00,5.950000286102294922e+00,7.405000209808349609e+00,9.070000648498535156e+00,1.064800071716308594e+01,1.217000102996826172e+01,1.350300025939941406e+01,1.443800067901611328e+01,1.512500095367431641e+01,1.553800106048583984e+01,1.570800113677978516e+01,1.584500122070312500e+01,1.576500034332275391e+01,1.569000053405761719e+01,1.576300048828125000e+01,1.579300117492675781e+01,1.593300056457519531e+01,1.600800132751464844e+01,1.600800132751464844e+01,1.596300029754638672e+01,1.602300071716308594e+01,1.608800125122070312e+01,1.613000106811523438e+01,1.620300102233886719e+01,1.629300117492675781e+01,1.623500061035156250e+01,1.621800041198730469e+01,1.610800170898437500e+01,1.593000030517578125e+01,1.573500061035156250e+01,1.555000114440917969e+01,1.542800045013427734e+01,1.528300094604492188e+01,1.529300117492675781e+01,1.527800083160400391e+01,1.523300075531005859e+01,1.513500118255615234e+01,1.496500110626220703e+01,1.488300037384033203e+01,1.486800098419189453e+01,1.486800098419189453e+01,1.494800090789794922e+01,1.509800052642822266e+01,1.522500038146972656e+01,1.539000034332275391e+01,1.561800098419189453e+01,1.594000053405761719e+01,1.649500083923339844e+01,1.000000020040877343e+20
1.000000020040877343e+20,1.000000020040877343e+20,1.000000020040877343e+20,1.000000020040877343e+20,1.000000020040877343e+20,1.000000020040877343e+20,1.000000020040877343e+20,1.000000020040877343e+20,1.000000020040877343e+20,1.000000020040877343e+20,1.000000020040877343e+20,1.000000020040877343e+20,2.087000083923339844e+01,2.076800155639648438e+01,2.063800048828125000e+01,1.000000020040877343e+20,1.000000020040877343e+20,1.000000020040877343e+20,1.000000020040877343e+20,1.000000020040877343e+20,1.000000020040877343e+20,1.000000020040877343e+20,1.000000020040877343e+20,1.000000020040877343e+20,1.000000020040877343e+20,1.000000020040877343e+20,1.000000020040877343e+20,1.000000020040877343e+20,1.000000020040877343e+20,1.979300117492675781e+01,1.975000000000000000e+01,1.972300148010253906e+01,1.973300170898437500e+01,1.976300048828125000e+01,1.994300079345703125e+01,2.039800071716308594e+01,2.067300033569335938e+01,2.097500038146972656e+01,2.115300178527832031e+01,1.000000020040877343e+20,1.000000020040877343e+20,1.000000020040877343e+20,1.000000020040877343e+20,1.000000020040877343e+20,1.000000020040877343e+20,1.000000020040877343e+20,1.000000020040877343e+20,2.129000091552734375e+01,2.121800041198730469e+01,2.111000061035156250e+01,2.101000022888183594e+01,1.000000020040877343e+20,1.000000020040877343e+20,1.000000020040877343e+20,1.000000020040877343e+20,1.000000020040877343e+20,1.000000020040877343e+20,1.000000020040877343e+20,1.000000020040877343e+20,1.000000020040877343e+20,1.000000020040877343e+20,1.000000020040877343e+20,1.000000020040877343e+20,1.000000020040877343e+20,1.000000020040877343e+20,1.000000020040877343e+20,1.000000020040877343e+20,1.000000020040877343e+20,1.000000020040877343e+20,1.000000020040877343e+20,1.000000020040877343e+20,1.000000020040877343e+20,1.000000020040877343e+20,1.000000020040877343e+20,1.000000020040877343e+20,1.000000020040877343e+20,1.000000020040877343e+20,1.000000020040877343e+20,1.000000020040877343e+20,1.000000020040877343e+20,1.000000020040877343e+20,1.000000020040877343e+20,1.000000020040877343e+20,1.000000020040877343e+20,1.000000020040877343e+20,1.000000020040877343e+20,1.000000020040877343e+20,1.000000020040877343e+20,1.000000020040877343e+20,1.000000020040877343e+20,1.000000020040877343e+20,1.000000020040877343e+20,1.000000020040877343e+20,1.000000020040877343e+20,1.000000020040877343e+20,1.000000020040877343e+20,1.000000020040877343e+20,1.000000020040877343e+20,1.000000020040877343e+20,1.000000020040877343e+20,1.000000020040877343e+20,1.000000020040877343e+20,1.000000020040877343e+20,1.000000020040877343e+20,1.000000020040877343e+20,1.000000020040877343e+20,1.000000020040877343e+20,1.000000020040877343e+20,1.000000020040877343e+20,1.000000020040877343e+20,1.000000020040877343e+20,1.000000020040877343e+20,1.000000020040877343e+20,1.000000020040877343e+20,1.000000020040877343e+20,1.000000020040877343e+20,1.000000020040877343e+20,1.000000020040877343e+20,1.000000020040877343e+20,1.000000020040877343e+20,1.000000020040877343e+20,1.000000020040877343e+20,1.000000020040877343e+20,1.000000020040877343e+20,1.000000020040877343e+20,1.000000020040877343e+20,1.000000020040877343e+20,1.000000020040877343e+20,1.000000020040877343e+20,1.000000020040877343e+20,1.000000020040877343e+20,1.000000020040877343e+20,1.000000020040877343e+20,1.000000020040877343e+20,1.000000020040877343e+20,1.000000020040877343e+20,9.270000457763671875e+00,9.490000724792480469e+00,9.898000717163085938e+00,1.022500038146972656e+01,1.026000022888183594e+01,9.605000495910644531e+00,1.000000020040877343e+20,6.788000106811523438e+00,6.120000362396240234e+00,5.433000087738037109e+00,4.978000164031982422e+00,4.558000087738037109e+00,4.338000297546386719e+00,4.193000316619873047e+00,4.193000316619873047e+00,4.318000316619873047e+00,4.563000202178955078e+00,4.808000087738037109e+00,5.163000106811523438e+00,5.475000381469726562e+00,5.675000190734863281e+00,5.800000190734863281e+00,5.960000514984130859e+00,6.103000164031982422e+00,6.070000171661376953e+00,6.048000335693359375e+00,6.100000381469726562e+00,6.093000411987304688e+00,6.130000114440917969e+00,6.055000305175781250e+00,5.985000133514404297e+00,5.885000228881835938e+00,5.863000392913818359e+00,5.923000335693359375e+00,6.068000316619873047e+00,6.273000240325927734e+00,6.373000144958496094e+00,6.540000438690185547e+00,6.765000343322753906e+00,6.905000209808349609e+00,7.020000457763671875e+00,7.123000144958496094e+00,7.260000228881835938e+00,7.438000202178955078e+00,7.643000125885009766e+00,7.823000431060791016e+00,7.963000297546386719e+00,8.048000335693359375e+00,8.038000106811523438e+00,7.985000610351562500e+00,7.968000411987304688e+00,7.985000610351562500e+00,8.070000648498535156e+00,8.240000724792480469e+00,8.485000610351562500e+00,8.673000335693359375e+00,8.803000450134277344e+00,8.860000610351562500e+00,8.818000793457031250e+00,8.697999954223632812e+00,8.657999992370605469e+00,8.697999954223632812e+00,8.838000297546386719e+00,9.038000106811523438e+00,9.295000076293945312e+00,9.483000755310058594e+00,9.570000648498535156e+00,9.575000762939453125e+00,9.555000305175781250e+00,9.580000877380371094e+00,9.635000228881835938e+00,9.663000106811523438e+00,9.888000488281250000e+00,1.009500026702880859e+01,1.035500049591064453e+01,1.054300022125244141e+01,1.072300052642822266e+01,1.083800029754638672e+01,1.087000083923339844e+01,1.101500034332275391e+01,1.120000076293945312e+01,1.137000083923339844e+01,1.157500076293945312e+01,1.172500038146972656e+01,1.195000076293945312e+01,1.207300090789794922e+01,1.219500064849853516e+01,1.229000091552734375e+01,1.241800022125244141e+01,1.258500099182128906e+01,1.274800014495849609e+01,1.292500019073486328e+01,1.313500022888183594e+01,1.338000106811523438e+01,1.369500064849853516e+01,1.401800060272216797e+01,1.433500099182128906e+01,1.460000038146972656e+01,1.471500110626220703e+01,1.472800064086914062e+01,1.000000020040877343e+20,1.000000020040877343e+20,1.000000020040877343e+20,1.000000020040877343e+20,1.000000020040877343e+20,1.000000020040877343e+20,1.000000020040877343e+20,1.000000020040877343e+20,1.000000020040877343e+20,1.000000020040877343e+20,1.000000020040877343e+20,1.000000020040877343e+20,1.000000020040877343e+20,1.000000020040877343e+20,1.000000020040877343e+20,1.000000020040877343e+20,1.000000020040877343e+20,1.000000020040877343e+20,1.000000020040877343e+20,1.000000020040877343e+20,1.000000020040877343e+20,1.000000020040877343e+20,1.000000020040877343e+20,1.000000020040877343e+20,1.000000020040877343e+20,1.000000020040877343e+20,1.000000020040877343e+20,1.000000020040877343e+20,1.000000020040877343e+20,1.000000020040877343e+20,1.000000020040877343e+20,1.000000020040877343e+20,1.000000020040877343e+20,1.000000020040877343e+20,1.000000020040877343e+20,1.000000020040877343e+20,7.960000514984130859e+00,7.525000572204589844e+00,1.000000020040877343e+20,1.000000020040877343e+20,1.000000020040877343e+20,9.970000267028808594e+00,1.000000020040877343e+20,1.000000020040877343e+20,1.000000020040877343e+20,1.000000020040877343e+20,1.000000020040877343e+20,1.000000020040877343e+20,1.000000020040877343e+20,1.000000020040877343e+20,1.000000020040877343e+20,1.000000020040877343e+20,1.000000020040877343e+20,1.000000020040877343e+20,1.000000020040877343e+20,1.000000020040877343e+20,8.815000534057617188e+00,8.278000831604003906e+00,1.000000020040877343e+20,1.000000020040877343e+20,6.778000354766845703e+00,6.635000228881835938e+00,6.518000125885009766e+00,6.528000354766845703e+00,6.550000190734863281e+00,6.660000324249267578e+00,6.730000495910644531e+00,6.698000431060791016e+00,6.730000495910644531e+00,6.728000164031982422e+00,6.458000183105468750e+00,6.028000354766845703e+00,5.553000450134277344e+00,5.138000011444091797e+00,5.318000316619873047e+00,6.138000488281250000e+00,7.690000534057617188e+00,9.433000564575195312e+00,1.110000038146972656e+01,1.255300045013427734e+01,1.381300067901611328e+01,1.481500053405761719e+01,1.551000118255615234e+01,1.587800121307373047e+01,1.610500144958496094e+01,1.621300125122070312e+01,1.629800033569335938e+01,1.638800048828125000e+01,1.640500068664550781e+01,1.640500068664550781e+01,1.641300010681152344e+01,1.641500091552734375e+01,1.646500015258789062e+01,1.650000000000000000e+01,1.650800132751464844e+01,1.654800033569335938e+01,1.662800025939941406e+01,1.670300102233886719e+01,1.676800155639648438e+01,1.678499984741210938e+01,1.678499984741210938e+01,1.672000122070312500e+01,1.653800010681152344e+01,1.624500083923339844e+01,1.604300117492675781e+01,1.595300102233886719e+01,1.583500099182128906e+01,1.573500061035156250e+01,1.569000053405761719e+01,1.575800037384033203e+01,1.572800064086914062e+01,1.556500053405761719e+01,1.535000038146972656e+01,1.519000053405761719e+01,1.506800079345703125e+01,1.504500102996826172e+01,1.509500026702880859e+01,1.540300083160400391e+01,1.555300045013427734e+01,1.568300056457519531e+01,1.585300064086914062e+01,1.611300086975097656e+01,1.646800041198730469e+01,1.000000020040877343e+20
1.000000020040877343e+20,1.000000020040877343e+20,1.000000020040877343e+20,1.000000020040877343e+20,1.714800071716308594e+01,1.000000020040877343e+20,1.000000020040877343e+20,1.856300163269042969e+01,1.880300140380859375e+01,1.912500000000000000e+01,1.935800170898437500e+01,1.000000020040877343e+20,1.000000020040877343e+20,2.058800125122070312e+01,2.054800033569335938e+01,2.048000144958496094e+01,1.000000020040877343e+20,1.000000020040877343e+20,1.000000020040877343e+20,1.000000020040877343e+20,1.000000020040877343e+20,1.000000020040877343e+20,1.000000020040877343e+20,1.000000020040877343e+20,1.000000020040877343e+20,1.000000020040877343e+20,1.000000020040877343e+20,1.000000020040877343e+20,2.010800170898437500e+01,2.004800033569335938e+01,1.996500015258789062e+01,1.988500022888183594e+01,1.985000038146972656e+01,1.987800025939941406e+01,2.001000022888183594e+01,2.022800064086914062e+01,2.053500175476074219e+01,2.090000152587890625e+01,2.123300170898437500e+01,2.140800094604492188e+01,1.000000020040877343e+20,1.000000020040877343e+20,1.000000020040877343e+20,1.000000020040877343e+20,1.000000020040877343e+20,1.000000020040877343e+20,1.000000020040877343e+20,2.044000053405761719e+01,1.993300056457519531e+01,1.977500152587890625e+01,1.968500137329101562e+01,1.000000020040877343e+20,1.000000020040877343e+20,1.000000020040877343e+20,1.000000020040877343e+20,1.000000020040877343e+20,1.000000020040877343e+20,1.000000020040877343e+20,1.000000020040877343e+20,1.000000020040877343e+20,1.000000020040877343e+20,1.000000020040877343e+20,1.000000020040877343e+20,1.000000020040877343e+20,1.000000020040877343e+20,1.000000020040877343e+20,1.000000020040877343e+20,1.000000020040877343e+20,1.000000020040877343e+20,1.000000020040877343e+20,1.000000020040877343e+20,1.000000020040877343e+20,1.000000020040877343e+20,1.000000020040877343e+20,1.000000020040877343e+20,1.000000020040877343e+20,1.000000020040877343e+20,1.000000020040877343e+20,1.000000020040877343e+20,1.000000020040877343e+20,1.000000020040877343e+20,1.000000020040877343e+20,1.000000020040877343e+20,1.000000020040877343e+20,1.000000020040877343e+20,1.000000020040877343e+20,1.000000020040877343e+20,1.000000020040877343e+20,1.000000020040877343e+20,1.000000020040877343e+20,1.000000020040877343e+20,1.000000020040877343e+20,1.000000020040877343e+20,1.000000020040877343e+20,1.000000020040877343e+20,1.000000020040877343e+20,1.000000020040877343e+20,1.000000020040877343e+20,1.000000020040877343e+20,1.000000020040877343e+20,1.000000020040877343e+20,1.000000020040877343e+20,1.000000020040877343e+20,1.000000020040877343e+20,1.000000020040877343e+20,1.000000020040877343e+20,1.000000020040877343e+20,1.000000020040877343e+20,1.000000020040877343e+20,1.000000020040877343e+20,1.000000020040877343e+20,1.000000020040877343e+20,1.000000020040877343e+20,1.000000020040877343e+20,1.000000020040877343e+20,1.000000020040877343e+20,1.000000020040877343e+20,1.000000020040877343e+20,1.000000020040877343e+20,1.000000020040877343e+20,1.000000020040877343e+20,1.000000020040877343e+20,1.000000020040877343e+20,1.000000020040877343e+20,1.000000020040877343e+20,1.000000020040877343e+20,1.000000020040877343e+20,1.000000020040877343e+20,1.000000020040877343e+20,1.000000020040877343e+20,1.000000020040877343e+20,1.000000020040877343e+20,1.000000020040877343e+20,1.000000020040877343e+20,1.000000020040877343e+20,9.263000488281250000e+00,9.690000534057617188e+00,1.028500080108642578e+01,1.087000083923339844e+01,1.121800041198730469e+01,1.093800067901611328e+01,1.000000020040877343e+20,1.000000020040877343e+20,1.000000020040877343e+20,1.000000020040877343e+20,5.650000095367431641e+00,5.305000305175781250e+00,5.085000038146972656e+00,5.038000106811523438e+00,5.158000469207763672e+00,5.368000030517578125e+00,5.653000354766845703e+00,5.980000495910644531e+00,6.430000305175781250e+00,6.785000324249267578e+00,7.028000354766845703e+00,7.160000324249267578e+00,7.195000171661376953e+00,7.090000152587890625e+00,7.010000228881835938e+00,6.923000335693359375e+00,6.915000438690185547e+00,6.883000373840332031e+00,6.890000343322753906e+00,6.720000267028808594e+00,6.613000392913818359e+00,6.488000392913818359e+00,6.423000335693359375e+00,6.465000152587890625e+00,6.665000438690185547e+00,6.878000259399414062e+00,7.038000106811523438e+00,7.165000438690185547e+00,7.280000209808349609e+00,7.448000431060791016e+00,7.598000526428222656e+00,7.780000209808349609e+00,7.910000324249267578e+00,8.090000152587890625e+00,8.308000564575195312e+00,8.500000000000000000e+00,8.680000305175781250e+00,8.850000381469726562e+00,8.903000831604003906e+00,8.860000610351562500e+00,8.673000335693359375e+00,8.530000686645507812e+00,8.468000411987304688e+00,8.588000297546386719e+00,8.808000564575195312e+00,9.123000144958496094e+00,9.350000381469726562e+00,9.545000076293945312e+00,9.570000648498535156e+00,9.483000755310058594e+00,9.273000717163085938e+00,9.128000259399414062e+00,9.123000144958496094e+00,9.245000839233398438e+00,9.500000000000000000e+00,9.835000038146972656e+00,1.009500026702880859e+01,1.027500057220458984e+01,1.029000091552734375e+01,1.021500015258789062e+01,1.020300006866455078e+01,1.019800090789794922e+01,1.028300094604492188e+01,1.042000007629394531e+01,1.056500053405761719e+01,1.077800083160400391e+01,1.095300006866455078e+01,1.108800029754638672e+01,1.119500064849853516e+01,1.127000045776367188e+01,1.132300090789794922e+01,1.142300033569335938e+01,1.160000038146972656e+01,1.174800014495849609e+01,1.193800067901611328e+01,1.218800067901611328e+01,1.235800075531005859e+01,1.248800086975097656e+01,1.263300037384033203e+01,1.274000072479248047e+01,1.294800090789794922e+01,1.312300109863281250e+01,1.334000110626220703e+01,1.358300018310546875e+01,1.384000110626220703e+01,1.409300041198730469e+01,1.433000087738037109e+01,1.448000049591064453e+01,1.455000114440917969e+01,1.446800041198730469e+01,1.432300090789794922e+01,1.000000020040877343e+20,1.000000020040877343e+20,1.000000020040877343e+20,1.000000020040877343e+20,1.000000020040877343e+20,1.000000020040877343e+20,1.000000020040877343e+20,1.000000020040877343e+20,1.000000020040877343e+20,1.000000020040877343e+20,1.000000020040877343e+20,1.000000020040877343e+20,1.000000020040877343e+20,1.000000020040877343e+20,1.000000020040877343e+20,1.000000020040877343e+20,1.000000020040877343e+20,1.000000020040877343e+20,1.000000020040877343e+20,1.000000020040877343e+20,1.000000020040877343e+20,1.000000020040877343e+20,1.000000020040877343e+20,1.000000020040877343e+20,1.000000020040877343e+20,1.000000020040877343e+20,1.000000020040877343e+20,1.000000020040877343e+20,1.000000020040877343e+20,1.000000020040877343e+20,1.000000020040877343e+20,1.000000020040877343e+20,1.000000020040877343e+20,1.000000020040877343e+20,1.000000020040877343e+20,1.000000020040877343e+20,8.905000686645507812e+00,8.970000267028808594e+00,1.000000020040877343e+20,1.000000020040877343e+20,1.000000020040877343e+20,1.109300041198730469e+01,1.000000020040877343e+20,1.000000020040877343e+20,1.380000019073486328e+01,1.341300106048583984e+01,1.343500041961669922e+01,1.358300018310546875e+01,1.000000020040877343e+20,1.000000020040877343e+20,1.000000020040877343e+20,1.000000020040877343e+20,1.000000020040877343e+20,1.109800052642822266e+01,1.035000038146972656e+01,9.328000068664550781e+00,8.258000373840332031e+00,7.573000431060791016e+00,6.990000247955322266e+00,7.003000259399414062e+00,6.828000545501708984e+00,6.960000514984130859e+00,7.113000392913818359e+00,7.355000495910644531e+00,7.768000602722167969e+00,8.168000221252441406e+00,8.613000869750976562e+00,8.755000114440917969e+00,8.808000564575195312e+00,8.815000534057617188e+00,8.505000114440917969e+00,8.030000686645507812e+00,7.458000183105468750e+00,7.090000152587890625e+00,7.245000362396240234e+00,8.268000602722167969e+00,9.970000267028808594e+00,1.178300094604492188e+01,1.328300094604492188e+01,1.451300048828125000e+01,1.545500087738037109e+01,1.615299987792968750e+01,1.652300071716308594e+01,1.666800117492675781e+01,1.680500030517578125e+01,1.687000083923339844e+01,1.700000000000000000e+01,1.709300041198730469e+01,1.709500122070312500e+01,1.697800064086914062e+01,1.697800064086914062e+01,1.700800132751464844e+01,1.700500106811523438e+01,1.704500007629394531e+01,1.713000106811523438e+01,1.720000076293945312e+01,1.727799987792968750e+01,1.737000083923339844e+01,1.734300041198730469e+01,1.734300041198730469e+01,1.723500061035156250e+01,1.707999992370605469e+01,1.682000160217285156e+01,1.656800079345703125e+01,1.646000099182128906e+01,1.633300018310546875e+01,1.626300048828125000e+01,1.622500038146972656e+01,1.619500160217285156e+01,1.607500076293945312e+01,1.603300094604492188e+01,1.597800064086914062e+01,1.575800037384033203e+01,1.555300045013427734e+01,1.538800048828125000e+01,1.515500068664550781e+01,1.000000020040877343e+20,1.554300117492675781e+01,1.564300060272216797e+01,1.573500061035156250e+01,1.580300045013427734e+01,1.583800029754638672e+01,1.000000020040877343e+20,1.000000020040877343e+20
1.000000020040877343e+20,1.000000020040877343e+20,1.000000020040877343e+20,1.769799995422363281e+01,1.748800086975097656e+01,1.777000045776367188e+01,1.805000114440917969e+01,1.844500160217285156e+01,1.872500038146972656e+01,1.905500030517578125e+01,1.934500122070312500e+01,1.000000020040877343e+20,1.000000020040877343e+20,1.000000020040877343e+20,2.041800117492675781e+01,2.048500061035156250e+01,2.065500068664550781e+01,2.097000122070312500e+01,2.113000106811523438e+01,1.000000020040877343e+20,1.000000020040877343e+20,1.000000020040877343e+20,1.000000020040877343e+20,1.000000020040877343e+20,1.000000020040877343e+20,1.000000020040877343e+20,1.000000020040877343e+20,1.000000020040877343e+20,2.033000183105468750e+01,2.029300117492675781e+01,2.018800163269042969e+01,2.008500099182128906e+01,1.993800163269042969e+01,1.988300132751464844e+01,1.994500160217285156e+01,2.013000106811523438e+01,2.040300178527832031e+01,2.074800109863281250e+01,2.112500190734863281e+01,2.142000007629394531e+01,2.155500030517578125e+01,1.000000020040877343e+20,1.000000020040877343e+20,1.000000020040877343e+20,1.000000020040877343e+20,1.000000020040877343e+20,1.000000020040877343e+20,1.000000020040877343e+20,1.912000083923339844e+01,1.886000061035156250e+01,1.879800033569335938e+01,1.865000152587890625e+01,1.000000020040877343e+20,1.000000020040877343e+20,1.000000020040877343e+20,1.000000020040877343e+20,1.000000020040877343e+20,1.000000020040877343e+20,1.000000020040877343e+20,1.000000020040877343e+20,1.000000020040877343e+20,1.000000020040877343e+20,1.000000020040877343e+20,1.000000020040877343e+20,1.000000020040877343e+20,1.000000020040877343e+20,1.000000020040877343e+20,1.000000020040877343e+20,1.000000020040877343e+20,1.000000020040877343e+20,1.000000020040877343e+20,1.000000020040877343e+20,1.000000020040877343e+20,1.000000020040877343e+20,1.000000020040877343e+20,1.000000020040877343e+20,1.000000020040877343e+20,1.000000020040877343e+20,1.000000020040877343e+20,1.000000020040877343e+20,1.000000020040877343e+20,1.000000020040877343e+20,1.000000020040877343e+20,1.000000020040877343e+20,1.000000020040877343e+20,1.000000020040877343e+20,1.000000020040877343e+20,1.000000020040877343e+20,1.000000020040877343e+20,1.000000020040877343e+20,1.000000020040877343e+20,1.000000020040877343e+20,1.000000020040877343e+20,1.000000020040877343e+20,1.000000020040877343e+20,1.000000020040877343e+20,1.000000020040877343e+20,1.000000020040877343e+20,1.000000020040877343e+20,1.000000020040877343e+20,1.000000020040877343e+20,1.000000020040877343e+20,1.000000020040877343e+20,1.000000020040877343e+20,1.000000020040877343e+20,1.000000020040877343e+20,1.000000020040877343e+20,1.000000020040877343e+20,1.000000020040877343e+20,1.000000020040877343e+20,1.000000020040877343e+20,1.000000020040877343e+20,1.000000020040877343e+20,1.000000020040877343e+20,1.000000020040877343e+20,1.000000020040877343e+20,1.000000020040877343e+20,1.000000020040877343e+20,1.000000020040877343e+20,1.000000020040877343e+20,1.000000020040877343e+20,1.000000020040877343e+20,1.000000020040877343e+20,1.000000020040877343e+20,1.000000020040877343e+20,1.000000020040877343e+20,1.000000020040877343e+20,1.000000020040877343e+20,1.000000020040877343e+20,1.000000020040877343e+20,1.000000020040877343e+20,1.087000083923339844e+01,1.040000057220458984e+01,1.014300060272216797e+01,1.020000076293945312e+01,1.015300083160400391e+01,1.062000083923339844e+01,1.133300018310546875e+01,1.190500068664550781e+01,1.213300037384033203e+01,1.000000020040877343e+20,1.000000020040877343e+20,1.000000020040877343e+20,8.715000152587890625e+00,8.035000801086425781e+00,6.770000457763671875e+00,6.338000297546386719e+00,6.198000431060791016e+00,6.195000171661376953e+00,6.458000183105468750e+00,6.933000564575195312e+00,7.530000209808349609e+00,8.018000602722167969e+00,8.513000488281250000e+00,8.703000068664550781e+00,8.648000717163085938e+00,8.508000373840332031e+00,8.380000114440917969e+00,8.197999954223632812e+00,8.103000640869140625e+00,8.043000221252441406e+00,7.950000286102294922e+00,7.790000438690185547e+00,7.598000526428222656e+00,7.435000419616699219e+00,7.333000183105468750e+00,7.368000507354736328e+00,7.455000400543212891e+00,7.615000247955322266e+00,7.840000152587890625e+00,8.005000114440917969e+00,8.105000495910644531e+00,8.193000793457031250e+00,8.298000335693359375e+00,8.453000068664550781e+00,8.620000839233398438e+00,8.785000801086425781e+00,8.970000267028808594e+00,9.160000801086425781e+00,9.353000640869140625e+00,9.593000411987304688e+00,9.808000564575195312e+00,9.983000755310058594e+00,1.000500011444091797e+01,9.870000839233398438e+00,9.643000602722167969e+00,9.428000450134277344e+00,9.343000411987304688e+00,9.390000343322753906e+00,9.645000457763671875e+00,1.002000045776367188e+01,1.032300090789794922e+01,1.040500068664550781e+01,1.035800075531005859e+01,1.017800045013427734e+01,9.950000762939453125e+00,9.768000602722167969e+00,9.758000373840332031e+00,9.883000373840332031e+00,1.014300060272216797e+01,1.049500083923339844e+01,1.081800079345703125e+01,1.097000026702880859e+01,1.102800083160400391e+01,1.097500038146972656e+01,1.087000083923339844e+01,1.079500007629394531e+01,1.086800098419189453e+01,1.093500041961669922e+01,1.113800048828125000e+01,1.130500030517578125e+01,1.139300060272216797e+01,1.154300022125244141e+01,1.165000057220458984e+01,1.168300056457519531e+01,1.177500057220458984e+01,1.179300022125244141e+01,1.192300033569335938e+01,1.207300090789794922e+01,1.227000045776367188e+01,1.251500034332275391e+01,1.269000053405761719e+01,1.281500053405761719e+01,1.297300052642822266e+01,1.315300083160400391e+01,1.337800025939941406e+01,1.359000110626220703e+01,1.379300022125244141e+01,1.405300045013427734e+01,1.428300094604492188e+01,1.444500064849853516e+01,1.454800033569335938e+01,1.449300098419189453e+01,1.434000110626220703e+01,1.399500083923339844e+01,1.371300029754638672e+01,1.000000020040877343e+20,1.000000020040877343e+20,1.000000020040877343e+20,1.000000020040877343e+20,1.000000020040877343e+20,1.000000020040877343e+20,1.000000020040877343e+20,1.000000020040877343e+20,1.000000020040877343e+20,1.000000020040877343e+20,1.000000020040877343e+20,1.000000020040877343e+20,1.000000020040877343e+20,1.000000020040877343e+20,1.000000020040877343e+20,1.000000020040877343e+20,1.000000020040877343e+20,1.000000020040877343e+20,1.000000020040877343e+20,1.000000020040877343e+20,1.000000020040877343e+20,1.000000020040877343e+20,1.000000020040877343e+20,1.000000020040877343e+20,1.000000020040877343e+20,1.000000020040877343e+20,1.000000020040877343e+20,1.000000020040877343e+20,1.000000020040877343e+20,1.000000020040877343e+20,1.000000020040877343e+20,1.000000020040877343e+20,1.000000020040877343e+20,1.000000020040877343e+20,1.000000020040877343e+20,1.000000020040877343e+20,1.029000091552734375e+01,1.048000049591064453e+01,1.000000020040877343e+20,1.000000020040877343e+20,1.000000020040877343e+20,1.000000020040877343e+20,1.544800090789794922e+01,1.541300106048583984e+01,1.482500076293945312e+01,1.000000020040877343e+20,1.000000020040877343e+20,1.000000020040877343e+20,1.000000020040877343e+20,1.000000020040877343e+20,1.000000020040877343e+20,1.000000020040877343e+20,1.000000020040877343e+20,1.104500007629394531e+01,1.005300045013427734e+01,9.025000572204589844e+00,8.185000419616699219e+00,7.820000171661376953e+00,7.950000286102294922e+00,8.425000190734863281e+00,9.043000221252441406e+00,9.678000450134277344e+00,1.017000007629394531e+01,1.061300086975097656e+01,1.106800079345703125e+01,1.154800033569335938e+01,1.196300029754638672e+01,1.223500061035156250e+01,1.241800022125244141e+01,1.233800029754638672e+01,1.212800025939941406e+01,1.160500049591064453e+01,1.109300041198730469e+01,1.070000076293945312e+01,1.088300037384033203e+01,1.165500068664550781e+01,1.298000049591064453e+01,1.446800041198730469e+01,1.555500030517578125e+01,1.637800025939941406e+01,1.693800163269042969e+01,1.736500167846679688e+01,1.751800155639648438e+01,1.752300071716308594e+01,1.753800010681152344e+01,1.763000106811523438e+01,1.780800056457519531e+01,1.781800079345703125e+01,1.777300071716308594e+01,1.773800086975097656e+01,1.762800025939941406e+01,1.753300094604492188e+01,1.752500152587890625e+01,1.757000160217285156e+01,1.771000099182128906e+01,1.780800056457519531e+01,1.790500068664550781e+01,1.795300102233886719e+01,1.790800094604492188e+01,1.779500007629394531e+01,1.765300178527832031e+01,1.744300079345703125e+01,1.718000030517578125e+01,1.699800109863281250e+01,1.696000099182128906e+01,1.690800094604492188e+01,1.687300109863281250e+01,1.683500099182128906e+01,1.671300125122070312e+01,1.658800125122070312e+01,1.644000053405761719e+01,1.629800033569335938e+01,1.620300102233886719e+01,1.597800064086914062e+01,1.581300067901611328e+01,1.000000020040877343e+20,1.000000020040877343e+20,1.000000020040877343e+20,1.000000020040877343e+20,1.000000020040877343e+20,1.000000020040877343e+20,1.000000020040877343e+20,1.000000020040877343e+20,1.000000020040877343e+20
1.000000020040877343e+20,1.000000020040877343e+20,1.869500160217285156e+01,1.822500038146972656e+01,1.812500000000000000e+01,1.815000152587890625e+01,1.830000114440917969e+01,1.850000000000000000e+01,1.867300033569335938e+01,1.900000000000000000e+01,1.948300170898437500e+01,1.994300079345703125e+01,2.024000167846679688e+01,1.000000020040877343e+20,1.000000020040877343e+20,1.000000020040877343e+20,2.078000068664550781e+01,2.107000160217285156e+01,2.127800178527832031e+01,2.139500045776367188e+01,1.000000020040877343e+20,1.000000020040877343e+20,1.000000020040877343e+20,1.000000020040877343e+20,1.000000020040877343e+20,1.000000020040877343e+20,1.000000020040877343e+20,1.000000020040877343e+20,2.033300018310546875e+01,2.036300086975097656e+01,2.028300094604492188e+01,2.024000167846679688e+01,1.000000020040877343e+20,1.000000020040877343e+20,1.000000020040877343e+20,1.000000020040877343e+20,2.030800056457519531e+01,2.059300041198730469e+01,2.097800064086914062e+01,2.131800079345703125e+01,2.147300148010253906e+01,1.000000020040877343e+20,1.000000020040877343e+20,1.000000020040877343e+20,1.000000020040877343e+20,1.000000020040877343e+20,1.000000020040877343e+20,1.000000020040877343e+20,1.000000020040877343e+20,1.848800086975097656e+01,1.866300010681152344e+01,1.873300170898437500e+01,1.899800109863281250e+01,1.899800109863281250e+01,1.000000020040877343e+20,1.000000020040877343e+20,1.000000020040877343e+20,1.000000020040877343e+20,1.000000020040877343e+20,1.000000020040877343e+20,1.000000020040877343e+20,1.000000020040877343e+20,1.000000020040877343e+20,1.000000020040877343e+20,1.000000020040877343e+20,1.000000020040877343e+20,1.000000020040877343e+20,1.000000020040877343e+20,1.000000020040877343e+20,1.000000020040877343e+20,1.000000020040877343e+20,1.000000020040877343e+20,1.000000020040877343e+20,1.000000020040877343e+20,1.000000020040877343e+20,1.000000020040877343e+20,1.000000020040877343e+20,1.000000020040877343e+20,1.000000020040877343e+20,1.000000020040877343e+20,1.000000020040877343e+20,1.000000020040877343e+20,1.000000020040877343e+20,1.000000020040877343e+20,1.000000020040877343e+20,1.000000020040877343e+20,1.000000020040877343e+20,1.000000020040877343e+20,1.000000020040877343e+20,1.000000020040877343e+20,1.000000020040877343e+20,1.000000020040877343e+20,1.000000020040877343e+20,1.000000020040877343e+20,1.000000020040877343e+20,1.000000020040877343e+20,1.000000020040877343e+20,1.000000020040877343e+20,1.000000020040877343e+20,1.000000020040877343e+20,1.000000020040877343e+20,1.000000020040877343e+20,1.000000020040877343e+20,1.000000020040877343e+20,1.000000020040877343e+20,1.000000020040877343e+20,1.000000020040877343e+20,1.000000020040877343e+20,1.000000020040877343e+20,1.000000020040877343e+20,1.000000020040877343e+20,1.000000020040877343e+20,1.000000020040877343e+20,1.000000020040877343e+20,1.000000020040877343e+20,1.000000020040877343e+20,1.000000020040877343e+20,1.000000020040877343e+20,1.000000020040877343e+20,1.000000020040877343e+20,1.000000020040877343e+20,1.000000020040877343e+20,1.000000020040877343e+20,1.000000020040877343e+20,1.000000020040877343e+20,1.000000020040877343e+20,1.000000020040877343e+20,1.000000020040877343e+20,1.000000020040877343e+20,1.000000020040877343e+20,1.333000087738037109e+01,1.208300018310546875e+01,1.157800102233886719e+01,1.129800033569335938e+01,1.136500072479248047e+01,1.178500080108642578e+01,1.215500068664550781e+01,1.264000034332275391e+01,1.309800052642822266e+01,1.318500041961669922e+01,1.242800045013427734e+01,1.139500045776367188e+01,1.062300014495849609e+01,9.560000419616699219e+00,9.140000343322753906e+00,8.745000839233398438e+00,8.603000640869140625e+00,8.450000762939453125e+00,8.470000267028808594e+00,8.788000106811523438e+00,9.413000106811523438e+00,1.003300094604492188e+01,1.054000091552734375e+01,1.081300067901611328e+01,1.059800052642822266e+01,1.028800010681152344e+01,9.975000381469726562e+00,9.765000343322753906e+00,9.645000457763671875e+00,9.500000000000000000e+00,9.415000915527343750e+00,9.220000267028808594e+00,9.083000183105468750e+00,8.870000839233398438e+00,8.798000335693359375e+00,8.873000144958496094e+00,9.023000717163085938e+00,9.145000457763671875e+00,9.295000076293945312e+00,9.445000648498535156e+00,9.573000907897949219e+00,9.653000831604003906e+00,9.723000526428222656e+00,9.835000038146972656e+00,9.930000305175781250e+00,1.000300025939941406e+01,1.016300010681152344e+01,1.024500083923339844e+01,1.040300083160400391e+01,1.061300086975097656e+01,1.079800033569335938e+01,1.105000019073486328e+01,1.122800064086914062e+01,1.119500064849853516e+01,1.106500053405761719e+01,1.085000038146972656e+01,1.065800094604492188e+01,1.051800060272216797e+01,1.053800010681152344e+01,1.073300075531005859e+01,1.101300048828125000e+01,1.126300048828125000e+01,1.132500076293945312e+01,1.129300022125244141e+01,1.113500022888183594e+01,1.091500091552734375e+01,1.073000049591064453e+01,1.069500064849853516e+01,1.083500003814697266e+01,1.104500007629394531e+01,1.135300064086914062e+01,1.160300064086914062e+01,1.169800090789794922e+01,1.167500019073486328e+01,1.160300064086914062e+01,1.150300025939941406e+01,1.147300052642822266e+01,1.149000072479248047e+01,1.163000011444091797e+01,1.181500053405761719e+01,1.191300010681152344e+01,1.201500034332275391e+01,1.211300086975097656e+01,1.225500011444091797e+01,1.227500057220458984e+01,1.231800079345703125e+01,1.234300041198730469e+01,1.243800067901611328e+01,1.258800029754638672e+01,1.276300048828125000e+01,1.298000049591064453e+01,1.312800025939941406e+01,1.326000022888183594e+01,1.341500091552734375e+01,1.356500053405761719e+01,1.385000038146972656e+01,1.408000087738037109e+01,1.432800102233886719e+01,1.456000041961669922e+01,1.472800064086914062e+01,1.479800033569335938e+01,1.471500110626220703e+01,1.450000095367431641e+01,1.410800075531005859e+01,1.358000087738037109e+01,1.315500068664550781e+01,1.000000020040877343e+20,1.000000020040877343e+20,1.000000020040877343e+20,1.000000020040877343e+20,1.000000020040877343e+20,1.000000020040877343e+20,1.000000020040877343e+20,1.000000020040877343e+20,1.000000020040877343e+20,1.000000020040877343e+20,1.000000020040877343e+20,1.000000020040877343e+20,1.000000020040877343e+20,1.000000020040877343e+20,1.000000020040877343e+20,1.000000020040877343e+20,1.000000020040877343e+20,1.000000020040877343e+20,1.000000020040877343e+20,1.000000020040877343e+20,1.000000020040877343e+20,1.000000020040877343e+20,1.000000020040877343e+20,1.000000020040877343e+20,1.000000020040877343e+20,1.000000020040877343e+20,1.000000020040877343e+20,1.000000020040877343e+20,1.000000020040877343e+20,1.000000020040877343e+20,1.000000020040877343e+20,1.000000020040877343e+20,1.000000020040877343e+20,1.000000020040877343e+20,1.000000020040877343e+20,1.000000020040877343e+20,1.000000020040877343e+20,1.000000020040877343e+20,1.000000020040877343e+20,1.000000020040877343e+20,1.000000020040877343e+20,1.831000137329101562e+01,1.000000020040877343e+20,1.000000020040877343e+20,1.000000020040877343e+20,1.000000020040877343e+20,1.000000020040877343e+20,1.000000020040877343e+20,1.000000020040877343e+20,1.000000020040877343e+20,1.000000020040877343e+20,1.000000020040877343e+20,1.353500080108642578e+01,1.179800033569335938e+01,1.064300060272216797e+01,9.843000411987304688e+00,9.595000267028808594e+00,9.945000648498535156e+00,1.097300052642822266e+01,1.216500091552734375e+01,1.325800037384033203e+01,1.403500080108642578e+01,1.462300109863281250e+01,1.495000076293945312e+01,1.511300086975097656e+01,1.525000095367431641e+01,1.566300106048583984e+01,1.596300029754638672e+01,1.602799987792968750e+01,1.608800125122070312e+01,1.598000049591064453e+01,1.561300086975097656e+01,1.515800094604492188e+01,1.497000026702880859e+01,1.489800071716308594e+01,1.531000041961669922e+01,1.604300117492675781e+01,1.677799987792968750e+01,1.745000076293945312e+01,1.782299995422363281e+01,1.813300132751464844e+01,1.830800056457519531e+01,1.836300086975097656e+01,1.845499992370605469e+01,1.857800102233886719e+01,1.863300132751464844e+01,1.869000053405761719e+01,1.860800170898437500e+01,1.841800117492675781e+01,1.824500083923339844e+01,1.813800048828125000e+01,1.815000152587890625e+01,1.823300170898437500e+01,1.837800025939941406e+01,1.848300170898437500e+01,1.852300071716308594e+01,1.850800132751464844e+01,1.841800117492675781e+01,1.837300109863281250e+01,1.827300071716308594e+01,1.818000030517578125e+01,1.806800079345703125e+01,1.788500022888183594e+01,1.767300033569335938e+01,1.756800079345703125e+01,1.755800056457519531e+01,1.754500007629394531e+01,1.742500114440917969e+01,1.730800056457519531e+01,1.707500076293945312e+01,1.685800170898437500e+01,1.660500144958496094e+01,1.646300125122070312e+01,1.627000045776367188e+01,1.603800010681152344e+01,1.000000020040877343e+20,1.000000020040877343e+20,1.000000020040877343e+20,1.000000020040877343e+20,1.000000020040877343e+20,1.000000020040877343e+20,1.000000020040877343e+20,1.000000020040877343e+20,1.000000020040877343e+20
1.963800048828125000e+01,1.955800056457519531e+01,1.915300178527832031e+01,1.896800041198730469e+01,1.884000015258789062e+01,1.877500152587890625e+01,1.875300025939941406e+01,1.877000045776367188e+01,1.000000020040877343e+20,1.000000020040877343e+20,1.969500160217285156e+01,1.994300079345703125e+01,2.023500061035156250e+01,2.056800079345703125e+01,2.080800056457519531e+01,1.000000020040877343e+20,1.000000020040877343e+20,1.000000020040877343e+20,2.138300132751464844e+01,2.147000122070312500e+01,1.000000020040877343e+20,1.000000020040877343e+20,1.000000020040877343e+20,1.000000020040877343e+20,2.155800056457519531e+01,2.148000144958496094e+01,1.000000020040877343e+20,1.000000020040877343e+20,1.000000020040877343e+20,1.000000020040877343e+20,1.000000020040877343e+20,1.000000020040877343e+20,1.000000020040877343e+20,1.000000020040877343e+20,1.000000020040877343e+20,1.000000020040877343e+20,1.000000020040877343e+20,1.000000020040877343e+20,1.000000020040877343e+20,1.000000020040877343e+20,1.000000020040877343e+20,1.000000020040877343e+20,1.000000020040877343e+20,1.000000020040877343e+20,1.000000020040877343e+20,1.000000020040877343e+20,1.000000020040877343e+20,1.000000020040877343e+20,1.000000020040877343e+20,1.000000020040877343e+20,1.936300086975097656e+01,1.934300041198730469e+01,1.943800163269042969e+01,1.000000020040877343e+20,1.000000020040877343e+20,1.000000020040877343e+20,1.000000020040877343e+20,1.000000020040877343e+20,1.000000020040877343e+20,1.000000020040877343e+20,1.000000020040877343e+20,1.000000020040877343e+20,1.000000020040877343e+20,1.000000020040877343e+20,1.000000020040877343e+20,1.000000020040877343e+20,1.000000020040877343e+20,1.000000020040877343e+20,1.000000020040877343e+20,1.000000020040877343e+20,1.000000020040877343e+20,1.000000020040877343e+20,1.000000020040877343e+20,1.000000020040877343e+20,1.000000020040877343e+20,1.000000020040877343e+20,1.000000020040877343e+20,1.000000020040877343e+20,1.000000020040877343e+20,1.000000020040877343e+20,1.000000020040877343e+20,1.000000020040877343e+20,1.000000020040877343e+20,1.000000020040877343e+20,1.000000020040877343e+20,1.000000020040877343e+20,1.000000020040877343e+20,1.000000020040877343e+20,1.000000020040877343e+20,1.000000020040877343e+20,1.000000020040877343e+20,1.000000020040877343e+20,1.000000020040877343e+20,1.000000020040877343e+20,1.000000020040877343e+20,1.000000020040877343e+20,1.000000020040877343e+20,1.000000020040877343e+20,1.000000020040877343e+20,1.000000020040877343e+20,1.000000020040877343e+20,1.000000020040877343e+20,1.000000020040877343e+20,1.000000020040877343e+20,1.000000020040877343e+20,1.000000020040877343e+20,1.000000020040877343e+20,1.000000020040877343e+20,1.000000020040877343e+20,1.000000020040877343e+20,1.000000020040877343e+20,1.000000020040877343e+20,1.000000020040877343e+20,1.000000020040877343e+20,1.000000020040877343e+20,1.000000020040877343e+20,1.000000020040877343e+20,1.000000020040877343e+20,1.000000020040877343e+20,1.000000020040877343e+20,1.000000020040877343e+20,1.602500152587890625e+01,1.000000020040877343e+20,1.000000020040877343e+20,1.000000020040877343e+20,1.000000020040877343e+20,1.000000020040877343e+20,1.000000020040877343e+20,1.000000020040877343e+20,1.449500083923339844e+01,1.401500034332275391e+01,1.369300079345703125e+01,1.342300033569335938e+01,1.324500083923339844e+01,1.334800052642822266e+01,1.361500072479248047e+01,1.384800052642822266e+01,1.415000057220458984e+01,1.450500106811523438e+01,1.450300025939941406e+01,1.000000020040877343e+20,1.000000020040877343e+20,1.160800075531005859e+01,1.123500061035156250e+01,1.104000091552734375e+01,1.109000015258789062e+01,1.098500061035156250e+01,1.100800037384033203e+01,1.119800090789794922e+01,1.151300048828125000e+01,1.205500030517578125e+01,1.254500102996826172e+01,1.275000095367431641e+01,1.262800025939941406e+01,1.232300090789794922e+01,1.188800048828125000e+01,1.160500049591064453e+01,1.137300014495849609e+01,1.112300014495849609e+01,1.098300075531005859e+01,1.088500022888183594e+01,1.077800083160400391e+01,1.066000080108642578e+01,1.061500072479248047e+01,1.067800045013427734e+01,1.086800098419189453e+01,1.101800060272216797e+01,1.112000083923339844e+01,1.112800025939941406e+01,1.118300056457519531e+01,1.118800067901611328e+01,1.126800060272216797e+01,1.129800033569335938e+01,1.134300041198730469e+01,1.141300010681152344e+01,1.142500019073486328e+01,1.147800064086914062e+01,1.154500007629394531e+01,1.165300083160400391e+01,1.179500102996826172e+01,1.197000026702880859e+01,1.218800067901611328e+01,1.233300018310546875e+01,1.234300041198730469e+01,1.219500064849853516e+01,1.209000015258789062e+01,1.198000049591064453e+01,1.183500099182128906e+01,1.178000068664550781e+01,1.180500030517578125e+01,1.196300029754638672e+01,1.211000061035156250e+01,1.214800071716308594e+01,1.210800075531005859e+01,1.202000045776367188e+01,1.183000087738037109e+01,1.176500034332275391e+01,1.180300045013427734e+01,1.189800071716308594e+01,1.207300090789794922e+01,1.224500083923339844e+01,1.238800048828125000e+01,1.241800022125244141e+01,1.236000061035156250e+01,1.232000064849853516e+01,1.222800064086914062e+01,1.219800090789794922e+01,1.224800014495849609e+01,1.236500072479248047e+01,1.248800086975097656e+01,1.261800098419189453e+01,1.270800018310546875e+01,1.278800106048583984e+01,1.288300037384033203e+01,1.289500045776367188e+01,1.290300083160400391e+01,1.298500061035156250e+01,1.309000015258789062e+01,1.321500015258789062e+01,1.340000057220458984e+01,1.358000087738037109e+01,1.371000099182128906e+01,1.382500076293945312e+01,1.397800064086914062e+01,1.416000080108642578e+01,1.441000080108642578e+01,1.460000038146972656e+01,1.481800079345703125e+01,1.496800041198730469e+01,1.508300113677978516e+01,1.508000087738037109e+01,1.495300102233886719e+01,1.464500045776367188e+01,1.420800113677978516e+01,1.355500030517578125e+01,1.306300067901611328e+01,1.000000020040877343e+20,1.000000020040877343e+20,1.000000020040877343e+20,1.000000020040877343e+20,1.000000020040877343e+20,1.000000020040877343e+20,1.000000020040877343e+20,1.000000020040877343e+20,1.000000020040877343e+20,1.000000020040877343e+20,1.000000020040877343e+20,1.000000020040877343e+20,1.000000020040877343e+20,1.000000020040877343e+20,1.000000020040877343e+20,1.000000020040877343e+20,1.000000020040877343e+20,1.000000020040877343e+20,1.000000020040877343e+20,1.000000020040877343e+20,1.000000020040877343e+20,1.000000020040877343e+20,1.000000020040877343e+20,1.000000020040877343e+20,1.000000020040877343e+20,1.000000020040877343e+20,1.000000020040877343e+20,1.000000020040877343e+20,1.000000020040877343e+20,1.000000020040877343e+20,1.000000020040877343e+20,1.000000020040877343e+20,1.000000020040877343e+20,1.000000020040877343e+20,1.000000020040877343e+20,1.000000020040877343e+20,1.000000020040877343e+20,1.000000020040877343e+20,1.000000020040877343e+20,1.000000020040877343e+20,1.000000020040877343e+20,1.000000020040877343e+20,1.000000020040877343e+20,1.000000020040877343e+20,1.000000020040877343e+20,1.000000020040877343e+20,1.000000020040877343e+20,1.000000020040877343e+20,1.000000020040877343e+20,1.000000020040877343e+20,1.562300109863281250e+01,1.541000080108642578e+01,1.416500091552734375e+01,1.339800071716308594e+01,1.279300022125244141e+01,1.263000106811523438e+01,1.308000087738037109e+01,1.413300037384033203e+01,1.543300056457519531e+01,1.678000068664550781e+01,1.779300117492675781e+01,1.847800064086914062e+01,1.872300148010253906e+01,1.876000022888183594e+01,1.863800048828125000e+01,1.864800071716308594e+01,1.863800048828125000e+01,1.870800018310546875e+01,1.892300033569335938e+01,1.896000099182128906e+01,1.879800033569335938e+01,1.849000167846679688e+01,1.824800109863281250e+01,1.808500099182128906e+01,1.797300148010253906e+01,1.791000175476074219e+01,1.805000114440917969e+01,1.833500099182128906e+01,1.858500099182128906e+01,1.879800033569335938e+01,1.899500083923339844e+01,1.914000129699707031e+01,1.920800018310546875e+01,1.928300094604492188e+01,1.934300041198730469e+01,1.919000053405761719e+01,1.912300109863281250e+01,1.896500015258789062e+01,1.887800025939941406e+01,1.878800010681152344e+01,1.875800132751464844e+01,1.894799995422363281e+01,1.911300086975097656e+01,1.921800041198730469e+01,1.919500160217285156e+01,1.907800102233886719e+01,1.890800094604492188e+01,1.883500099182128906e+01,1.873300170898437500e+01,1.875300025939941406e+01,1.873300170898437500e+01,1.872000122070312500e+01,1.860300064086914062e+01,1.842300033569335938e+01,1.835000038146972656e+01,1.835300064086914062e+01,1.822800064086914062e+01,1.804500007629394531e+01,1.781300163269042969e+01,1.755800056457519531e+01,1.729300117492675781e+01,1.701000022888183594e+01,1.673800086975097656e+01,1.650000000000000000e+01,1.630000114440917969e+01,1.000000020040877343e+20,1.000000020040877343e+20,1.000000020040877343e+20,1.000000020040877343e+20,1.000000020040877343e+20,1.000000020040877343e+20,1.000000020040877343e+20,1.000000020040877343e+20,1.000000020040877343e+20
1.973800086975097656e+01,1.968800163269042969e+01,1.960000038146972656e+01,1.945000076293945312e+01,1.935300064086914062e+01,1.927500152587890625e+01,1.918300056457519531e+01,1.908800125122070312e+01,1.910500144958496094e+01,1.000000020040877343e+20,1.966500091552734375e+01,1.988000106811523438e+01,2.016000175476074219e+01,2.044500160217285156e+01,2.072800064086914062e+01,2.092800140380859375e+01,1.000000020040877343e+20,2.124800109863281250e+01,2.138500022888183594e+01,2.151500129699707031e+01,1.000000020040877343e+20,1.000000020040877343e+20,1.000000020040877343e+20,2.158800125122070312e+01,2.161300086975097656e+01,2.156300163269042969e+01,1.000000020040877343e+20,1.000000020040877343e+20,1.000000020040877343e+20,1.000000020040877343e+20,1.000000020040877343e+20,1.000000020040877343e+20,1.000000020040877343e+20,1.000000020040877343e+20,1.000000020040877343e+20,1.000000020040877343e+20,1.000000020040877343e+20,1.000000020040877343e+20,1.000000020040877343e+20,1.000000020040877343e+20,1.000000020040877343e+20,1.000000020040877343e+20,1.000000020040877343e+20,1.000000020040877343e+20,1.000000020040877343e+20,1.000000020040877343e+20,1.000000020040877343e+20,1.000000020040877343e+20,1.000000020040877343e+20,2.118800163269042969e+01,2.055000114440917969e+01,2.046500015258789062e+01,2.050300025939941406e+01,2.103500175476074219e+01,1.000000020040877343e+20,1.000000020040877343e+20,1.000000020040877343e+20,1.000000020040877343e+20,1.000000020040877343e+20,1.000000020040877343e+20,1.000000020040877343e+20,1.000000020040877343e+20,1.000000020040877343e+20,1.000000020040877343e+20,1.000000020040877343e+20,1.000000020040877343e+20,1.000000020040877343e+20,1.000000020040877343e+20,1.000000020040877343e+20,1.000000020040877343e+20,1.000000020040877343e+20,1.000000020040877343e+20,1.000000020040877343e+20,1.000000020040877343e+20,1.000000020040877343e+20,1.000000020040877343e+20,1.000000020040877343e+20,1.000000020040877343e+20,1.000000020040877343e+20,1.000000020040877343e+20,1.000000020040877343e+20,1.000000020040877343e+20,1.000000020040877343e+20,1.000000020040877343e+20,1.000000020040877343e+20,1.000000020040877343e+20,1.000000020040877343e+20,1.000000020040877343e+20,1.000000020040877343e+20,1.000000020040877343e+20,1.000000020040877343e+20,1.000000020040877343e+20,1.000000020040877343e+20,1.000000020040877343e+20,1.000000020040877343e+20,1.000000020040877343e+20,1.000000020040877343e+20,1.000000020040877343e+20,1.000000020040877343e+20,1.000000020040877343e+20,1.000000020040877343e+20,1.000000020040877343e+20,1.000000020040877343e+20,1.000000020040877343e+20,1.000000020040877343e+20,1.000000020040877343e+20,1.000000020040877343e+20,1.000000020040877343e+20,1.000000020040877343e+20,1.000000020040877343e+20,1.000000020040877343e+20,1.000000020040877343e+20,1.000000020040877343e+20,1.000000020040877343e+20,1.000000020040877343e+20,1.000000020040877343e+20,1.000000020040877343e+20,1.000000020040877343e+20,1.000000020040877343e+20,1.679000091552734375e+01,1.661500167846679688e+01,1.643800163269042969e+01,1.000000020040877343e+20,1.614800071716308594e+01,1.601500129699707031e+01,1.000000020040877343e+20,1.000000020040877343e+20,1.000000020040877343e+20,1.522500038146972656e+01,1.504800033569335938e+01,1.510500049591064453e+01,1.516500091552734375e+01,1.518800067901611328e+01,1.521800041198730469e+01,1.526500034332275391e+01,1.537500095367431641e+01,1.544500064849853516e+01,1.549500083923339844e+01,1.561500072479248047e+01,1.507800102233886719e+01,1.000000020040877343e+20,1.000000020040877343e+20,1.339000034332275391e+01,1.331800079345703125e+01,1.344000053405761719e+01,1.360500049591064453e+01,1.354500102996826172e+01,1.357300090789794922e+01,1.376800060272216797e+01,1.402800083160400391e+01,1.426800060272216797e+01,1.442800045013427734e+01,1.437800025939941406e+01,1.423800086975097656e+01,1.400300025939941406e+01,1.364800071716308594e+01,1.332000064849853516e+01,1.294500064849853516e+01,1.265500068664550781e+01,1.251300048828125000e+01,1.246500015258789062e+01,1.243000030517578125e+01,1.238000011444091797e+01,1.245300102233886719e+01,1.258800029754638672e+01,1.272300052642822266e+01,1.278800106048583984e+01,1.278300094604492188e+01,1.275800037384033203e+01,1.272500038146972656e+01,1.273800086975097656e+01,1.277800083160400391e+01,1.280300045013427734e+01,1.266000080108642578e+01,1.260000038146972656e+01,1.254000091552734375e+01,1.252000045776367188e+01,1.257300090789794922e+01,1.268000030517578125e+01,1.279300022125244141e+01,1.298000049591064453e+01,1.312800025939941406e+01,1.325300025939941406e+01,1.328800106048583984e+01,1.323800086975097656e+01,1.317300033569335938e+01,1.307500076293945312e+01,1.296800041198730469e+01,1.286800098419189453e+01,1.282800102233886719e+01,1.289800071716308594e+01,1.290300083160400391e+01,1.293000030517578125e+01,1.288800048828125000e+01,1.287800025939941406e+01,1.282500076293945312e+01,1.284300041198730469e+01,1.288000106811523438e+01,1.296800041198730469e+01,1.307000064849853516e+01,1.320000076293945312e+01,1.328500080108642578e+01,1.328300094604492188e+01,1.328800106048583984e+01,1.322800064086914062e+01,1.314000034332275391e+01,1.313800048828125000e+01,1.321500015258789062e+01,1.323500061035156250e+01,1.332800102233886719e+01,1.334800052642822266e+01,1.339300060272216797e+01,1.344800090789794922e+01,1.347500038146972656e+01,1.348000049591064453e+01,1.351300048828125000e+01,1.357500076293945312e+01,1.369300079345703125e+01,1.386300086975097656e+01,1.408800029754638672e+01,1.422500038146972656e+01,1.435800075531005859e+01,1.444500064849853516e+01,1.454800033569335938e+01,1.471500110626220703e+01,1.489000034332275391e+01,1.509500026702880859e+01,1.521300029754638672e+01,1.535500049591064453e+01,1.541800117492675781e+01,1.539300060272216797e+01,1.528300094604492188e+01,1.503000068664550781e+01,1.454300022125244141e+01,1.386300086975097656e+01,1.328500080108642578e+01,1.000000020040877343e+20,1.000000020040877343e+20,1.000000020040877343e+20,1.000000020040877343e+20,1.000000020040877343e+20,1.000000020040877343e+20,1.000000020040877343e+20,1.000000020040877343e+20,1.000000020040877343e+20,1.000000020040877343e+20,1.000000020040877343e+20,1.000000020040877343e+20,1.000000020040877343e+20,1.000000020040877343e+20,1.000000020040877343e+20,1.000000020040877343e+20,1.000000020040877343e+20,1.000000020040877343e+20,1.000000020040877343e+20,1.000000020040877343e+20,1.000000020040877343e+20,1.000000020040877343e+20,1.000000020040877343e+20,1.000000020040877343e+20,1.000000020040877343e+20,1.000000020040877343e+20,1.000000020040877343e+20,1.000000020040877343e+20,1.000000020040877343e+20,1.000000020040877343e+20,1.000000020040877343e+20,1.000000020040877343e+20,1.000000020040877343e+20,1.000000020040877343e+20,1.000000020040877343e+20,1.000000020040877343e+20,1.000000020040877343e+20,1.000000020040877343e+20,1.000000020040877343e+20,1.000000020040877343e+20,1.000000020040877343e+20,1.000000020040877343e+20,1.000000020040877343e+20,1.000000020040877343e+20,1.000000020040877343e+20,1.000000020040877343e+20,1.000000020040877343e+20,1.000000020040877343e+20,1.000000020040877343e+20,1.586000061035156250e+01,1.562300109863281250e+01,1.591300106048583984e+01,1.612800025939941406e+01,1.635500144958496094e+01,1.665999984741210938e+01,1.714300155639648438e+01,1.785800170898437500e+01,1.885500144958496094e+01,1.990300178527832031e+01,2.067300033569335938e+01,2.125800132751464844e+01,2.164800071716308594e+01,2.167300033569335938e+01,2.144300079345703125e+01,2.114000129699707031e+01,2.071500015258789062e+01,2.044300079345703125e+01,2.042800140380859375e+01,2.044300079345703125e+01,2.038300132751464844e+01,2.025000190734863281e+01,2.003800010681152344e+01,1.985000038146972656e+01,1.972000122070312500e+01,1.950800132751464844e+01,1.925800132751464844e+01,1.914300155639648438e+01,1.914500045776367188e+01,1.922300148010253906e+01,1.927500152587890625e+01,1.947800064086914062e+01,1.968500137329101562e+01,1.977300071716308594e+01,1.988500022888183594e+01,1.983300018310546875e+01,1.979800033569335938e+01,1.973300170898437500e+01,1.965800094604492188e+01,1.964000129699707031e+01,1.963800048828125000e+01,1.970000076293945312e+01,1.979300117492675781e+01,1.982500076293945312e+01,1.977800178527832031e+01,1.960000038146972656e+01,1.940300178527832031e+01,1.924800109863281250e+01,1.914300155639648438e+01,1.917800140380859375e+01,1.921300125122070312e+01,1.919800186157226562e+01,1.916800117492675781e+01,1.909800148010253906e+01,1.904500007629394531e+01,1.901000022888183594e+01,1.890800094604492188e+01,1.875300025939941406e+01,1.848300170898437500e+01,1.818500137329101562e+01,1.786300086975097656e+01,1.756000137329101562e+01,1.723500061035156250e+01,1.696500015258789062e+01,1.668000030517578125e+01,1.647000122070312500e+01,1.000000020040877343e+20,1.000000020040877343e+20,1.000000020040877343e+20,1.000000020040877343e+20,1.000000020040877343e+20,1.000000020040877343e+20,1.000000020040877343e+20,1.000000020040877343e+20,1.000000020040877343e+20
1.967300033569335938e+01,1.964300155639648438e+01,1.960500144958496094e+01,1.954000091552734375e+01,1.949300003051757812e+01,1.944800186157226562e+01,1.939000129699707031e+01,1.929300117492675781e+01,1.920500183105468750e+01,1.925800132751464844e+01,1.945800018310546875e+01,1.959500122070312500e+01,1.982000160217285156e+01,2.021800041198730469e+01,2.046300125122070312e+01,2.063000106811523438e+01,2.079500007629394531e+01,2.107800102233886719e+01,2.131000137329101562e+01,2.151800155639648438e+01,2.169300079345703125e+01,1.000000020040877343e+20,1.000000020040877343e+20,2.166300010681152344e+01,2.167000007629394531e+01,2.164800071716308594e+01,2.161800193786621094e+01,1.000000020040877343e+20,1.000000020040877343e+20,1.000000020040877343e+20,1.000000020040877343e+20,1.000000020040877343e+20,1.000000020040877343e+20,1.000000020040877343e+20,1.000000020040877343e+20,1.000000020040877343e+20,1.000000020040877343e+20,1.000000020040877343e+20,1.000000020040877343e+20,1.000000020040877343e+20,1.000000020040877343e+20,1.000000020040877343e+20,1.000000020040877343e+20,1.000000020040877343e+20,1.000000020040877343e+20,1.000000020040877343e+20,1.000000020040877343e+20,1.000000020040877343e+20,1.000000020040877343e+20,2.196800041198730469e+01,2.187500190734863281e+01,2.181800079345703125e+01,2.186000061035156250e+01,2.187300109863281250e+01,1.000000020040877343e+20,1.000000020040877343e+20,1.000000020040877343e+20,1.000000020040877343e+20,1.000000020040877343e+20,1.000000020040877343e+20,1.000000020040877343e+20,1.000000020040877343e+20,1.000000020040877343e+20,1.000000020040877343e+20,1.000000020040877343e+20,1.000000020040877343e+20,1.000000020040877343e+20,1.000000020040877343e+20,1.000000020040877343e+20,1.000000020040877343e+20,1.000000020040877343e+20,1.000000020040877343e+20,1.000000020040877343e+20,1.000000020040877343e+20,1.000000020040877343e+20,1.000000020040877343e+20,1.000000020040877343e+20,1.000000020040877343e+20,1.000000020040877343e+20,1.000000020040877343e+20,1.000000020040877343e+20,1.000000020040877343e+20,1.000000020040877343e+20,1.000000020040877343e+20,1.000000020040877343e+20,1.000000020040877343e+20,1.000000020040877343e+20,1.000000020040877343e+20,1.000000020040877343e+20,1.000000020040877343e+20,1.000000020040877343e+20,1.000000020040877343e+20,1.000000020040877343e+20,1.000000020040877343e+20,1.000000020040877343e+20,1.000000020040877343e+20,1.000000020040877343e+20,1.000000020040877343e+20,1.000000020040877343e+20,1.000000020040877343e+20,1.000000020040877343e+20,1.000000020040877343e+20,1.000000020040877343e+20,1.000000020040877343e+20,1.000000020040877343e+20,1.000000020040877343e+20,1.000000020040877343e+20,1.000000020040877343e+20,1.000000020040877343e+20,1.000000020040877343e+20,1.000000020040877343e+20,1.000000020040877343e+20,1.000000020040877343e+20,1.000000020040877343e+20,1.000000020040877343e+20,1.000000020040877343e+20,1.000000020040877343e+20,1.000000020040877343e+20,1.734300041198730469e+01,1.716300010681152344e+01,1.689800071716308594e+01,1.690000152587890625e+01,1.692500114440917969e+01,1.667800140380859375e+01,1.650300025939941406e+01,1.000000020040877343e+20,1.000000020040877343e+20,1.000000020040877343e+20,1.575300121307373047e+01,1.620800018310546875e+01,1.632000160217285156e+01,1.648300170898437500e+01,1.660800170898437500e+01,1.672300148010253906e+01,1.681000137329101562e+01,1.680300140380859375e+01,1.679500007629394531e+01,1.664300155639648438e+01,1.652500152587890625e+01,1.000000020040877343e+20,1.000000020040877343e+20,1.601500129699707031e+01,1.519800090789794922e+01,1.555800056457519531e+01,1.586000061035156250e+01,1.602000045776367188e+01,1.607500076293945312e+01,1.603000068664550781e+01,1.601800155639648438e+01,1.602000045776367188e+01,1.609000015258789062e+01,1.601000022888183594e+01,1.580800056457519531e+01,1.555800056457519531e+01,1.524300098419189453e+01,1.494300079345703125e+01,1.455500030517578125e+01,1.418500041961669922e+01,1.401800060272216797e+01,1.399000072479248047e+01,1.400500106811523438e+01,1.403300094604492188e+01,1.409500026702880859e+01,1.410300064086914062e+01,1.410500049591064453e+01,1.409300041198730469e+01,1.414300060272216797e+01,1.407800102233886719e+01,1.405000019073486328e+01,1.402300071716308594e+01,1.403000068664550781e+01,1.396500110626220703e+01,1.391000080108642578e+01,1.378800106048583984e+01,1.365000057220458984e+01,1.358300018310546875e+01,1.358800029754638672e+01,1.361300086975097656e+01,1.370000076293945312e+01,1.379000091552734375e+01,1.390800094604492188e+01,1.398000049591064453e+01,1.404000091552734375e+01,1.405000019073486328e+01,1.407800102233886719e+01,1.404500102996826172e+01,1.400000095367431641e+01,1.392300033569335938e+01,1.381000041961669922e+01,1.373800086975097656e+01,1.375000095367431641e+01,1.377300071716308594e+01,1.377800083160400391e+01,1.380000019073486328e+01,1.379300022125244141e+01,1.378800106048583984e+01,1.375300025939941406e+01,1.381800079345703125e+01,1.392000102996826172e+01,1.400500106811523438e+01,1.406800079345703125e+01,1.419800090789794922e+01,1.424300098419189453e+01,1.424500083923339844e+01,1.419300079345703125e+01,1.408500099182128906e+01,1.409000110626220703e+01,1.413000106811523438e+01,1.414300060272216797e+01,1.419500064849853516e+01,1.414000034332275391e+01,1.412000083923339844e+01,1.412300109863281250e+01,1.412500095367431641e+01,1.416800022125244141e+01,1.420300102233886719e+01,1.425300025939941406e+01,1.440500068664550781e+01,1.453000068664550781e+01,1.471800041198730469e+01,1.489800071716308594e+01,1.503300094604492188e+01,1.514000034332275391e+01,1.520000076293945312e+01,1.525300025939941406e+01,1.540800094604492188e+01,1.557500076293945312e+01,1.562800121307373047e+01,1.569500064849853516e+01,1.575000095367431641e+01,1.577300071716308594e+01,1.569000053405761719e+01,1.539500045776367188e+01,1.493300056457519531e+01,1.428000068664550781e+01,1.365000057220458984e+01,1.319300079345703125e+01,1.000000020040877343e+20,1.000000020040877343e+20,1.000000020040877343e+20,1.000000020040877343e+20,1.000000020040877343e+20,1.000000020040877343e+20,1.000000020040877343e+20,1.000000020040877343e+20,1.000000020040877343e+20,1.000000020040877343e+20,1.000000020040877343e+20,1.000000020040877343e+20,1.000000020040877343e+20,1.000000020040877343e+20,1.000000020040877343e+20,1.000000020040877343e+20,1.000000020040877343e+20,1.000000020040877343e+20,1.000000020040877343e+20,1.000000020040877343e+20,1.000000020040877343e+20,1.000000020040877343e+20,1.000000020040877343e+20,1.000000020040877343e+20,1.000000020040877343e+20,1.000000020040877343e+20,1.000000020040877343e+20,1.000000020040877343e+20,1.000000020040877343e+20,1.000000020040877343e+20,1.000000020040877343e+20,1.000000020040877343e+20,1.000000020040877343e+20,1.000000020040877343e+20,1.000000020040877343e+20,1.000000020040877343e+20,1.000000020040877343e+20,1.000000020040877343e+20,1.000000020040877343e+20,1.000000020040877343e+20,1.000000020040877343e+20,1.000000020040877343e+20,1.000000020040877343e+20,1.000000020040877343e+20,1.000000020040877343e+20,1.000000020040877343e+20,1.471000099182128906e+01,1.000000020040877343e+20,1.665000152587890625e+01,1.710500144958496094e+01,1.782800102233886719e+01,1.875000000000000000e+01,1.977300071716308594e+01,2.064000129699707031e+01,2.130500030517578125e+01,2.174800109863281250e+01,2.211800193786621094e+01,2.245000076293945312e+01,2.274000167846679688e+01,2.288300132751464844e+01,2.298800086975097656e+01,2.291000175476074219e+01,2.255500030517578125e+01,2.214800071716308594e+01,2.166300010681152344e+01,2.138800048828125000e+01,2.129500007629394531e+01,2.116800117492675781e+01,2.112800025939941406e+01,2.088000106811523438e+01,2.072000122070312500e+01,2.054000091552734375e+01,2.027800178527832031e+01,2.010500144958496094e+01,1.994000053405761719e+01,1.981500053405761719e+01,1.986300086975097656e+01,1.991500091552734375e+01,2.009300041198730469e+01,2.022300148010253906e+01,2.040000152587890625e+01,2.040000152587890625e+01,2.041800117492675781e+01,2.038000106811523438e+01,2.036800003051757812e+01,2.032800102233886719e+01,2.033000183105468750e+01,2.032500076293945312e+01,2.040500068664550781e+01,2.044800186157226562e+01,2.044300079345703125e+01,2.036000061035156250e+01,2.020000076293945312e+01,2.001000022888183594e+01,1.982000160217285156e+01,1.971800041198730469e+01,1.962300109863281250e+01,1.962300109863281250e+01,1.957300186157226562e+01,1.951000022888183594e+01,1.945000076293945312e+01,1.937500000000000000e+01,1.931800079345703125e+01,1.930500030517578125e+01,1.921000099182128906e+01,1.903300094604492188e+01,1.868300056457519531e+01,1.835300064086914062e+01,1.801800155639648438e+01,1.770000076293945312e+01,1.744500160217285156e+01,1.715500068664550781e+01,1.682000160217285156e+01,1.659300041198730469e+01,1.000000020040877343e+20,1.000000020040877343e+20,1.000000020040877343e+20,1.000000020040877343e+20,1.000000020040877343e+20,1.000000020040877343e+20,1.000000020040877343e+20,1.000000020040877343e+20,1.000000020040877343e+20
1.926800155639648438e+01,1.934800148010253906e+01,1.934800148010253906e+01,1.942300033569335938e+01,1.946300125122070312e+01,1.949000167846679688e+01,1.949800109863281250e+01,1.945000076293945312e+01,1.937800025939941406e+01,1.932000160217285156e+01,1.930800056457519531e+01,1.941300010681152344e+01,1.948800086975097656e+01,1.000000020040877343e+20,1.000000020040877343e+20,2.031300163269042969e+01,2.058800125122070312e+01,2.089800071716308594e+01,2.119800186157226562e+01,2.146000099182128906e+01,2.168800163269042969e+01,2.188000106811523438e+01,1.000000020040877343e+20,2.181500053405761719e+01,2.184300041198730469e+01,2.186300086975097656e+01,2.187800025939941406e+01,1.000000020040877343e+20,1.000000020040877343e+20,1.000000020040877343e+20,1.000000020040877343e+20,1.000000020040877343e+20,1.000000020040877343e+20,1.000000020040877343e+20,1.000000020040877343e+20,1.000000020040877343e+20,1.000000020040877343e+20,1.000000020040877343e+20,1.000000020040877343e+20,1.000000020040877343e+20,1.000000020040877343e+20,1.000000020040877343e+20,1.000000020040877343e+20,1.000000020040877343e+20,1.000000020040877343e+20,1.000000020040877343e+20,1.000000020040877343e+20,1.000000020040877343e+20,1.000000020040877343e+20,2.220000076293945312e+01,2.274500083923339844e+01,2.277000045776367188e+01,2.279800033569335938e+01,2.279000091552734375e+01,1.000000020040877343e+20,1.000000020040877343e+20,1.000000020040877343e+20,1.000000020040877343e+20,1.000000020040877343e+20,1.000000020040877343e+20,1.000000020040877343e+20,1.000000020040877343e+20,1.000000020040877343e+20,1.000000020040877343e+20,1.000000020040877343e+20,1.000000020040877343e+20,1.000000020040877343e+20,1.000000020040877343e+20,1.000000020040877343e+20,1.000000020040877343e+20,1.000000020040877343e+20,1.000000020040877343e+20,1.000000020040877343e+20,1.000000020040877343e+20,1.000000020040877343e+20,1.000000020040877343e+20,1.000000020040877343e+20,1.000000020040877343e+20,1.000000020040877343e+20,1.000000020040877343e+20,1.000000020040877343e+20,1.000000020040877343e+20,1.000000020040877343e+20,1.000000020040877343e+20,1.000000020040877343e+20,1.000000020040877343e+20,1.000000020040877343e+20,1.000000020040877343e+20,1.000000020040877343e+20,1.000000020040877343e+20,1.000000020040877343e+20,1.000000020040877343e+20,1.000000020040877343e+20,1.000000020040877343e+20,1.000000020040877343e+20,1.000000020040877343e+20,1.000000020040877343e+20,1.000000020040877343e+20,1.000000020040877343e+20,1.000000020040877343e+20,1.000000020040877343e+20,1.000000020040877343e+20,1.000000020040877343e+20,1.000000020040877343e+20,1.000000020040877343e+20,1.000000020040877343e+20,1.000000020040877343e+20,1.000000020040877343e+20,1.000000020040877343e+20,1.000000020040877343e+20,1.000000020040877343e+20,1.000000020040877343e+20,1.000000020040877343e+20,1.000000020040877343e+20,1.000000020040877343e+20,1.000000020040877343e+20,1.000000020040877343e+20,1.000000020040877343e+20,1.000000020040877343e+20,1.754300117492675781e+01,1.000000020040877343e+20,1.740000152587890625e+01,1.744799995422363281e+01,1.735300064086914062e+01,1.718800163269042969e+01,1.710800170898437500e+01,1.688500022888183594e+01,1.000000020040877343e+20,1.000000020040877343e+20,1.740800094604492188e+01,1.744500160217285156e+01,1.754500007629394531e+01,1.762800025939941406e+01,1.773800086975097656e+01,1.774000167846679688e+01,1.759000015258789062e+01,1.740299987792968750e+01,1.696300125122070312e+01,1.674300003051757812e+01,1.000000020040877343e+20,1.000000020040877343e+20,1.681300163269042969e+01,1.697800064086914062e+01,1.751300048828125000e+01,1.796000099182128906e+01,1.824300003051757812e+01,1.825500106811523438e+01,1.798000144958496094e+01,1.775000000000000000e+01,1.759300041198730469e+01,1.750800132751464844e+01,1.728000068664550781e+01,1.700800132751464844e+01,1.665500068664550781e+01,1.633800125122070312e+01,1.599300098419189453e+01,1.568300056457519531e+01,1.545500087738037109e+01,1.531500053405761719e+01,1.529800033569335938e+01,1.532300090789794922e+01,1.535800075531005859e+01,1.538000106811523438e+01,1.527000045776367188e+01,1.524500083923339844e+01,1.516800117492675781e+01,1.509300041198730469e+01,1.505500030517578125e+01,1.501300048828125000e+01,1.494000053405761719e+01,1.492800045013427734e+01,1.494000053405761719e+01,1.489300060272216797e+01,1.485800075531005859e+01,1.490000057220458984e+01,1.491800117492675781e+01,1.490500068664550781e+01,1.485500049591064453e+01,1.486000061035156250e+01,1.484300041198730469e+01,1.489500045776367188e+01,1.491300106048583984e+01,1.485300064086914062e+01,1.481800079345703125e+01,1.477000045776367188e+01,1.475800037384033203e+01,1.472000026702880859e+01,1.471800041198730469e+01,1.466000080108642578e+01,1.463500022888183594e+01,1.468500041961669922e+01,1.476000022888183594e+01,1.482300090789794922e+01,1.481000041961669922e+01,1.477300071716308594e+01,1.475000095367431641e+01,1.478800106048583984e+01,1.482500076293945312e+01,1.488800048828125000e+01,1.495000076293945312e+01,1.503300094604492188e+01,1.514300060272216797e+01,1.520000076293945312e+01,1.521300029754638672e+01,1.515500068664550781e+01,1.508300113677978516e+01,1.501500034332275391e+01,1.500000095367431641e+01,1.500000095367431641e+01,1.498000049591064453e+01,1.492500114440917969e+01,1.489000034332275391e+01,1.486500072479248047e+01,1.493800067901611328e+01,1.489300060272216797e+01,1.496000099182128906e+01,1.507000064849853516e+01,1.521500110626220703e+01,1.530300045013427734e+01,1.546500110626220703e+01,1.559800052642822266e+01,1.573300075531005859e+01,1.580500030517578125e+01,1.578300094604492188e+01,1.577300071716308594e+01,1.591000080108642578e+01,1.604800033569335938e+01,1.616300010681152344e+01,1.622500038146972656e+01,1.631000137329101562e+01,1.631300163269042969e+01,1.615999984741210938e+01,1.588000106811523438e+01,1.542300033569335938e+01,1.483500099182128906e+01,1.420800113677978516e+01,1.366800022125244141e+01,1.332800102233886719e+01,1.000000020040877343e+20,1.000000020040877343e+20,1.000000020040877343e+20,1.000000020040877343e+20,1.000000020040877343e+20,1.000000020040877343e+20,1.000000020040877343e+20,1.000000020040877343e+20,1.000000020040877343e+20,1.000000020040877343e+20,1.000000020040877343e+20,1.000000020040877343e+20,1.000000020040877343e+20,1.000000020040877343e+20,1.000000020040877343e+20,1.000000020040877343e+20,1.000000020040877343e+20,1.000000020040877343e+20,1.000000020040877343e+20,1.000000020040877343e+20,1.000000020040877343e+20,1.000000020040877343e+20,1.000000020040877343e+20,1.000000020040877343e+20,1.000000020040877343e+20,1.000000020040877343e+20,1.000000020040877343e+20,1.000000020040877343e+20,1.000000020040877343e+20,1.000000020040877343e+20,1.000000020040877343e+20,1.000000020040877343e+20,1.000000020040877343e+20,1.000000020040877343e+20,1.000000020040877343e+20,1.000000020040877343e+20,1.000000020040877343e+20,1.000000020040877343e+20,1.000000020040877343e+20,1.000000020040877343e+20,1.000000020040877343e+20,1.000000020040877343e+20,1.000000020040877343e+20,1.000000020040877343e+20,1.000000020040877343e+20,1.563800048828125000e+01,1.900300025939941406e+01,1.909300041198730469e+01,1.966300010681152344e+01,2.044000053405761719e+01,2.133000183105468750e+01,2.223300170898437500e+01,2.292300033569335938e+01,2.333300018310546875e+01,2.345500183105468750e+01,2.346300125122070312e+01,2.338500022888183594e+01,2.327300071716308594e+01,2.307800102233886719e+01,2.293500137329101562e+01,2.276000022888183594e+01,2.264500045776367188e+01,2.248300170898437500e+01,2.236300086975097656e+01,2.217500114440917969e+01,2.193800163269042969e+01,2.168000030517578125e+01,2.150300025939941406e+01,2.120300102233886719e+01,2.092800140380859375e+01,2.079800033569335938e+01,2.059500122070312500e+01,2.053000068664550781e+01,2.050800132751464844e+01,2.048500061035156250e+01,2.051500129699707031e+01,2.065000152587890625e+01,2.077500152587890625e+01,2.082300186157226562e+01,2.086000061035156250e+01,2.092000007629394531e+01,2.093800163269042969e+01,2.092000007629394531e+01,2.096500015258789062e+01,2.104800033569335938e+01,2.109300041198730469e+01,2.106000137329101562e+01,2.103500175476074219e+01,2.098300170898437500e+01,2.086300086975097656e+01,2.080000114440917969e+01,2.064500045776367188e+01,2.049800109863281250e+01,2.037500190734863281e+01,2.027300071716308594e+01,2.020500183105468750e+01,2.008300018310546875e+01,1.996500015258789062e+01,1.977500152587890625e+01,1.970300102233886719e+01,1.954300117492675781e+01,1.956000137329101562e+01,1.953500175476074219e+01,1.941300010681152344e+01,1.913000106811523438e+01,1.874000167846679688e+01,1.845000076293945312e+01,1.812300109863281250e+01,1.788500022888183594e+01,1.770300102233886719e+01,1.750800132751464844e+01,1.726800155639648438e+01,1.705800056457519531e+01,1.000000020040877343e+20,1.000000020040877343e+20,1.000000020040877343e+20,1.000000020040877343e+20,1.000000020040877343e+20,1.000000020040877343e+20,1.000000020040877343e+20,1.000000020040877343e+20,1.920500183105468750e+01
1.897300148010253906e+01,1.908500099182128906e+01,1.911300086975097656e+01,1.000000020040877343e+20,1.000000020040877343e+20,1.000000020040877343e+20,1.000000020040877343e+20,1.000000020040877343e+20,1.000000020040877343e+20,1.000000020040877343e+20,1.000000020040877343e+20,1.950800132751464844e+01,1.951300048828125000e+01,1.976300048828125000e+01,1.999800109863281250e+01,2.019800186157226562e+01,2.052500152587890625e+01,2.093000030517578125e+01,2.128300094604492188e+01,2.161000061035156250e+01,2.184800148010253906e+01,2.199800109863281250e+01,2.211000061035156250e+01,2.207300186157226562e+01,2.211800193786621094e+01,2.215800094604492188e+01,2.222000122070312500e+01,2.246000099182128906e+01,2.267300033569335938e+01,1.000000020040877343e+20,2.394800186157226562e+01,2.408300209045410156e+01,1.000000020040877343e+20,1.000000020040877343e+20,2.498800086975097656e+01,2.494000053405761719e+01,1.000000020040877343e+20,1.000000020040877343e+20,1.000000020040877343e+20,1.000000020040877343e+20,1.000000020040877343e+20,1.000000020040877343e+20,1.000000020040877343e+20,1.000000020040877343e+20,1.000000020040877343e+20,1.000000020040877343e+20,1.000000020040877343e+20,1.000000020040877343e+20,1.000000020040877343e+20,1.000000020040877343e+20,1.000000020040877343e+20,1.000000020040877343e+20,1.000000020040877343e+20,1.000000020040877343e+20,1.000000020040877343e+20,1.000000020040877343e+20,1.000000020040877343e+20,1.000000020040877343e+20,1.000000020040877343e+20,1.000000020040877343e+20,1.000000020040877343e+20,1.000000020040877343e+20,1.000000020040877343e+20,1.000000020040877343e+20,1.000000020040877343e+20,1.000000020040877343e+20,1.000000020040877343e+20,1.000000020040877343e+20,1.000000020040877343e+20,1.000000020040877343e+20,1.000000020040877343e+20,1.000000020040877343e+20,1.000000020040877343e+20,1.000000020040877343e+20,1.000000020040877343e+20,1.000000020040877343e+20,1.000000020040877343e+20,1.000000020040877343e+20,1.000000020040877343e+20,1.000000020040877343e+20,1.000000020040877343e+20,1.000000020040877343e+20,1.000000020040877343e+20,1.000000020040877343e+20,1.000000020040877343e+20,1.000000020040877343e+20,1.000000020040877343e+20,1.000000020040877343e+20,1.000000020040877343e+20,1.000000020040877343e+20,1.000000020040877343e+20,1.000000020040877343e+20,1.000000020040877343e+20,1.000000020040877343e+20,1.000000020040877343e+20,1.000000020040877343e+20,1.000000020040877343e+20,1.000000020040877343e+20,1.000000020040877343e+20,1.000000020040877343e+20,1.000000020040877343e+20,1.000000020040877343e+20,1.000000020040877343e+20,1.000000020040877343e+20,1.000000020040877343e+20,1.000000020040877343e+20,1.000000020040877343e+20,1.000000020040877343e+20,1.000000020040877343e+20,1.000000020040877343e+20,1.000000020040877343e+20,1.000000020040877343e+20,1.000000020040877343e+20,1.000000020040877343e+20,1.000000020040877343e+20,1.000000020040877343e+20,1.000000020040877343e+20,1.000000020040877343e+20,1.000000020040877343e+20,1.000000020040877343e+20,1.000000020040877343e+20,1.816300010681152344e+01,1.816500091552734375e+01,1.815300178527832031e+01,1.805500030517578125e+01,1.789500045776367188e+01,1.778500175476074219e+01,1.000000020040877343e+20,1.000000020040877343e+20,1.819300079345703125e+01,1.812000083923339844e+01,1.806300163269042969e+01,1.807000160217285156e+01,1.810500144958496094e+01,1.793300056457519531e+01,1.774500083923339844e+01,1.752800178527832031e+01,1.000000020040877343e+20,1.000000020040877343e+20,1.000000020040877343e+20,1.000000020040877343e+20,1.860300064086914062e+01,1.895000076293945312e+01,1.935300064086914062e+01,1.954500007629394531e+01,1.951300048828125000e+01,1.940800094604492188e+01,1.927000045776367188e+01,1.906800079345703125e+01,1.888800048828125000e+01,1.860000038146972656e+01,1.819000053405761719e+01,1.776000022888183594e+01,1.745800018310546875e+01,1.710000038146972656e+01,1.682299995422363281e+01,1.656500053405761719e+01,1.637500000000000000e+01,1.640299987792968750e+01,1.649300003051757812e+01,1.644300079345703125e+01,1.634000015258789062e+01,1.623500061035156250e+01,1.618800163269042969e+01,1.604500007629394531e+01,1.600500106811523438e+01,1.593800067901611328e+01,1.595500087738037109e+01,1.595800113677978516e+01,1.599500083923339844e+01,1.593000030517578125e+01,1.588000106811523438e+01,1.583000087738037109e+01,1.596300029754638672e+01,1.603300094604492188e+01,1.609800148010253906e+01,1.610300064086914062e+01,1.613300132751464844e+01,1.602300071716308594e+01,1.599300098419189453e+01,1.591000080108642578e+01,1.587500095367431641e+01,1.578300094604492188e+01,1.572800064086914062e+01,1.572500038146972656e+01,1.569800090789794922e+01,1.563800048828125000e+01,1.558800029754638672e+01,1.558000087738037109e+01,1.556000041961669922e+01,1.563000106811523438e+01,1.576300048828125000e+01,1.579000091552734375e+01,1.584300041198730469e+01,1.585500049591064453e+01,1.586000061035156250e+01,1.590800094604492188e+01,1.594500064849853516e+01,1.598500061035156250e+01,1.602300071716308594e+01,1.603300094604492188e+01,1.605500030517578125e+01,1.609500122070312500e+01,1.606000137329101562e+01,1.598800086975097656e+01,1.585500049591064453e+01,1.582800102233886719e+01,1.584800052642822266e+01,1.584000110626220703e+01,1.584500122070312500e+01,1.576800060272216797e+01,1.569800090789794922e+01,1.566300106048583984e+01,1.570500087738037109e+01,1.567300033569335938e+01,1.575500106811523438e+01,1.582300090789794922e+01,1.596800041198730469e+01,1.604300117492675781e+01,1.620000076293945312e+01,1.629000091552734375e+01,1.634300041198730469e+01,1.631800079345703125e+01,1.634800148010253906e+01,1.636300086975097656e+01,1.642800140380859375e+01,1.653800010681152344e+01,1.670800018310546875e+01,1.685000038146972656e+01,1.692800140380859375e+01,1.686500167846679688e+01,1.670300102233886719e+01,1.639000129699707031e+01,1.599800109863281250e+01,1.550500106811523438e+01,1.498300075531005859e+01,1.445000076293945312e+01,1.403800106048583984e+01,1.000000020040877343e+20,1.000000020040877343e+20,1.000000020040877343e+20,1.000000020040877343e+20,1.000000020040877343e+20,1.000000020040877343e+20,1.000000020040877343e+20,1.000000020040877343e+20,1.000000020040877343e+20,1.000000020040877343e+20,1.000000020040877343e+20,1.000000020040877343e+20,1.000000020040877343e+20,1.000000020040877343e+20,1.000000020040877343e+20,1.000000020040877343e+20,1.000000020040877343e+20,1.000000020040877343e+20,1.000000020040877343e+20,1.000000020040877343e+20,1.000000020040877343e+20,1.000000020040877343e+20,1.000000020040877343e+20,1.000000020040877343e+20,1.000000020040877343e+20,1.000000020040877343e+20,1.000000020040877343e+20,1.000000020040877343e+20,1.000000020040877343e+20,1.000000020040877343e+20,1.000000020040877343e+20,1.000000020040877343e+20,1.000000020040877343e+20,1.000000020040877343e+20,1.000000020040877343e+20,1.000000020040877343e+20,1.000000020040877343e+20,1.000000020040877343e+20,1.000000020040877343e+20,1.000000020040877343e+20,1.000000020040877343e+20,1.000000020040877343e+20,1.000000020040877343e+20,1.000000020040877343e+20,1.000000020040877343e+20,1.000000020040877343e+20,2.148000144958496094e+01,2.188800048828125000e+01,2.226000022888183594e+01,2.265800094604492188e+01,2.301300048828125000e+01,2.325500106811523438e+01,2.338000106811523438e+01,2.335500144958496094e+01,2.318300056457519531e+01,2.311800193786621094e+01,2.286300086975097656e+01,2.257800102233886719e+01,2.254800033569335938e+01,2.266000175476074219e+01,2.264300155639648438e+01,2.269000053405761719e+01,2.263000106811523438e+01,2.248000144958496094e+01,2.220300102233886719e+01,2.196300125122070312e+01,2.171300125122070312e+01,2.144800186157226562e+01,2.115300178527832031e+01,2.090800094604492188e+01,2.086800193786621094e+01,2.078500175476074219e+01,2.088500022888183594e+01,2.092000007629394531e+01,2.093800163269042969e+01,2.103300094604492188e+01,2.115000152587890625e+01,2.127300071716308594e+01,2.137000083923339844e+01,2.140000152587890625e+01,2.151800155639648438e+01,2.154800033569335938e+01,2.156300163269042969e+01,2.161000061035156250e+01,2.166800117492675781e+01,2.170500183105468750e+01,2.161800193786621094e+01,2.153800010681152344e+01,2.141800117492675781e+01,2.133800125122070312e+01,2.121800041198730469e+01,2.109800148010253906e+01,2.106000137329101562e+01,2.102300071716308594e+01,2.094000053405761719e+01,2.083800125122070312e+01,2.065800094604492188e+01,2.041300010681152344e+01,2.023000144958496094e+01,2.018800163269042969e+01,2.005300140380859375e+01,1.995300102233886719e+01,1.984300041198730469e+01,1.957300186157226562e+01,1.918000030517578125e+01,1.882800102233886719e+01,1.854800033569335938e+01,1.840000152587890625e+01,1.826800155639648438e+01,1.819799995422363281e+01,1.811500167846679688e+01,1.800800132751464844e+01,1.793500137329101562e+01,1.829300117492675781e+01,1.840800094604492188e+01,1.845800018310546875e+01,1.848000144958496094e+01,1.853000068664550781e+01,1.861000061035156250e+01,1.869799995422363281e+01,1.878000068664550781e+01,1.890000152587890625e+01
1.000000020040877343e+20,1.000000020040877343e+20,1.000000020040877343e+20,1.000000020040877343e+20,1.000000020040877343e+20,1.000000020040877343e+20,1.000000020040877343e+20,1.000000020040877343e+20,1.000000020040877343e+20,1.000000020040877343e+20,1.000000020040877343e+20,1.987300109863281250e+01,1.988800048828125000e+01,2.004300117492675781e+01,2.019500160217285156e+01,2.044300079345703125e+01,2.079000091552734375e+01,2.118300056457519531e+01,2.155300140380859375e+01,2.186500167846679688e+01,2.205800056457519531e+01,2.218000030517578125e+01,2.221800041198730469e+01,2.225300025939941406e+01,2.229000091552734375e+01,2.234300041198730469e+01,2.243500137329101562e+01,2.258800125122070312e+01,2.289000129699707031e+01,2.339300155639648438e+01,2.391000175476074219e+01,2.415500068664550781e+01,2.443000030517578125e+01,2.449000167846679688e+01,2.471000099182128906e+01,2.468800163269042969e+01,1.000000020040877343e+20,1.000000020040877343e+20,1.000000020040877343e+20,1.000000020040877343e+20,1.000000020040877343e+20,1.000000020040877343e+20,1.000000020040877343e+20,1.000000020040877343e+20,1.000000020040877343e+20,1.000000020040877343e+20,1.000000020040877343e+20,1.000000020040877343e+20,1.000000020040877343e+20,1.000000020040877343e+20,1.000000020040877343e+20,1.000000020040877343e+20,1.000000020040877343e+20,1.000000020040877343e+20,1.000000020040877343e+20,1.000000020040877343e+20,1.000000020040877343e+20,1.000000020040877343e+20,1.000000020040877343e+20,1.000000020040877343e+20,1.000000020040877343e+20,1.000000020040877343e+20,1.000000020040877343e+20,1.000000020040877343e+20,1.000000020040877343e+20,1.000000020040877343e+20,1.000000020040877343e+20,1.000000020040877343e+20,1.000000020040877343e+20,1.000000020040877343e+20,1.000000020040877343e+20,1.000000020040877343e+20,1.000000020040877343e+20,1.000000020040877343e+20,1.000000020040877343e+20,1.000000020040877343e+20,1.000000020040877343e+20,1.000000020040877343e+20,1.000000020040877343e+20,1.000000020040877343e+20,1.000000020040877343e+20,1.000000020040877343e+20,1.000000020040877343e+20,1.000000020040877343e+20,1.000000020040877343e+20,1.000000020040877343e+20,1.000000020040877343e+20,1.000000020040877343e+20,1.000000020040877343e+20,1.000000020040877343e+20,1.000000020040877343e+20,1.000000020040877343e+20,1.000000020040877343e+20,1.000000020040877343e+20,1.000000020040877343e+20,1.000000020040877343e+20,1.000000020040877343e+20,1.000000020040877343e+20,1.000000020040877343e+20,1.000000020040877343e+20,1.000000020040877343e+20,1.000000020040877343e+20,1.000000020040877343e+20,1.000000020040877343e+20,1.000000020040877343e+20,1.000000020040877343e+20,1.000000020040877343e+20,1.000000020040877343e+20,1.000000020040877343e+20,1.000000020040877343e+20,1.000000020040877343e+20,1.000000020040877343e+20,1.000000020040877343e+20,1.000000020040877343e+20,1.000000020040877343e+20,1.000000020040877343e+20,1.000000020040877343e+20,1.000000020040877343e+20,1.000000020040877343e+20,1.909800148010253906e+01,1.924800109863281250e+01,1.887000083923339844e+01,1.880300140380859375e+01,1.879000091552734375e+01,1.866800117492675781e+01,1.850500106811523438e+01,1.849000167846679688e+01,1.000000020040877343e+20,1.000000020040877343e+20,1.857299995422363281e+01,1.849300003051757812e+01,1.836800003051757812e+01,1.834800148010253906e+01,1.828800010681152344e+01,1.000000020040877343e+20,1.000000020040877343e+20,1.000000020040877343e+20,1.000000020040877343e+20,1.000000020040877343e+20,1.000000020040877343e+20,2.051800155639648438e+01,2.025300025939941406e+01,2.043300056457519531e+01,2.052300071716308594e+01,2.041000175476074219e+01,2.029500007629394531e+01,2.015500068664550781e+01,2.009300041198730469e+01,1.999800109863281250e+01,1.971000099182128906e+01,1.936000061035156250e+01,1.896000099182128906e+01,1.853300094604492188e+01,1.820800018310546875e+01,1.801000022888183594e+01,1.774500083923339844e+01,1.762800025939941406e+01,1.749000167846679688e+01,1.745800018310546875e+01,1.746300125122070312e+01,1.738000106811523438e+01,1.728300094604492188e+01,1.722500038146972656e+01,1.715299987792968750e+01,1.707000160217285156e+01,1.701800155639648438e+01,1.696500015258789062e+01,1.703000068664550781e+01,1.703800010681152344e+01,1.701800155639648438e+01,1.698500061035156250e+01,1.698000144958496094e+01,1.695300102233886719e+01,1.698800086975097656e+01,1.706500053405761719e+01,1.712000083923339844e+01,1.713500022888183594e+01,1.712000083923339844e+01,1.714800071716308594e+01,1.711300086975097656e+01,1.707500076293945312e+01,1.694300079345703125e+01,1.686000061035156250e+01,1.681800079345703125e+01,1.676500129699707031e+01,1.666500091552734375e+01,1.655500030517578125e+01,1.653000068664550781e+01,1.653800010681152344e+01,1.654000091552734375e+01,1.661300086975097656e+01,1.670800018310546875e+01,1.678800010681152344e+01,1.685300064086914062e+01,1.692500114440917969e+01,1.698800086975097656e+01,1.703500175476074219e+01,1.702300071716308594e+01,1.708300018310546875e+01,1.707500076293945312e+01,1.705800056457519531e+01,1.703800010681152344e+01,1.699800109863281250e+01,1.693300056457519531e+01,1.684500122070312500e+01,1.680000114440917969e+01,1.670300102233886719e+01,1.667300033569335938e+01,1.668800163269042969e+01,1.665000152587890625e+01,1.657800102233886719e+01,1.651800155639648438e+01,1.643800163269042969e+01,1.642000007629394531e+01,1.647000122070312500e+01,1.659300041198730469e+01,1.663300132751464844e+01,1.676000022888183594e+01,1.690299987792968750e+01,1.694500160217285156e+01,1.699000167846679688e+01,1.696500015258789062e+01,1.703300094604492188e+01,1.704300117492675781e+01,1.706300163269042969e+01,1.709000015258789062e+01,1.715500068664550781e+01,1.723500061035156250e+01,1.735500144958496094e+01,1.738000106811523438e+01,1.731800079345703125e+01,1.712500000000000000e+01,1.687000083923339844e+01,1.654800033569335938e+01,1.615500068664550781e+01,1.574300098419189453e+01,1.526500034332275391e+01,1.480300045013427734e+01,1.471800041198730469e+01,1.000000020040877343e+20,1.000000020040877343e+20,1.000000020040877343e+20,1.000000020040877343e+20,1.000000020040877343e+20,1.000000020040877343e+20,1.000000020040877343e+20,1.000000020040877343e+20,1.000000020040877343e+20,1.000000020040877343e+20,1.000000020040877343e+20,1.000000020040877343e+20,1.000000020040877343e+20,1.000000020040877343e+20,1.000000020040877343e+20,1.000000020040877343e+20,1.000000020040877343e+20,1.000000020040877343e+20,1.000000020040877343e+20,1.000000020040877343e+20,1.000000020040877343e+20,1.000000020040877343e+20,1.000000020040877343e+20,1.000000020040877343e+20,1.000000020040877343e+20,1.000000020040877343e+20,1.000000020040877343e+20,1.000000020040877343e+20,1.000000020040877343e+20,1.000000020040877343e+20,1.000000020040877343e+20,1.000000020040877343e+20,1.000000020040877343e+20,1.000000020040877343e+20,1.000000020040877343e+20,1.000000020040877343e+20,1.000000020040877343e+20,1.000000020040877343e+20,1.000000020040877343e+20,1.000000020040877343e+20,1.000000020040877343e+20,1.000000020040877343e+20,1.000000020040877343e+20,1.000000020040877343e+20,1.000000020040877343e+20,2.394000053405761719e+01,2.386500167846679688e+01,2.381500053405761719e+01,2.366000175476074219e+01,2.348800086975097656e+01,2.330300140380859375e+01,2.309800148010253906e+01,2.302300071716308594e+01,2.294800186157226562e+01,2.282500076293945312e+01,2.274800109863281250e+01,2.262800025939941406e+01,2.262800025939941406e+01,2.274800109863281250e+01,2.275800132751464844e+01,2.262000083923339844e+01,2.229800033569335938e+01,2.192500114440917969e+01,2.156800079345703125e+01,2.133300018310546875e+01,2.121800041198730469e+01,2.107500076293945312e+01,2.101300048828125000e+01,2.101300048828125000e+01,2.104000091552734375e+01,2.118000030517578125e+01,2.121300125122070312e+01,2.137500190734863281e+01,2.148300170898437500e+01,2.156000137329101562e+01,2.167300033569335938e+01,2.174300193786621094e+01,2.178800010681152344e+01,2.188000106811523438e+01,2.203300094604492188e+01,2.206000137329101562e+01,2.204800033569335938e+01,2.206500053405761719e+01,2.211300086975097656e+01,2.212300109863281250e+01,2.201300048828125000e+01,2.194500160217285156e+01,2.187500190734863281e+01,2.180500030517578125e+01,2.175300025939941406e+01,2.167000007629394531e+01,2.163500022888183594e+01,2.160000038146972656e+01,2.153800010681152344e+01,2.137500190734863281e+01,2.115300178527832031e+01,2.089300155639648438e+01,2.077800178527832031e+01,2.067500114440917969e+01,2.057500076293945312e+01,2.037500190734863281e+01,2.013800048828125000e+01,1.977000045776367188e+01,1.938300132751464844e+01,1.908300018310546875e+01,1.889000129699707031e+01,1.876500129699707031e+01,1.864300155639648438e+01,1.860800170898437500e+01,1.864800071716308594e+01,1.873500061035156250e+01,1.881500053405761719e+01,1.894799995422363281e+01,1.901500129699707031e+01,1.905800056457519531e+01,1.898800086975097656e+01,1.898300170898437500e+01,1.859500122070312500e+01,1.861800003051757812e+01,1.868000030517578125e+01,1.000000020040877343e+20
1.000000020040877343e+20,1.000000020040877343e+20,1.000000020040877343e+20,1.000000020040877343e+20,1.000000020040877343e+20,1.000000020040877343e+20,1.000000020040877343e+20,1.000000020040877343e+20,1.000000020040877343e+20,1.000000020040877343e+20,2.055800056457519531e+01,2.043300056457519531e+01,2.040800094604492188e+01,2.051500129699707031e+01,2.067300033569335938e+01,2.089000129699707031e+01,2.117800140380859375e+01,2.151500129699707031e+01,2.182300186157226562e+01,2.209000015258789062e+01,2.228000068664550781e+01,2.236300086975097656e+01,2.235300064086914062e+01,2.236500167846679688e+01,2.242300033569335938e+01,2.250800132751464844e+01,2.261000061035156250e+01,2.273800086975097656e+01,2.302300071716308594e+01,2.339000129699707031e+01,2.375300025939941406e+01,2.405000114440917969e+01,2.429500198364257812e+01,2.433500099182128906e+01,2.434800148010253906e+01,2.443000030517578125e+01,1.000000020040877343e+20,1.000000020040877343e+20,1.000000020040877343e+20,1.000000020040877343e+20,1.000000020040877343e+20,1.000000020040877343e+20,1.000000020040877343e+20,1.000000020040877343e+20,1.000000020040877343e+20,1.000000020040877343e+20,1.000000020040877343e+20,1.000000020040877343e+20,1.000000020040877343e+20,1.000000020040877343e+20,1.000000020040877343e+20,1.000000020040877343e+20,1.000000020040877343e+20,1.000000020040877343e+20,1.000000020040877343e+20,1.000000020040877343e+20,1.000000020040877343e+20,1.000000020040877343e+20,1.000000020040877343e+20,1.000000020040877343e+20,1.000000020040877343e+20,1.000000020040877343e+20,1.000000020040877343e+20,1.000000020040877343e+20,1.000000020040877343e+20,1.000000020040877343e+20,1.000000020040877343e+20,1.000000020040877343e+20,1.000000020040877343e+20,1.000000020040877343e+20,1.000000020040877343e+20,1.000000020040877343e+20,1.000000020040877343e+20,1.000000020040877343e+20,1.000000020040877343e+20,1.000000020040877343e+20,1.000000020040877343e+20,1.000000020040877343e+20,1.000000020040877343e+20,1.000000020040877343e+20,1.000000020040877343e+20,1.000000020040877343e+20,1.000000020040877343e+20,1.000000020040877343e+20,1.000000020040877343e+20,1.000000020040877343e+20,1.000000020040877343e+20,1.000000020040877343e+20,1.000000020040877343e+20,1.000000020040877343e+20,1.000000020040877343e+20,1.000000020040877343e+20,1.000000020040877343e+20,1.000000020040877343e+20,1.000000020040877343e+20,1.000000020040877343e+20,1.000000020040877343e+20,1.000000020040877343e+20,1.000000020040877343e+20,1.000000020040877343e+20,1.000000020040877343e+20,1.000000020040877343e+20,1.000000020040877343e+20,1.000000020040877343e+20,1.000000020040877343e+20,1.000000020040877343e+20,1.000000020040877343e+20,1.000000020040877343e+20,1.000000020040877343e+20,1.000000020040877343e+20,1.000000020040877343e+20,1.000000020040877343e+20,1.000000020040877343e+20,1.000000020040877343e+20,1.000000020040877343e+20,1.000000020040877343e+20,1.000000020040877343e+20,1.000000020040877343e+20,1.000000020040877343e+20,1.000000020040877343e+20,1.954800033569335938e+01,1.941500091552734375e+01,1.926800155639648438e+01,1.920300102233886719e+01,1.911000061035156250e+01,1.908500099182128906e+01,1.921000099182128906e+01,1.981000137329101562e+01,2.000800132751464844e+01,1.974300003051757812e+01,1.860500144958496094e+01,1.000000020040877343e+20,1.000000020040877343e+20,1.000000020040877343e+20,1.000000020040877343e+20,1.000000020040877343e+20,1.000000020040877343e+20,2.184300041198730469e+01,2.179500198364257812e+01,2.165300178527832031e+01,2.131300163269042969e+01,2.134000015258789062e+01,2.132300186157226562e+01,2.118300056457519531e+01,2.095500183105468750e+01,2.076800155639648438e+01,2.066800117492675781e+01,2.062800025939941406e+01,2.047300148010253906e+01,2.025500106811523438e+01,1.990300178527832031e+01,1.957800102233886719e+01,1.932800102233886719e+01,1.908500099182128906e+01,1.888300132751464844e+01,1.871500015258789062e+01,1.859800148010253906e+01,1.861300086975097656e+01,1.862800025939941406e+01,1.861300086975097656e+01,1.851000022888183594e+01,1.841800117492675781e+01,1.836300086975097656e+01,1.827300071716308594e+01,1.820300102233886719e+01,1.821800041198730469e+01,1.822000122070312500e+01,1.819799995422363281e+01,1.814000129699707031e+01,1.802800178527832031e+01,1.796300125122070312e+01,1.785800170898437500e+01,1.786000061035156250e+01,1.782800102233886719e+01,1.789300155639648438e+01,1.793300056457519531e+01,1.797800064086914062e+01,1.800800132751464844e+01,1.804800033569335938e+01,1.803800010681152344e+01,1.802000045776367188e+01,1.800300025939941406e+01,1.792500114440917969e+01,1.784300041198730469e+01,1.776000022888183594e+01,1.771000099182128906e+01,1.761000061035156250e+01,1.755800056457519531e+01,1.757299995422363281e+01,1.760800170898437500e+01,1.771000099182128906e+01,1.784300041198730469e+01,1.792300033569335938e+01,1.794300079345703125e+01,1.795800018310546875e+01,1.796300125122070312e+01,1.796300125122070312e+01,1.797800064086914062e+01,1.801800155639648438e+01,1.803500175476074219e+01,1.801500129699707031e+01,1.797800064086914062e+01,1.799000167846679688e+01,1.789000129699707031e+01,1.779300117492675781e+01,1.775300025939941406e+01,1.772500038146972656e+01,1.768800163269042969e+01,1.763000106811523438e+01,1.757999992370605469e+01,1.747300148010253906e+01,1.739800071716308594e+01,1.727000045776367188e+01,1.731000137329101562e+01,1.737500000000000000e+01,1.742300033569335938e+01,1.750000000000000000e+01,1.757999992370605469e+01,1.765800094604492188e+01,1.772000122070312500e+01,1.771000099182128906e+01,1.772800064086914062e+01,1.771300125122070312e+01,1.771800041198730469e+01,1.772300148010253906e+01,1.772300148010253906e+01,1.771500015258789062e+01,1.777800178527832031e+01,1.785000038146972656e+01,1.787300109863281250e+01,1.776300048828125000e+01,1.759000015258789062e+01,1.735500144958496094e+01,1.712500000000000000e+01,1.682500076293945312e+01,1.642300033569335938e+01,1.593300056457519531e+01,1.545500087738037109e+01,1.518000030517578125e+01,1.532800102233886719e+01,1.000000020040877343e+20,1.000000020040877343e+20,1.000000020040877343e+20,1.000000020040877343e+20,1.000000020040877343e+20,1.000000020040877343e+20,1.000000020040877343e+20,1.000000020040877343e+20,1.000000020040877343e+20,1.000000020040877343e+20,1.000000020040877343e+20,1.000000020040877343e+20,1.000000020040877343e+20,1.000000020040877343e+20,1.000000020040877343e+20,1.000000020040877343e+20,1.000000020040877343e+20,1.000000020040877343e+20,1.000000020040877343e+20,1.000000020040877343e+20,1.000000020040877343e+20,1.000000020040877343e+20,1.000000020040877343e+20,1.000000020040877343e+20,1.000000020040877343e+20,1.000000020040877343e+20,1.000000020040877343e+20,1.000000020040877343e+20,1.000000020040877343e+20,1.000000020040877343e+20,1.000000020040877343e+20,1.000000020040877343e+20,1.000000020040877343e+20,1.000000020040877343e+20,1.000000020040877343e+20,1.000000020040877343e+20,1.000000020040877343e+20,1.000000020040877343e+20,1.000000020040877343e+20,1.000000020040877343e+20,1.000000020040877343e+20,1.000000020040877343e+20,2.656000137329101562e+01,2.626500129699707031e+01,2.553300094604492188e+01,2.509800148010253906e+01,2.463300132751464844e+01,2.414300155639648438e+01,2.371000099182128906e+01,2.340000152587890625e+01,2.317800140380859375e+01,2.310300064086914062e+01,2.299500083923339844e+01,2.292300033569335938e+01,2.278300094604492188e+01,2.272300148010253906e+01,2.267800140380859375e+01,2.250800132751464844e+01,2.222500038146972656e+01,2.194000053405761719e+01,2.166500091552734375e+01,2.150300025939941406e+01,2.137500190734863281e+01,2.133000183105468750e+01,2.123300170898437500e+01,2.129500007629394531e+01,2.136800193786621094e+01,2.152500152587890625e+01,2.162500190734863281e+01,2.184000015258789062e+01,2.197300148010253906e+01,2.206500053405761719e+01,2.215000152587890625e+01,2.220500183105468750e+01,2.224800109863281250e+01,2.230300140380859375e+01,2.235000038146972656e+01,2.236800193786621094e+01,2.237300109863281250e+01,2.242800140380859375e+01,2.246000099182128906e+01,2.248000144958496094e+01,2.245300102233886719e+01,2.244800186157226562e+01,2.244300079345703125e+01,2.237000083923339844e+01,2.228800010681152344e+01,2.230000114440917969e+01,2.223500061035156250e+01,2.221800041198730469e+01,2.218500137329101562e+01,2.212000083923339844e+01,2.195800018310546875e+01,2.180000114440917969e+01,2.161000061035156250e+01,2.144500160217285156e+01,2.129800033569335938e+01,2.113800048828125000e+01,2.098500061035156250e+01,2.074500083923339844e+01,2.039000129699707031e+01,2.007800102233886719e+01,1.975500106811523438e+01,1.949800109863281250e+01,1.930000114440917969e+01,1.913300132751464844e+01,1.902800178527832031e+01,1.901000022888183594e+01,1.907500076293945312e+01,1.923300170898437500e+01,1.940300178527832031e+01,1.953300094604492188e+01,1.958000183105468750e+01,1.959800148010253906e+01,1.000000020040877343e+20,1.000000020040877343e+20,1.000000020040877343e+20,1.000000020040877343e+20,1.000000020040877343e+20,1.000000020040877343e+20
1.000000020040877343e+20,1.000000020040877343e+20,1.000000020040877343e+20,1.000000020040877343e+20,1.000000020040877343e+20,1.000000020040877343e+20,1.000000020040877343e+20,1.000000020040877343e+20,1.000000020040877343e+20,1.000000020040877343e+20,1.000000020040877343e+20,2.078000068664550781e+01,2.076300048828125000e+01,2.091800117492675781e+01,2.109000015258789062e+01,2.127300071716308594e+01,2.149800109863281250e+01,2.174300193786621094e+01,2.198000144958496094e+01,2.216500091552734375e+01,2.230500030517578125e+01,2.238000106811523438e+01,2.238300132751464844e+01,2.245300102233886719e+01,2.255300140380859375e+01,2.268300056457519531e+01,2.281300163269042969e+01,2.292300033569335938e+01,2.312500190734863281e+01,2.339000129699707031e+01,2.368800163269042969e+01,2.396000099182128906e+01,2.418000030517578125e+01,2.421000099182128906e+01,2.419300079345703125e+01,1.000000020040877343e+20,1.000000020040877343e+20,1.000000020040877343e+20,1.000000020040877343e+20,1.000000020040877343e+20,1.000000020040877343e+20,1.000000020040877343e+20,1.000000020040877343e+20,1.000000020040877343e+20,1.000000020040877343e+20,1.000000020040877343e+20,1.000000020040877343e+20,1.000000020040877343e+20,1.000000020040877343e+20,1.000000020040877343e+20,1.000000020040877343e+20,1.000000020040877343e+20,1.000000020040877343e+20,1.000000020040877343e+20,1.000000020040877343e+20,1.000000020040877343e+20,1.000000020040877343e+20,1.000000020040877343e+20,1.000000020040877343e+20,1.000000020040877343e+20,1.000000020040877343e+20,1.000000020040877343e+20,1.000000020040877343e+20,1.000000020040877343e+20,1.000000020040877343e+20,1.000000020040877343e+20,1.000000020040877343e+20,1.000000020040877343e+20,1.000000020040877343e+20,1.000000020040877343e+20,1.000000020040877343e+20,1.000000020040877343e+20,1.000000020040877343e+20,1.000000020040877343e+20,1.000000020040877343e+20,1.000000020040877343e+20,1.000000020040877343e+20,1.000000020040877343e+20,1.000000020040877343e+20,1.000000020040877343e+20,1.000000020040877343e+20,1.000000020040877343e+20,1.000000020040877343e+20,1.000000020040877343e+20,1.000000020040877343e+20,1.000000020040877343e+20,1.000000020040877343e+20,1.000000020040877343e+20,1.000000020040877343e+20,1.000000020040877343e+20,1.000000020040877343e+20,1.000000020040877343e+20,1.000000020040877343e+20,1.000000020040877343e+20,1.000000020040877343e+20,1.000000020040877343e+20,1.000000020040877343e+20,1.000000020040877343e+20,1.000000020040877343e+20,1.000000020040877343e+20,1.000000020040877343e+20,1.000000020040877343e+20,1.000000020040877343e+20,1.000000020040877343e+20,1.000000020040877343e+20,1.000000020040877343e+20,1.000000020040877343e+20,1.000000020040877343e+20,1.000000020040877343e+20,1.000000020040877343e+20,1.000000020040877343e+20,1.000000020040877343e+20,1.000000020040877343e+20,1.000000020040877343e+20,1.000000020040877343e+20,1.000000020040877343e+20,1.000000020040877343e+20,1.000000020040877343e+20,1.000000020040877343e+20,1.000000020040877343e+20,1.969500160217285156e+01,1.966500091552734375e+01,1.954500007629394531e+01,1.950800132751464844e+01,1.951000022888183594e+01,1.963000106811523438e+01,1.994800186157226562e+01,2.035800170898437500e+01,2.055300140380859375e+01,2.054500007629394531e+01,1.000000020040877343e+20,1.000000020040877343e+20,1.000000020040877343e+20,1.000000020040877343e+20,2.306300163269042969e+01,2.298000144958496094e+01,2.279800033569335938e+01,2.232800102233886719e+01,2.222300148010253906e+01,2.210800170898437500e+01,2.205500030517578125e+01,2.198500061035156250e+01,2.184800148010253906e+01,2.157300186157226562e+01,2.134300041198730469e+01,2.118000030517578125e+01,2.106800079345703125e+01,2.099800109863281250e+01,2.081500053405761719e+01,2.052800178527832031e+01,2.016000175476074219e+01,1.994000053405761719e+01,1.982500076293945312e+01,1.975500106811523438e+01,1.964800071716308594e+01,1.957800102233886719e+01,1.956500053405761719e+01,1.959500122070312500e+01,1.964800071716308594e+01,1.963000106811523438e+01,1.954800033569335938e+01,1.939000129699707031e+01,1.933800125122070312e+01,1.929500007629394531e+01,1.932800102233886719e+01,1.928000068664550781e+01,1.928800010681152344e+01,1.921800041198730469e+01,1.910800170898437500e+01,1.902300071716308594e+01,1.891500091552734375e+01,1.885300064086914062e+01,1.876800155639648438e+01,1.870500183105468750e+01,1.873000144958496094e+01,1.875300025939941406e+01,1.877500152587890625e+01,1.880800056457519531e+01,1.884800148010253906e+01,1.893300056457519531e+01,1.894000053405761719e+01,1.899800109863281250e+01,1.893300056457519531e+01,1.885300064086914062e+01,1.880500030517578125e+01,1.875000000000000000e+01,1.865500068664550781e+01,1.864000129699707031e+01,1.867800140380859375e+01,1.873300170898437500e+01,1.880800056457519531e+01,1.891500091552734375e+01,1.898300170898437500e+01,1.897500038146972656e+01,1.894300079345703125e+01,1.893800163269042969e+01,1.891800117492675781e+01,1.892000007629394531e+01,1.892500114440917969e+01,1.895500183105468750e+01,1.894500160217285156e+01,1.888000106811523438e+01,1.884800148010253906e+01,1.879300117492675781e+01,1.874800109863281250e+01,1.868500137329101562e+01,1.869300079345703125e+01,1.868300056457519531e+01,1.862000083923339844e+01,1.848300170898437500e+01,1.840000152587890625e+01,1.829500007629394531e+01,1.817800140380859375e+01,1.814000129699707031e+01,1.815000152587890625e+01,1.821000099182128906e+01,1.825300025939941406e+01,1.827500152587890625e+01,1.829300117492675781e+01,1.829500007629394531e+01,1.831800079345703125e+01,1.832299995422363281e+01,1.830500030517578125e+01,1.826800155639648438e+01,1.832299995422363281e+01,1.836300086975097656e+01,1.837800025939941406e+01,1.836800003051757812e+01,1.839300155639648438e+01,1.839000129699707031e+01,1.827500152587890625e+01,1.809300041198730469e+01,1.789000129699707031e+01,1.771000099182128906e+01,1.742500114440917969e+01,1.709000015258789062e+01,1.658300018310546875e+01,1.611300086975097656e+01,1.591300106048583984e+01,1.607999992370605469e+01,1.688300132751464844e+01,1.754000091552734375e+01,1.793000030517578125e+01,1.000000020040877343e+20,1.000000020040877343e+20,1.000000020040877343e+20,1.000000020040877343e+20,1.000000020040877343e+20,1.000000020040877343e+20,1.000000020040877343e+20,1.000000020040877343e+20,1.000000020040877343e+20,1.000000020040877343e+20,1.000000020040877343e+20,1.000000020040877343e+20,1.000000020040877343e+20,1.000000020040877343e+20,1.000000020040877343e+20,1.000000020040877343e+20,1.000000020040877343e+20,1.000000020040877343e+20,1.000000020040877343e+20,1.000000020040877343e+20,1.000000020040877343e+20,1.000000020040877343e+20,1.000000020040877343e+20,1.000000020040877343e+20,1.000000020040877343e+20,1.000000020040877343e+20,1.000000020040877343e+20,1.000000020040877343e+20,1.000000020040877343e+20,1.000000020040877343e+20,1.000000020040877343e+20,1.000000020040877343e+20,1.000000020040877343e+20,1.000000020040877343e+20,1.000000020040877343e+20,1.000000020040877343e+20,1.000000020040877343e+20,1.000000020040877343e+20,2.688000106811523438e+01,2.682800102233886719e+01,2.655800056457519531e+01,2.611000061035156250e+01,2.546500205993652344e+01,2.475300025939941406e+01,2.412800025939941406e+01,2.368000030517578125e+01,2.328800201416015625e+01,2.306300163269042969e+01,2.293000030517578125e+01,2.285000038146972656e+01,2.280300140380859375e+01,2.275000190734863281e+01,2.277300071716308594e+01,2.265500068664550781e+01,2.233800125122070312e+01,2.202300071716308594e+01,2.182800102233886719e+01,2.172800064086914062e+01,2.179000091552734375e+01,2.185500144958496094e+01,2.186300086975097656e+01,2.191800117492675781e+01,2.201500129699707031e+01,2.206300163269042969e+01,2.219000053405761719e+01,2.233300018310546875e+01,2.257800102233886719e+01,2.267800140380859375e+01,2.281300163269042969e+01,2.288300132751464844e+01,2.286000061035156250e+01,2.284800148010253906e+01,2.280500030517578125e+01,2.279000091552734375e+01,2.278000068664550781e+01,2.273800086975097656e+01,2.278000068664550781e+01,2.278300094604492188e+01,2.277500152587890625e+01,2.277000045776367188e+01,2.282800102233886719e+01,2.282500076293945312e+01,2.281300163269042969e+01,2.279000091552734375e+01,2.273800086975097656e+01,2.266000175476074219e+01,2.264300155639648438e+01,2.253500175476074219e+01,2.242800140380859375e+01,2.222300148010253906e+01,2.206300163269042969e+01,2.190300178527832031e+01,2.183000183105468750e+01,2.159800148010253906e+01,2.140000152587890625e+01,2.118800163269042969e+01,2.091300010681152344e+01,2.060500144958496094e+01,2.031800079345703125e+01,2.003500175476074219e+01,1.975800132751464844e+01,1.952000045776367188e+01,1.929500007629394531e+01,1.918300056457519531e+01,1.920300102233886719e+01,1.931300163269042969e+01,1.943500137329101562e+01,1.959500122070312500e+01,1.981300163269042969e+01,1.000000020040877343e+20,1.000000020040877343e+20,1.000000020040877343e+20,1.000000020040877343e+20,1.000000020040877343e+20,1.000000020040877343e+20,1.000000020040877343e+20,1.000000020040877343e+20
1.000000020040877343e+20,1.000000020040877343e+20,1.000000020040877343e+20,1.000000020040877343e+20,1.000000020040877343e+20,1.000000020040877343e+20,1.000000020040877343e+20,1.000000020040877343e+20,1.000000020040877343e+20,1.000000020040877343e+20,1.000000020040877343e+20,1.000000020040877343e+20,1.000000020040877343e+20,1.000000020040877343e+20,2.139300155639648438e+01,2.157300186157226562e+01,2.172500038146972656e+01,2.189300155639648438e+01,2.205800056457519531e+01,2.217000198364257812e+01,2.227000045776367188e+01,1.000000020040877343e+20,1.000000020040877343e+20,2.244000053405761719e+01,2.257800102233886719e+01,2.285300064086914062e+01,2.299800109863281250e+01,2.311800193786621094e+01,2.331000137329101562e+01,2.352300071716308594e+01,2.377800178527832031e+01,2.404800033569335938e+01,2.425500106811523438e+01,2.432000160217285156e+01,2.430300140380859375e+01,1.000000020040877343e+20,1.000000020040877343e+20,1.000000020040877343e+20,1.000000020040877343e+20,1.000000020040877343e+20,1.000000020040877343e+20,1.000000020040877343e+20,1.000000020040877343e+20,1.000000020040877343e+20,1.000000020040877343e+20,1.000000020040877343e+20,1.000000020040877343e+20,1.000000020040877343e+20,1.000000020040877343e+20,1.000000020040877343e+20,1.000000020040877343e+20,1.000000020040877343e+20,1.000000020040877343e+20,1.000000020040877343e+20,1.000000020040877343e+20,1.000000020040877343e+20,1.000000020040877343e+20,1.000000020040877343e+20,1.000000020040877343e+20,1.000000020040877343e+20,1.000000020040877343e+20,1.000000020040877343e+20,1.000000020040877343e+20,1.000000020040877343e+20,1.000000020040877343e+20,1.000000020040877343e+20,1.000000020040877343e+20,1.000000020040877343e+20,1.000000020040877343e+20,1.000000020040877343e+20,1.000000020040877343e+20,1.000000020040877343e+20,1.000000020040877343e+20,1.000000020040877343e+20,1.000000020040877343e+20,1.000000020040877343e+20,1.000000020040877343e+20,1.000000020040877343e+20,1.000000020040877343e+20,1.000000020040877343e+20,1.000000020040877343e+20,1.000000020040877343e+20,1.000000020040877343e+20,1.000000020040877343e+20,1.000000020040877343e+20,1.000000020040877343e+20,1.000000020040877343e+20,1.000000020040877343e+20,1.000000020040877343e+20,1.000000020040877343e+20,1.000000020040877343e+20,1.000000020040877343e+20,1.000000020040877343e+20,1.000000020040877343e+20,1.000000020040877343e+20,1.000000020040877343e+20,1.000000020040877343e+20,1.000000020040877343e+20,1.000000020040877343e+20,1.000000020040877343e+20,1.000000020040877343e+20,1.000000020040877343e+20,1.000000020040877343e+20,1.000000020040877343e+20,1.000000020040877343e+20,1.000000020040877343e+20,1.000000020040877343e+20,1.000000020040877343e+20,1.000000020040877343e+20,1.000000020040877343e+20,1.000000020040877343e+20,1.000000020040877343e+20,1.000000020040877343e+20,1.000000020040877343e+20,1.000000020040877343e+20,1.000000020040877343e+20,1.000000020040877343e+20,1.000000020040877343e+20,1.000000020040877343e+20,1.000000020040877343e+20,1.000000020040877343e+20,1.956000137329101562e+01,1.988800048828125000e+01,1.997800064086914062e+01,2.013300132751464844e+01,2.042800140380859375e+01,2.089500045776367188e+01,2.134800148010253906e+01,2.165300178527832031e+01,2.171000099182128906e+01,1.000000020040877343e+20,1.000000020040877343e+20,2.375300025939941406e+01,2.367000198364257812e+01,2.338800048828125000e+01,2.319800186157226562e+01,2.298300170898437500e+01,2.272000122070312500e+01,2.260300064086914062e+01,2.258300018310546875e+01,2.258500099182128906e+01,2.250000190734863281e+01,2.230800056457519531e+01,2.202000045776367188e+01,2.172000122070312500e+01,2.142500114440917969e+01,2.121300125122070312e+01,2.100300025939941406e+01,2.087500190734863281e+01,2.065000152587890625e+01,2.053500175476074219e+01,2.047800064086914062e+01,2.046000099182128906e+01,2.034800148010253906e+01,2.029800033569335938e+01,2.032800102233886719e+01,2.035800170898437500e+01,2.032300186157226562e+01,2.039300155639648438e+01,2.042300033569335938e+01,2.043000030517578125e+01,2.032300186157226562e+01,2.028500175476074219e+01,2.030300140380859375e+01,2.035300064086914062e+01,2.035500144958496094e+01,2.032300186157226562e+01,2.024000167846679688e+01,2.013300132751464844e+01,1.999000167846679688e+01,1.985800170898437500e+01,1.979500007629394531e+01,1.973300170898437500e+01,1.967300033569335938e+01,1.961300086975097656e+01,1.958800125122070312e+01,1.959300041198730469e+01,1.961800003051757812e+01,1.961800003051757812e+01,1.971300125122070312e+01,1.981000137329101562e+01,1.984800148010253906e+01,1.990000152587890625e+01,1.986800003051757812e+01,1.980000114440917969e+01,1.976300048828125000e+01,1.970300102233886719e+01,1.969800186157226562e+01,1.977000045776367188e+01,1.986300086975097656e+01,1.994500160217285156e+01,1.994300079345703125e+01,1.993500137329101562e+01,1.995300102233886719e+01,1.992800140380859375e+01,1.993000030517578125e+01,1.988800048828125000e+01,1.986300086975097656e+01,1.984800148010253906e+01,1.980000114440917969e+01,1.976000022888183594e+01,1.970800018310546875e+01,1.967800140380859375e+01,1.962500000000000000e+01,1.952800178527832031e+01,1.951300048828125000e+01,1.950500106811523438e+01,1.949000167846679688e+01,1.945800018310546875e+01,1.937800025939941406e+01,1.926000022888183594e+01,1.914000129699707031e+01,1.903000068664550781e+01,1.896500015258789062e+01,1.896000099182128906e+01,1.895000076293945312e+01,1.889000129699707031e+01,1.887800025939941406e+01,1.884000015258789062e+01,1.884000015258789062e+01,1.884000015258789062e+01,1.882000160217285156e+01,1.873300170898437500e+01,1.877300071716308594e+01,1.881000137329101562e+01,1.891800117492675781e+01,1.888000106811523438e+01,1.893800163269042969e+01,1.891300010681152344e+01,1.888000106811523438e+01,1.880000114440917969e+01,1.860800170898437500e+01,1.843000030517578125e+01,1.828300094604492188e+01,1.804000091552734375e+01,1.768000030517578125e+01,1.723000144958496094e+01,1.679300117492675781e+01,1.666800117492675781e+01,1.686500167846679688e+01,1.731500053405761719e+01,1.787000083923339844e+01,1.825300025939941406e+01,1.000000020040877343e+20,1.000000020040877343e+20,1.000000020040877343e+20,1.000000020040877343e+20,1.000000020040877343e+20,1.000000020040877343e+20,1.000000020040877343e+20,1.000000020040877343e+20,1.000000020040877343e+20,1.000000020040877343e+20,1.000000020040877343e+20,1.000000020040877343e+20,1.000000020040877343e+20,1.000000020040877343e+20,1.000000020040877343e+20,1.000000020040877343e+20,1.000000020040877343e+20,1.000000020040877343e+20,1.000000020040877343e+20,1.000000020040877343e+20,1.000000020040877343e+20,1.000000020040877343e+20,1.000000020040877343e+20,1.000000020040877343e+20,1.000000020040877343e+20,1.000000020040877343e+20,1.000000020040877343e+20,1.000000020040877343e+20,1.000000020040877343e+20,1.000000020040877343e+20,1.000000020040877343e+20,1.000000020040877343e+20,1.000000020040877343e+20,1.000000020040877343e+20,1.000000020040877343e+20,1.000000020040877343e+20,2.668500137329101562e+01,2.686800193786621094e+01,2.682800102233886719e+01,2.675300216674804688e+01,2.639800071716308594e+01,2.588800048828125000e+01,2.523800086975097656e+01,2.463800048828125000e+01,2.413300132751464844e+01,2.379500198364257812e+01,2.357800102233886719e+01,2.339800071716308594e+01,2.330300140380859375e+01,2.323300170898437500e+01,2.340300178527832031e+01,2.343500137329101562e+01,2.338300132751464844e+01,2.304500198364257812e+01,2.267500114440917969e+01,2.248800086975097656e+01,2.242000198364257812e+01,2.248500061035156250e+01,2.258000183105468750e+01,2.259800148010253906e+01,2.264500045776367188e+01,2.268500137329101562e+01,2.280300140380859375e+01,2.288300132751464844e+01,2.294500160217285156e+01,2.311800193786621094e+01,2.330500030517578125e+01,2.343000030517578125e+01,2.352300071716308594e+01,2.353300094604492188e+01,2.350500106811523438e+01,2.344300079345703125e+01,2.339300155639648438e+01,2.327800178527832031e+01,2.318800163269042969e+01,2.315300178527832031e+01,2.312300109863281250e+01,2.314000129699707031e+01,2.315300178527832031e+01,2.316300201416015625e+01,2.316800117492675781e+01,2.322300148010253906e+01,2.320500183105468750e+01,2.313000106811523438e+01,2.307800102233886719e+01,2.299000167846679688e+01,2.279500198364257812e+01,2.262800025939941406e+01,2.241300201416015625e+01,2.223300170898437500e+01,2.213800048828125000e+01,2.206800079345703125e+01,2.197500038146972656e+01,2.177500152587890625e+01,2.152800178527832031e+01,2.121500015258789062e+01,2.095300102233886719e+01,2.069000053405761719e+01,2.045800018310546875e+01,2.019000053405761719e+01,1.982300186157226562e+01,1.958000183105468750e+01,1.936800003051757812e+01,1.926500129699707031e+01,1.927300071716308594e+01,1.932500076293945312e+01,1.942300033569335938e+01,1.961500167846679688e+01,1.000000020040877343e+20,1.000000020040877343e+20,1.000000020040877343e+20,1.000000020040877343e+20,1.000000020040877343e+20,1.000000020040877343e+20,1.000000020040877343e+20,1.000000020040877343e+20,1.000000020040877343e+20
1.000000020040877343e+20,1.000000020040877343e+20,1.000000020040877343e+20,1.000000020040877343e+20,1.000000020040877343e+20,1.000000020040877343e+20,1.000000020040877343e+20,1.000000020040877343e+20,1.000000020040877343e+20,1.000000020040877343e+20,1.000000020040877343e+20,1.000000020040877343e+20,1.000000020040877343e+20,1.000000020040877343e+20,1.000000020040877343e+20,2.169000053405761719e+01,2.180300140380859375e+01,2.191500091552734375e+01,2.205500030517578125e+01,2.215300178527832031e+01,1.000000020040877343e+20,1.000000020040877343e+20,1.000000020040877343e+20,1.000000020040877343e+20,1.000000020040877343e+20,2.291000175476074219e+01,2.303800201416015625e+01,2.315800094604492188e+01,2.335500144958496094e+01,2.359300041198730469e+01,2.385300064086914062e+01,2.412300109863281250e+01,2.436300086975097656e+01,2.446000099182128906e+01,2.446800041198730469e+01,1.000000020040877343e+20,1.000000020040877343e+20,1.000000020040877343e+20,1.000000020040877343e+20,1.000000020040877343e+20,1.000000020040877343e+20,1.000000020040877343e+20,1.000000020040877343e+20,1.000000020040877343e+20,1.000000020040877343e+20,1.000000020040877343e+20,1.000000020040877343e+20,1.000000020040877343e+20,1.000000020040877343e+20,1.000000020040877343e+20,1.000000020040877343e+20,1.000000020040877343e+20,1.000000020040877343e+20,1.000000020040877343e+20,1.000000020040877343e+20,1.000000020040877343e+20,1.000000020040877343e+20,1.000000020040877343e+20,1.000000020040877343e+20,1.000000020040877343e+20,1.000000020040877343e+20,1.000000020040877343e+20,1.000000020040877343e+20,1.000000020040877343e+20,1.000000020040877343e+20,1.000000020040877343e+20,1.000000020040877343e+20,1.000000020040877343e+20,1.000000020040877343e+20,1.000000020040877343e+20,1.000000020040877343e+20,1.000000020040877343e+20,1.000000020040877343e+20,1.000000020040877343e+20,1.000000020040877343e+20,1.000000020040877343e+20,1.000000020040877343e+20,1.000000020040877343e+20,1.000000020040877343e+20,1.000000020040877343e+20,1.000000020040877343e+20,1.000000020040877343e+20,1.000000020040877343e+20,1.000000020040877343e+20,1.000000020040877343e+20,1.000000020040877343e+20,1.000000020040877343e+20,1.000000020040877343e+20,1.000000020040877343e+20,1.000000020040877343e+20,1.000000020040877343e+20,1.000000020040877343e+20,1.000000020040877343e+20,1.000000020040877343e+20,1.000000020040877343e+20,1.000000020040877343e+20,1.000000020040877343e+20,1.000000020040877343e+20,1.000000020040877343e+20,1.000000020040877343e+20,1.000000020040877343e+20,1.000000020040877343e+20,1.000000020040877343e+20,1.000000020040877343e+20,1.000000020040877343e+20,1.000000020040877343e+20,1.000000020040877343e+20,1.000000020040877343e+20,1.000000020040877343e+20,1.000000020040877343e+20,1.000000020040877343e+20,1.000000020040877343e+20,1.000000020040877343e+20,1.000000020040877343e+20,1.000000020040877343e+20,1.000000020040877343e+20,1.000000020040877343e+20,1.000000020040877343e+20,1.000000020040877343e+20,1.000000020040877343e+20,1.000000020040877343e+20,1.000000020040877343e+20,2.061000061035156250e+01,2.086500167846679688e+01,2.112500190734863281e+01,2.148000144958496094e+01,2.197300148010253906e+01,2.257500076293945312e+01,2.295800018310546875e+01,2.309000015258789062e+01,1.000000020040877343e+20,2.423000144958496094e+01,2.398500061035156250e+01,2.381800079345703125e+01,2.357500076293945312e+01,2.323500061035156250e+01,2.287500190734863281e+01,2.258300018310546875e+01,2.253300094604492188e+01,2.268000030517578125e+01,2.285300064086914062e+01,2.272000122070312500e+01,2.257500076293945312e+01,2.225800132751464844e+01,2.193300056457519531e+01,2.162300109863281250e+01,2.132300186157226562e+01,2.114800071716308594e+01,2.110800170898437500e+01,2.109500122070312500e+01,2.115800094604492188e+01,2.118800163269042969e+01,2.123000144958496094e+01,2.122500038146972656e+01,2.119300079345703125e+01,2.121000099182128906e+01,2.124300193786621094e+01,2.121800041198730469e+01,2.129000091552734375e+01,2.126800155639648438e+01,2.124500083923339844e+01,2.123800086975097656e+01,2.123300170898437500e+01,2.125300025939941406e+01,2.124300193786621094e+01,2.121300125122070312e+01,2.118500137329101562e+01,2.112800025939941406e+01,2.106300163269042969e+01,2.101300048828125000e+01,2.090000152587890625e+01,2.081000137329101562e+01,2.072000122070312500e+01,2.059800148010253906e+01,2.051300048828125000e+01,2.045500183105468750e+01,2.044000053405761719e+01,2.049000167846679688e+01,2.051800155639648438e+01,2.063800048828125000e+01,2.072500038146972656e+01,2.082300186157226562e+01,2.089500045776367188e+01,2.090500068664550781e+01,2.084000015258789062e+01,2.083000183105468750e+01,2.085000038146972656e+01,2.084800148010253906e+01,2.091000175476074219e+01,2.095800018310546875e+01,2.097300148010253906e+01,2.096000099182128906e+01,2.093500137329101562e+01,2.094300079345703125e+01,2.092000007629394531e+01,2.088300132751464844e+01,2.087000083923339844e+01,2.083800125122070312e+01,2.078500175476074219e+01,2.074000167846679688e+01,2.063300132751464844e+01,2.058000183105468750e+01,2.052500152587890625e+01,2.049300003051757812e+01,2.045500183105468750e+01,2.039500045776367188e+01,2.037800025939941406e+01,2.028800010681152344e+01,2.023500061035156250e+01,2.015300178527832031e+01,2.005800056457519531e+01,1.995300102233886719e+01,1.984800148010253906e+01,1.974800109863281250e+01,1.966800117492675781e+01,1.958800125122070312e+01,1.951000022888183594e+01,1.948500061035156250e+01,1.940300178527832031e+01,1.937300109863281250e+01,1.932000160217285156e+01,1.930300140380859375e+01,1.932500076293945312e+01,1.937800025939941406e+01,1.939500045776367188e+01,1.941300010681152344e+01,1.942500114440917969e+01,1.936300086975097656e+01,1.933000183105468750e+01,1.925000000000000000e+01,1.917500114440917969e+01,1.903300094604492188e+01,1.890500068664550781e+01,1.878000068664550781e+01,1.861800003051757812e+01,1.830800056457519531e+01,1.786000061035156250e+01,1.750300025939941406e+01,1.734000015258789062e+01,1.737300109863281250e+01,1.760300064086914062e+01,1.798000144958496094e+01,1.836800003051757812e+01,1.866800117492675781e+01,1.000000020040877343e+20,2.524000167846679688e+01,1.000000020040877343e+20,1.000000020040877343e+20,1.000000020040877343e+20,1.000000020040877343e+20,1.000000020040877343e+20,1.000000020040877343e+20,1.000000020040877343e+20,1.000000020040877343e+20,1.000000020040877343e+20,1.000000020040877343e+20,1.000000020040877343e+20,1.000000020040877343e+20,1.000000020040877343e+20,1.000000020040877343e+20,1.000000020040877343e+20,1.000000020040877343e+20,1.000000020040877343e+20,1.000000020040877343e+20,1.000000020040877343e+20,1.000000020040877343e+20,1.000000020040877343e+20,1.000000020040877343e+20,1.000000020040877343e+20,1.000000020040877343e+20,1.000000020040877343e+20,1.000000020040877343e+20,1.000000020040877343e+20,1.000000020040877343e+20,1.000000020040877343e+20,1.000000020040877343e+20,1.000000020040877343e+20,1.000000020040877343e+20,1.000000020040877343e+20,2.695500183105468750e+01,2.700800132751464844e+01,2.693800163269042969e+01,2.672800064086914062e+01,2.629300117492675781e+01,2.575800132751464844e+01,2.524000167846679688e+01,2.488300132751464844e+01,2.456300163269042969e+01,2.433500099182128906e+01,2.405000114440917969e+01,2.384300041198730469e+01,2.366000175476074219e+01,2.360800170898437500e+01,2.372800064086914062e+01,2.371000099182128906e+01,2.352500152587890625e+01,2.333800125122070312e+01,2.327500152587890625e+01,2.327800178527832031e+01,2.342800140380859375e+01,2.348300170898437500e+01,2.355500030517578125e+01,2.348300170898437500e+01,2.349800109863281250e+01,2.355300140380859375e+01,2.358000183105468750e+01,2.362800025939941406e+01,2.372800064086914062e+01,2.380000114440917969e+01,2.395300102233886719e+01,2.404500198364257812e+01,2.410300064086914062e+01,2.411800193786621094e+01,2.407300186157226562e+01,2.401300048828125000e+01,2.389500045776367188e+01,2.380500030517578125e+01,2.366000175476074219e+01,2.354800033569335938e+01,2.353300094604492188e+01,2.354500198364257812e+01,2.359300041198730469e+01,2.361300086975097656e+01,2.367800140380859375e+01,2.362800025939941406e+01,2.362000083923339844e+01,2.351800155639648438e+01,2.333000183105468750e+01,2.307800102233886719e+01,2.285800170898437500e+01,2.266300201416015625e+01,2.248000144958496094e+01,2.231800079345703125e+01,2.217000198364257812e+01,2.202800178527832031e+01,2.184500122070312500e+01,2.157800102233886719e+01,2.130500030517578125e+01,2.105000114440917969e+01,2.086000061035156250e+01,2.065800094604492188e+01,2.047300148010253906e+01,2.018800163269042969e+01,1.993300056457519531e+01,1.966800117492675781e+01,1.947800064086914062e+01,1.936800003051757812e+01,1.929000091552734375e+01,1.925300025939941406e+01,1.925800132751464844e+01,1.000000020040877343e+20,1.000000020040877343e+20,1.000000020040877343e+20,1.000000020040877343e+20,1.000000020040877343e+20,1.000000020040877343e+20,1.000000020040877343e+20,1.000000020040877343e+20,1.000000020040877343e+20,1.000000020040877343e+20
1.000000020040877343e+20,1.000000020040877343e+20,1.000000020040877343e+20,1.000000020040877343e+20,1.000000020040877343e+20,1.000000020040877343e+20,1.000000020040877343e+20,1.000000020040877343e+20,1.000000020040877343e+20,1.000000020040877343e+20,1.000000020040877343e+20,1.000000020040877343e+20,1.000000020040877343e+20,1.000000020040877343e+20,1.000000020040877343e+20,1.000000020040877343e+20,1.000000020040877343e+20,1.000000020040877343e+20,2.211300086975097656e+01,2.219000053405761719e+01,1.000000020040877343e+20,1.000000020040877343e+20,1.000000020040877343e+20,1.000000020040877343e+20,1.000000020040877343e+20,1.000000020040877343e+20,1.000000020040877343e+20,1.000000020040877343e+20,1.000000020040877343e+20,1.000000020040877343e+20,1.000000020040877343e+20,1.000000020040877343e+20,1.000000020040877343e+20,1.000000020040877343e+20,1.000000020040877343e+20,1.000000020040877343e+20,1.000000020040877343e+20,1.000000020040877343e+20,1.000000020040877343e+20,1.000000020040877343e+20,1.000000020040877343e+20,1.000000020040877343e+20,1.000000020040877343e+20,1.000000020040877343e+20,1.000000020040877343e+20,1.000000020040877343e+20,1.000000020040877343e+20,1.000000020040877343e+20,1.000000020040877343e+20,1.000000020040877343e+20,1.000000020040877343e+20,1.000000020040877343e+20,1.000000020040877343e+20,1.000000020040877343e+20,1.000000020040877343e+20,1.000000020040877343e+20,1.000000020040877343e+20,1.000000020040877343e+20,1.000000020040877343e+20,1.000000020040877343e+20,1.000000020040877343e+20,1.000000020040877343e+20,1.000000020040877343e+20,1.000000020040877343e+20,1.000000020040877343e+20,1.000000020040877343e+20,1.000000020040877343e+20,1.000000020040877343e+20,1.000000020040877343e+20,1.000000020040877343e+20,1.000000020040877343e+20,1.000000020040877343e+20,1.000000020040877343e+20,1.000000020040877343e+20,1.000000020040877343e+20,1.000000020040877343e+20,1.000000020040877343e+20,1.000000020040877343e+20,1.000000020040877343e+20,1.000000020040877343e+20,1.000000020040877343e+20,1.000000020040877343e+20,1.000000020040877343e+20,1.000000020040877343e+20,1.000000020040877343e+20,1.000000020040877343e+20,1.000000020040877343e+20,1.000000020040877343e+20,1.000000020040877343e+20,1.000000020040877343e+20,1.000000020040877343e+20,1.000000020040877343e+20,1.000000020040877343e+20,1.000000020040877343e+20,1.000000020040877343e+20,1.000000020040877343e+20,1.000000020040877343e+20,1.000000020040877343e+20,1.000000020040877343e+20,1.000000020040877343e+20,1.000000020040877343e+20,1.000000020040877343e+20,1.000000020040877343e+20,1.000000020040877343e+20,1.000000020040877343e+20,1.000000020040877343e+20,1.000000020040877343e+20,1.000000020040877343e+20,1.000000020040877343e+20,1.000000020040877343e+20,1.000000020040877343e+20,1.000000020040877343e+20,1.000000020040877343e+20,1.000000020040877343e+20,1.000000020040877343e+20,1.000000020040877343e+20,1.000000020040877343e+20,1.000000020040877343e+20,1.000000020040877343e+20,1.000000020040877343e+20,1.000000020040877343e+20,2.022800064086914062e+01,2.162300109863281250e+01,2.200500106811523438e+01,2.234500122070312500e+01,2.268800163269042969e+01,2.319300079345703125e+01,2.378000068664550781e+01,2.418500137329101562e+01,2.435000038146972656e+01,2.482000160217285156e+01,2.449300193786621094e+01,2.435800170898437500e+01,2.422300148010253906e+01,2.399800109863281250e+01,2.362800025939941406e+01,2.319300079345703125e+01,2.287800025939941406e+01,2.287300109863281250e+01,2.300300025939941406e+01,2.304000091552734375e+01,2.295300102233886719e+01,2.276500129699707031e+01,2.251800155639648438e+01,2.232500076293945312e+01,2.209300041198730469e+01,2.193500137329101562e+01,2.181800079345703125e+01,2.187800025939941406e+01,2.202000045776367188e+01,2.221500015258789062e+01,2.223800086975097656e+01,2.225500106811523438e+01,2.227300071716308594e+01,2.229300117492675781e+01,2.238300132751464844e+01,2.242300033569335938e+01,2.241000175476074219e+01,2.234500122070312500e+01,2.234000015258789062e+01,2.235000038146972656e+01,2.241500091552734375e+01,2.234500122070312500e+01,2.226800155639648438e+01,2.225300025939941406e+01,2.221500015258789062e+01,2.221000099182128906e+01,2.220300102233886719e+01,2.215500068664550781e+01,2.209300041198730469e+01,2.206300163269042969e+01,2.197300148010253906e+01,2.193300056457519531e+01,2.185000038146972656e+01,2.177300071716308594e+01,2.169300079345703125e+01,2.169000053405761719e+01,2.171300125122070312e+01,2.172000122070312500e+01,2.173800086975097656e+01,2.182800102233886719e+01,2.188800048828125000e+01,2.186000061035156250e+01,2.185800170898437500e+01,2.183500099182128906e+01,2.179500198364257812e+01,2.180800056457519531e+01,2.180500030517578125e+01,2.186800193786621094e+01,2.192300033569335938e+01,2.195800018310546875e+01,2.195500183105468750e+01,2.194800186157226562e+01,2.188500022888183594e+01,2.180300140380859375e+01,2.176800155639648438e+01,2.173500061035156250e+01,2.168300056457519531e+01,2.165500068664550781e+01,2.164500045776367188e+01,2.161300086975097656e+01,2.154800033569335938e+01,2.152000045776367188e+01,2.142300033569335938e+01,2.134500122070312500e+01,2.126800155639648438e+01,2.120000076293945312e+01,2.113800048828125000e+01,2.105300140380859375e+01,2.091300010681152344e+01,2.082500076293945312e+01,2.069000053405761719e+01,2.053000068664550781e+01,2.043800163269042969e+01,2.033800125122070312e+01,2.025000190734863281e+01,2.013800048828125000e+01,2.006800079345703125e+01,1.998000144958496094e+01,1.991500091552734375e+01,1.989500045776367188e+01,1.986500167846679688e+01,1.988800048828125000e+01,1.993300056457519531e+01,1.994300079345703125e+01,1.999500083923339844e+01,1.992500114440917969e+01,1.980800056457519531e+01,1.972300148010253906e+01,1.966000175476074219e+01,1.960500144958496094e+01,1.954000091552734375e+01,1.950800132751464844e+01,1.942300033569335938e+01,1.930000114440917969e+01,1.897500038146972656e+01,1.856000137329101562e+01,1.817500114440917969e+01,1.793500137329101562e+01,1.782800102233886719e+01,1.779800033569335938e+01,1.794500160217285156e+01,1.824500083923339844e+01,1.843300056457519531e+01,1.000000020040877343e+20,2.416000175476074219e+01,2.286000061035156250e+01,1.000000020040877343e+20,1.000000020040877343e+20,1.000000020040877343e+20,1.000000020040877343e+20,1.000000020040877343e+20,1.000000020040877343e+20,1.000000020040877343e+20,1.000000020040877343e+20,1.000000020040877343e+20,1.000000020040877343e+20,1.000000020040877343e+20,1.000000020040877343e+20,1.000000020040877343e+20,1.000000020040877343e+20,1.000000020040877343e+20,1.000000020040877343e+20,1.000000020040877343e+20,1.000000020040877343e+20,1.000000020040877343e+20,1.000000020040877343e+20,1.000000020040877343e+20,1.000000020040877343e+20,1.000000020040877343e+20,1.000000020040877343e+20,1.000000020040877343e+20,1.000000020040877343e+20,2.746000099182128906e+01,1.000000020040877343e+20,1.000000020040877343e+20,1.000000020040877343e+20,1.000000020040877343e+20,1.000000020040877343e+20,2.742000198364257812e+01,2.748000144958496094e+01,2.733500099182128906e+01,2.698800086975097656e+01,2.650000190734863281e+01,2.604300117492675781e+01,2.563000106811523438e+01,2.530800056457519531e+01,2.499500083923339844e+01,2.464300155639648438e+01,2.427500152587890625e+01,2.398800086975097656e+01,2.394500160217285156e+01,2.396300125122070312e+01,2.391500091552734375e+01,2.390800094604492188e+01,2.392500114440917969e+01,2.405500030517578125e+01,2.428000068664550781e+01,2.443300056457519531e+01,2.445500183105468750e+01,2.450300025939941406e+01,2.445500183105468750e+01,2.440800094604492188e+01,2.436800193786621094e+01,2.435000038146972656e+01,2.434300041198730469e+01,2.440800094604492188e+01,2.439300155639648438e+01,2.439000129699707031e+01,2.446000099182128906e+01,2.448000144958496094e+01,2.448300170898437500e+01,2.457300186157226562e+01,2.452300071716308594e+01,2.448500061035156250e+01,2.441800117492675781e+01,2.428800201416015625e+01,2.417000198364257812e+01,2.407500076293945312e+01,2.403500175476074219e+01,2.403800201416015625e+01,2.405300140380859375e+01,2.404300117492675781e+01,2.406000137329101562e+01,2.402300071716308594e+01,2.386800193786621094e+01,2.370800018310546875e+01,2.345000076293945312e+01,2.319500160217285156e+01,2.293300056457519531e+01,2.275500106811523438e+01,2.260800170898437500e+01,2.246500015258789062e+01,2.228800010681152344e+01,2.200000190734863281e+01,2.173300170898437500e+01,2.142500114440917969e+01,2.115500068664550781e+01,2.098500061035156250e+01,2.079000091552734375e+01,2.066300010681152344e+01,2.050500106811523438e+01,2.026800155639648438e+01,2.003800010681152344e+01,1.980000114440917969e+01,1.957500076293945312e+01,1.940300178527832031e+01,1.924300003051757812e+01,1.913000106811523438e+01,1.907800102233886719e+01,1.000000020040877343e+20,1.000000020040877343e+20,1.000000020040877343e+20,1.000000020040877343e+20,1.000000020040877343e+20,1.000000020040877343e+20,1.000000020040877343e+20,1.000000020040877343e+20,1.000000020040877343e+20,1.000000020040877343e+20
1.000000020040877343e+20,1.000000020040877343e+20,1.000000020040877343e+20,1.000000020040877343e+20,1.000000020040877343e+20,1.000000020040877343e+20,1.000000020040877343e+20,1.000000020040877343e+20,1.000000020040877343e+20,1.000000020040877343e+20,1.000000020040877343e+20,1.000000020040877343e+20,1.000000020040877343e+20,1.000000020040877343e+20,1.000000020040877343e+20,1.000000020040877343e+20,1.000000020040877343e+20,1.000000020040877343e+20,1.000000020040877343e+20,1.000000020040877343e+20,1.000000020040877343e+20,1.000000020040877343e+20,1.000000020040877343e+20,1.000000020040877343e+20,1.000000020040877343e+20,1.000000020040877343e+20,1.000000020040877343e+20,1.000000020040877343e+20,1.000000020040877343e+20,1.000000020040877343e+20,1.000000020040877343e+20,1.000000020040877343e+20,1.000000020040877343e+20,1.000000020040877343e+20,1.000000020040877343e+20,1.000000020040877343e+20,1.000000020040877343e+20,1.000000020040877343e+20,1.000000020040877343e+20,1.000000020040877343e+20,1.000000020040877343e+20,1.000000020040877343e+20,1.000000020040877343e+20,1.000000020040877343e+20,1.000000020040877343e+20,1.000000020040877343e+20,1.000000020040877343e+20,1.000000020040877343e+20,2.903300094604492188e+01,2.907000160217285156e+01,2.909000205993652344e+01,1.000000020040877343e+20,1.000000020040877343e+20,1.000000020040877343e+20,1.000000020040877343e+20,1.000000020040877343e+20,1.000000020040877343e+20,1.000000020040877343e+20,1.000000020040877343e+20,1.000000020040877343e+20,1.000000020040877343e+20,1.000000020040877343e+20,1.000000020040877343e+20,1.000000020040877343e+20,1.000000020040877343e+20,1.000000020040877343e+20,1.000000020040877343e+20,1.000000020040877343e+20,1.000000020040877343e+20,1.000000020040877343e+20,1.000000020040877343e+20,1.000000020040877343e+20,1.000000020040877343e+20,1.000000020040877343e+20,1.000000020040877343e+20,1.000000020040877343e+20,1.000000020040877343e+20,1.000000020040877343e+20,1.000000020040877343e+20,1.000000020040877343e+20,1.000000020040877343e+20,1.000000020040877343e+20,1.000000020040877343e+20,1.000000020040877343e+20,1.000000020040877343e+20,1.000000020040877343e+20,1.000000020040877343e+20,1.000000020040877343e+20,1.000000020040877343e+20,1.000000020040877343e+20,1.000000020040877343e+20,1.000000020040877343e+20,1.000000020040877343e+20,1.000000020040877343e+20,1.000000020040877343e+20,1.000000020040877343e+20,1.000000020040877343e+20,1.000000020040877343e+20,1.000000020040877343e+20,1.000000020040877343e+20,1.000000020040877343e+20,1.000000020040877343e+20,1.000000020040877343e+20,1.000000020040877343e+20,1.000000020040877343e+20,1.000000020040877343e+20,1.000000020040877343e+20,1.000000020040877343e+20,1.000000020040877343e+20,1.000000020040877343e+20,1.000000020040877343e+20,1.000000020040877343e+20,1.000000020040877343e+20,1.000000020040877343e+20,1.000000020040877343e+20,1.000000020040877343e+20,1.000000020040877343e+20,1.000000020040877343e+20,1.000000020040877343e+20,1.000000020040877343e+20,1.000000020040877343e+20,1.000000020040877343e+20,2.230000114440917969e+01,2.270300102233886719e+01,2.316800117492675781e+01,2.364300155639648438e+01,2.414000129699707031e+01,2.456300163269042969e+01,2.476800155639648438e+01,2.474000167846679688e+01,2.462500190734863281e+01,2.455000114440917969e+01,2.442000198364257812e+01,2.427300071716308594e+01,2.411500167846679688e+01,2.387800025939941406e+01,2.358800125122070312e+01,2.340000152587890625e+01,2.321800041198730469e+01,2.314000129699707031e+01,2.315000152587890625e+01,2.305800056457519531e+01,2.304500198364257812e+01,2.309300041198730469e+01,2.303800201416015625e+01,2.303500175476074219e+01,2.314300155639648438e+01,2.318300056457519531e+01,2.325500106811523438e+01,2.340000152587890625e+01,2.346000099182128906e+01,2.362000083923339844e+01,2.363300132751464844e+01,2.367300033569335938e+01,2.370000076293945312e+01,2.368500137329101562e+01,2.368500137329101562e+01,2.367800140380859375e+01,2.368800163269042969e+01,2.365800094604492188e+01,2.357800102233886719e+01,2.354800033569335938e+01,2.345800018310546875e+01,2.339500045776367188e+01,2.331000137329101562e+01,2.327800178527832031e+01,2.329500198364257812e+01,2.332000160217285156e+01,2.332300186157226562e+01,2.327800178527832031e+01,2.321000099182128906e+01,2.310300064086914062e+01,2.302300071716308594e+01,2.298800086975097656e+01,2.296500015258789062e+01,2.292300033569335938e+01,2.293000030517578125e+01,2.293300056457519531e+01,2.292800140380859375e+01,2.291500091552734375e+01,2.284000015258789062e+01,2.277800178527832031e+01,2.270000076293945312e+01,2.262800025939941406e+01,2.259500122070312500e+01,2.258000183105468750e+01,2.260800170898437500e+01,2.265500068664550781e+01,2.271300125122070312e+01,2.279300117492675781e+01,2.282500076293945312e+01,2.279800033569335938e+01,2.273000144958496094e+01,2.267000198364257812e+01,2.258300018310546875e+01,2.257000160217285156e+01,2.255500030517578125e+01,2.251000022888183594e+01,2.250500106811523438e+01,2.250000190734863281e+01,2.247500038146972656e+01,2.246000099182128906e+01,2.235800170898437500e+01,2.225000190734863281e+01,2.216000175476074219e+01,2.210500144958496094e+01,2.203500175476074219e+01,2.194500160217285156e+01,2.185500144958496094e+01,2.172500038146972656e+01,2.157300186157226562e+01,2.142800140380859375e+01,2.129300117492675781e+01,2.116500091552734375e+01,2.103500175476074219e+01,2.091800117492675781e+01,2.079500007629394531e+01,2.066000175476074219e+01,2.053300094604492188e+01,2.047000122070312500e+01,2.042500114440917969e+01,2.043500137329101562e+01,2.037000083923339844e+01,2.038000106811523438e+01,2.040000152587890625e+01,2.036500167846679688e+01,2.030800056457519531e+01,2.023800086975097656e+01,2.012800025939941406e+01,2.006800079345703125e+01,2.005800056457519531e+01,2.007000160217285156e+01,2.013500022888183594e+01,2.010300064086914062e+01,2.000500106811523438e+01,1.975000000000000000e+01,1.929500007629394531e+01,1.880000114440917969e+01,1.843500137329101562e+01,1.818500137329101562e+01,1.804000091552734375e+01,1.802800178527832031e+01,1.815500068664550781e+01,1.836300086975097656e+01,1.861500167846679688e+01,1.000000020040877343e+20,2.265800094604492188e+01,2.304800033569335938e+01,1.000000020040877343e+20,1.000000020040877343e+20,1.000000020040877343e+20,1.000000020040877343e+20,1.000000020040877343e+20,1.000000020040877343e+20,1.000000020040877343e+20,1.000000020040877343e+20,1.000000020040877343e+20,1.000000020040877343e+20,1.000000020040877343e+20,1.000000020040877343e+20,1.000000020040877343e+20,1.000000020040877343e+20,1.000000020040877343e+20,1.000000020040877343e+20,1.000000020040877343e+20,2.810500144958496094e+01,2.812800216674804688e+01,2.818500137329101562e+01,2.822500228881835938e+01,1.000000020040877343e+20,2.819500160217285156e+01,2.814800071716308594e+01,2.802300071716308594e+01,2.775000190734863281e+01,2.797500038146972656e+01,2.805500221252441406e+01,2.803800201416015625e+01,1.000000020040877343e+20,1.000000020040877343e+20,2.728500175476074219e+01,2.735300064086914062e+01,2.723800086975097656e+01,2.699300193786621094e+01,2.658300209045410156e+01,2.622300148010253906e+01,2.598500061035156250e+01,2.579500198364257812e+01,2.546800041198730469e+01,2.506300163269042969e+01,2.470300102233886719e+01,2.452800178527832031e+01,2.448500061035156250e+01,2.433800125122070312e+01,2.429800033569335938e+01,2.436300086975097656e+01,2.459300041198730469e+01,2.484500122070312500e+01,2.500000190734863281e+01,2.503300094604492188e+01,2.508800125122070312e+01,2.512500190734863281e+01,2.519300079345703125e+01,2.519800186157226562e+01,2.515000152587890625e+01,2.509000205993652344e+01,2.503300094604492188e+01,2.494800186157226562e+01,2.486300086975097656e+01,2.481000137329101562e+01,2.479800033569335938e+01,2.476500129699707031e+01,2.480000114440917969e+01,2.484500122070312500e+01,2.486000061035156250e+01,2.484800148010253906e+01,2.479000091552734375e+01,2.471300125122070312e+01,2.464300155639648438e+01,2.460000038146972656e+01,2.453800201416015625e+01,2.446300125122070312e+01,2.443300056457519531e+01,2.444300079345703125e+01,2.443800163269042969e+01,2.429500198364257812e+01,2.406800079345703125e+01,2.377500152587890625e+01,2.353000068664550781e+01,2.330800056457519531e+01,2.313000106811523438e+01,2.302300071716308594e+01,2.281300163269042969e+01,2.263000106811523438e+01,2.231000137329101562e+01,2.199800109863281250e+01,2.164800071716308594e+01,2.138500022888183594e+01,2.116800117492675781e+01,2.100500106811523438e+01,2.086500167846679688e+01,2.078500175476074219e+01,2.062800025939941406e+01,2.039500045776367188e+01,2.018300056457519531e+01,1.992800140380859375e+01,1.967800140380859375e+01,1.941000175476074219e+01,1.916500091552734375e+01,1.901500129699707031e+01,1.892800140380859375e+01,1.000000020040877343e+20,1.000000020040877343e+20,1.000000020040877343e+20,1.000000020040877343e+20,1.000000020040877343e+20,1.000000020040877343e+20,1.000000020040877343e+20,1.000000020040877343e+20,1.000000020040877343e+20,1.000000020040877343e+20
1.000000020040877343e+20,1.000000020040877343e+20,1.000000020040877343e+20,1.000000020040877343e+20,1.000000020040877343e+20,1.000000020040877343e+20,1.000000020040877343e+20,1.000000020040877343e+20,1.000000020040877343e+20,1.000000020040877343e+20,1.000000020040877343e+20,1.000000020040877343e+20,1.000000020040877343e+20,1.000000020040877343e+20,1.000000020040877343e+20,1.000000020040877343e+20,1.000000020040877343e+20,1.000000020040877343e+20,1.000000020040877343e+20,1.000000020040877343e+20,1.000000020040877343e+20,1.000000020040877343e+20,1.000000020040877343e+20,1.000000020040877343e+20,1.000000020040877343e+20,1.000000020040877343e+20,1.000000020040877343e+20,1.000000020040877343e+20,1.000000020040877343e+20,1.000000020040877343e+20,1.000000020040877343e+20,1.000000020040877343e+20,1.000000020040877343e+20,1.000000020040877343e+20,1.000000020040877343e+20,1.000000020040877343e+20,1.000000020040877343e+20,1.000000020040877343e+20,1.000000020040877343e+20,1.000000020040877343e+20,1.000000020040877343e+20,1.000000020040877343e+20,1.000000020040877343e+20,1.000000020040877343e+20,1.000000020040877343e+20,1.000000020040877343e+20,1.000000020040877343e+20,1.000000020040877343e+20,2.912300109863281250e+01,2.925000190734863281e+01,2.930500221252441406e+01,1.000000020040877343e+20,1.000000020040877343e+20,1.000000020040877343e+20,1.000000020040877343e+20,1.000000020040877343e+20,1.000000020040877343e+20,1.000000020040877343e+20,1.000000020040877343e+20,1.000000020040877343e+20,1.000000020040877343e+20,1.000000020040877343e+20,1.000000020040877343e+20,1.000000020040877343e+20,1.000000020040877343e+20,1.000000020040877343e+20,1.000000020040877343e+20,1.000000020040877343e+20,1.000000020040877343e+20,1.000000020040877343e+20,1.000000020040877343e+20,1.000000020040877343e+20,1.000000020040877343e+20,1.000000020040877343e+20,1.000000020040877343e+20,1.000000020040877343e+20,1.000000020040877343e+20,1.000000020040877343e+20,1.000000020040877343e+20,1.000000020040877343e+20,1.000000020040877343e+20,1.000000020040877343e+20,1.000000020040877343e+20,1.000000020040877343e+20,1.000000020040877343e+20,1.000000020040877343e+20,1.000000020040877343e+20,1.000000020040877343e+20,1.000000020040877343e+20,1.000000020040877343e+20,1.000000020040877343e+20,1.000000020040877343e+20,1.000000020040877343e+20,1.000000020040877343e+20,1.000000020040877343e+20,1.000000020040877343e+20,1.000000020040877343e+20,1.000000020040877343e+20,1.000000020040877343e+20,1.000000020040877343e+20,1.000000020040877343e+20,1.000000020040877343e+20,1.000000020040877343e+20,1.000000020040877343e+20,1.000000020040877343e+20,1.000000020040877343e+20,1.000000020040877343e+20,1.000000020040877343e+20,1.000000020040877343e+20,1.000000020040877343e+20,1.000000020040877343e+20,1.000000020040877343e+20,1.000000020040877343e+20,1.000000020040877343e+20,1.000000020040877343e+20,1.000000020040877343e+20,1.000000020040877343e+20,1.000000020040877343e+20,1.000000020040877343e+20,1.000000020040877343e+20,1.000000020040877343e+20,2.401500129699707031e+01,2.378000068664550781e+01,2.404300117492675781e+01,2.448800086975097656e+01,2.498300170898437500e+01,2.542800140380859375e+01,2.563300132751464844e+01,2.557000160217285156e+01,2.538000106811523438e+01,2.516500091552734375e+01,2.490800094604492188e+01,2.471000099182128906e+01,2.452000045776367188e+01,2.439500045776367188e+01,2.423500061035156250e+01,2.406000137329101562e+01,2.389800071716308594e+01,2.381000137329101562e+01,2.375300025939941406e+01,2.372500038146972656e+01,2.377000045776367188e+01,2.387300109863281250e+01,2.409500122070312500e+01,2.427800178527832031e+01,2.439800071716308594e+01,2.451800155639648438e+01,2.460500144958496094e+01,2.466300201416015625e+01,2.471500205993652344e+01,2.480300140380859375e+01,2.496300125122070312e+01,2.510500144958496094e+01,2.511800193786621094e+01,2.510500144958496094e+01,2.507000160217285156e+01,2.505500030517578125e+01,2.505000114440917969e+01,2.499800109863281250e+01,2.497500038146972656e+01,2.482000160217285156e+01,2.476500129699707031e+01,2.465500068664550781e+01,2.456300163269042969e+01,2.452500152587890625e+01,2.451000022888183594e+01,2.451000022888183594e+01,2.449300193786621094e+01,2.446500205993652344e+01,2.440300178527832031e+01,2.432300186157226562e+01,2.417500114440917969e+01,2.409000205993652344e+01,2.403000068664550781e+01,2.402300071716308594e+01,2.406000137329101562e+01,2.402000045776367188e+01,2.398300170898437500e+01,2.391800117492675781e+01,2.378000068664550781e+01,2.369000053405761719e+01,2.357800102233886719e+01,2.354800033569335938e+01,2.351000022888183594e+01,2.347000122070312500e+01,2.347500038146972656e+01,2.346800041198730469e+01,2.345300102233886719e+01,2.347800064086914062e+01,2.343800163269042969e+01,2.342000198364257812e+01,2.338800048828125000e+01,2.330500030517578125e+01,2.326800155639648438e+01,2.320300102233886719e+01,2.316300201416015625e+01,2.317800140380859375e+01,2.316500091552734375e+01,2.314000129699707031e+01,2.315300178527832031e+01,2.306800079345703125e+01,2.300300025939941406e+01,2.292500114440917969e+01,2.280800056457519531e+01,2.272000122070312500e+01,2.266300201416015625e+01,2.262000083923339844e+01,2.257300186157226562e+01,2.250000190734863281e+01,2.240300178527832031e+01,2.227300071716308594e+01,2.208500099182128906e+01,2.193500137329101562e+01,2.176000022888183594e+01,2.163500022888183594e+01,2.152500152587890625e+01,2.141000175476074219e+01,2.128800010681152344e+01,2.118300056457519531e+01,2.106500053405761719e+01,2.101500129699707031e+01,2.096500015258789062e+01,2.090300178527832031e+01,2.085000038146972656e+01,2.081500053405761719e+01,2.074300193786621094e+01,2.065000152587890625e+01,2.060500144958496094e+01,2.055300140380859375e+01,2.053000068664550781e+01,2.054800033569335938e+01,2.059500122070312500e+01,2.062300109863281250e+01,2.061800003051757812e+01,2.052500152587890625e+01,2.028800010681152344e+01,1.989000129699707031e+01,1.943800163269042969e+01,1.900500106811523438e+01,1.868800163269042969e+01,1.849500083923339844e+01,1.839800071716308594e+01,1.834500122070312500e+01,1.840800094604492188e+01,1.857000160217285156e+01,1.868000030517578125e+01,1.000000020040877343e+20,2.312500190734863281e+01,2.369500160217285156e+01,1.000000020040877343e+20,1.000000020040877343e+20,1.000000020040877343e+20,1.000000020040877343e+20,1.000000020040877343e+20,1.000000020040877343e+20,1.000000020040877343e+20,1.000000020040877343e+20,1.000000020040877343e+20,1.000000020040877343e+20,1.000000020040877343e+20,1.000000020040877343e+20,1.000000020040877343e+20,1.000000020040877343e+20,2.788300132751464844e+01,2.786000061035156250e+01,2.780000114440917969e+01,2.781500053405761719e+01,2.782000160217285156e+01,2.784800148010253906e+01,2.796800041198730469e+01,2.793500137329101562e+01,2.801800155639648438e+01,2.810500144958496094e+01,2.821000099182128906e+01,2.834500122070312500e+01,2.843500137329101562e+01,2.843500137329101562e+01,1.000000020040877343e+20,1.000000020040877343e+20,2.729300117492675781e+01,2.738300132751464844e+01,2.728800201416015625e+01,2.705000114440917969e+01,2.674000167846679688e+01,2.649800109863281250e+01,2.630000114440917969e+01,2.613500213623046875e+01,2.592300033569335938e+01,2.554500198364257812e+01,2.523500061035156250e+01,2.509000205993652344e+01,2.494500160217285156e+01,2.485000038146972656e+01,2.488300132751464844e+01,2.512500190734863281e+01,2.534000205993652344e+01,2.551300048828125000e+01,2.556000137329101562e+01,2.550000190734863281e+01,2.548300170898437500e+01,2.559800148010253906e+01,2.569800186157226562e+01,2.575500106811523438e+01,2.568300056457519531e+01,2.561000061035156250e+01,2.544800186157226562e+01,2.531300163269042969e+01,2.518800163269042969e+01,2.511300086975097656e+01,2.506800079345703125e+01,2.509300041198730469e+01,2.516000175476074219e+01,2.523800086975097656e+01,2.528800201416015625e+01,2.529800033569335938e+01,2.525300025939941406e+01,2.518300056457519531e+01,2.509500122070312500e+01,2.498300170898437500e+01,2.489800071716308594e+01,2.483500099182128906e+01,2.478000068664550781e+01,2.466500091552734375e+01,2.452300071716308594e+01,2.429000091552734375e+01,2.405000114440917969e+01,2.385800170898437500e+01,2.365300178527832031e+01,2.357300186157226562e+01,2.341500091552734375e+01,2.317000198364257812e+01,2.290300178527832031e+01,2.262500190734863281e+01,2.225500106811523438e+01,2.191000175476074219e+01,2.160300064086914062e+01,2.140800094604492188e+01,2.127500152587890625e+01,2.117800140380859375e+01,2.111500167846679688e+01,2.102000045776367188e+01,2.085300064086914062e+01,2.060800170898437500e+01,2.031800079345703125e+01,2.000500106811523438e+01,1.969300079345703125e+01,1.942500114440917969e+01,1.910500144958496094e+01,1.894000053405761719e+01,1.000000020040877343e+20,1.000000020040877343e+20,1.000000020040877343e+20,1.000000020040877343e+20,1.000000020040877343e+20,1.000000020040877343e+20,1.000000020040877343e+20,1.000000020040877343e+20,1.000000020040877343e+20,1.000000020040877343e+20,1.000000020040877343e+20
1.000000020040877343e+20,1.000000020040877343e+20,1.000000020040877343e+20,1.000000020040877343e+20,1.000000020040877343e+20,1.000000020040877343e+20,1.000000020040877343e+20,1.000000020040877343e+20,1.000000020040877343e+20,1.000000020040877343e+20,1.000000020040877343e+20,1.000000020040877343e+20,1.000000020040877343e+20,1.000000020040877343e+20,1.000000020040877343e+20,1.000000020040877343e+20,1.000000020040877343e+20,1.000000020040877343e+20,1.000000020040877343e+20,1.000000020040877343e+20,1.000000020040877343e+20,1.000000020040877343e+20,1.000000020040877343e+20,1.000000020040877343e+20,1.000000020040877343e+20,1.000000020040877343e+20,1.000000020040877343e+20,1.000000020040877343e+20,1.000000020040877343e+20,1.000000020040877343e+20,1.000000020040877343e+20,1.000000020040877343e+20,1.000000020040877343e+20,1.000000020040877343e+20,2.611000061035156250e+01,2.617000198364257812e+01,1.000000020040877343e+20,1.000000020040877343e+20,1.000000020040877343e+20,1.000000020040877343e+20,1.000000020040877343e+20,1.000000020040877343e+20,1.000000020040877343e+20,1.000000020040877343e+20,1.000000020040877343e+20,1.000000020040877343e+20,1.000000020040877343e+20,1.000000020040877343e+20,1.000000020040877343e+20,2.931300163269042969e+01,2.961300086975097656e+01,2.994500160217285156e+01,3.012000083923339844e+01,1.000000020040877343e+20,1.000000020040877343e+20,1.000000020040877343e+20,1.000000020040877343e+20,1.000000020040877343e+20,1.000000020040877343e+20,1.000000020040877343e+20,1.000000020040877343e+20,1.000000020040877343e+20,1.000000020040877343e+20,1.000000020040877343e+20,1.000000020040877343e+20,1.000000020040877343e+20,1.000000020040877343e+20,1.000000020040877343e+20,1.000000020040877343e+20,1.000000020040877343e+20,1.000000020040877343e+20,1.000000020040877343e+20,1.000000020040877343e+20,1.000000020040877343e+20,1.000000020040877343e+20,1.000000020040877343e+20,1.000000020040877343e+20,1.000000020040877343e+20,1.000000020040877343e+20,1.000000020040877343e+20,1.000000020040877343e+20,1.000000020040877343e+20,1.000000020040877343e+20,1.000000020040877343e+20,1.000000020040877343e+20,1.000000020040877343e+20,1.000000020040877343e+20,1.000000020040877343e+20,1.000000020040877343e+20,1.000000020040877343e+20,1.000000020040877343e+20,1.000000020040877343e+20,1.000000020040877343e+20,1.000000020040877343e+20,1.000000020040877343e+20,1.000000020040877343e+20,1.000000020040877343e+20,1.000000020040877343e+20,1.000000020040877343e+20,1.000000020040877343e+20,1.000000020040877343e+20,1.000000020040877343e+20,1.000000020040877343e+20,1.000000020040877343e+20,1.000000020040877343e+20,1.000000020040877343e+20,1.000000020040877343e+20,1.000000020040877343e+20,1.000000020040877343e+20,1.000000020040877343e+20,1.000000020040877343e+20,1.000000020040877343e+20,1.000000020040877343e+20,1.000000020040877343e+20,1.000000020040877343e+20,1.000000020040877343e+20,1.000000020040877343e+20,1.000000020040877343e+20,1.000000020040877343e+20,1.000000020040877343e+20,1.000000020040877343e+20,2.480000114440917969e+01,2.499300193786621094e+01,2.527500152587890625e+01,2.560000038146972656e+01,2.592300033569335938e+01,2.617300033569335938e+01,2.622500038146972656e+01,2.607300186157226562e+01,2.588000106811523438e+01,2.564000129699707031e+01,2.533300209045410156e+01,2.506300163269042969e+01,2.495500183105468750e+01,2.488300132751464844e+01,2.475800132751464844e+01,2.469500160217285156e+01,2.471300125122070312e+01,2.480300140380859375e+01,2.491300201416015625e+01,2.496000099182128906e+01,2.495500183105468750e+01,2.501800155639648438e+01,2.504000091552734375e+01,2.519300079345703125e+01,2.533800125122070312e+01,2.540300178527832031e+01,2.548300170898437500e+01,2.559800148010253906e+01,2.571800041198730469e+01,2.585800170898437500e+01,2.595300102233886719e+01,2.604500198364257812e+01,2.614300155639648438e+01,2.623300170898437500e+01,2.623300170898437500e+01,2.617300033569335938e+01,2.617300033569335938e+01,2.606300163269042969e+01,2.599300193786621094e+01,2.589300155639648438e+01,2.579500198364257812e+01,2.576300048828125000e+01,2.572500038146972656e+01,2.569800186157226562e+01,2.567300033569335938e+01,2.564800071716308594e+01,2.562300109863281250e+01,2.553000068664550781e+01,2.543000030517578125e+01,2.532500076293945312e+01,2.521500205993652344e+01,2.509300041198730469e+01,2.502300071716308594e+01,2.496500205993652344e+01,2.493300056457519531e+01,2.492000198364257812e+01,2.492500114440917969e+01,2.485000038146972656e+01,2.475500106811523438e+01,2.468800163269042969e+01,2.462300109863281250e+01,2.456000137329101562e+01,2.450500106811523438e+01,2.448500061035156250e+01,2.443000030517578125e+01,2.433300209045410156e+01,2.424300193786621094e+01,2.406000137329101562e+01,2.394000053405761719e+01,2.384000205993652344e+01,2.383500099182128906e+01,2.381800079345703125e+01,2.382500076293945312e+01,2.379300117492675781e+01,2.373800086975097656e+01,2.368300056457519531e+01,2.368800163269042969e+01,2.367800140380859375e+01,2.363000106811523438e+01,2.357300186157226562e+01,2.347300148010253906e+01,2.338500022888183594e+01,2.331300163269042969e+01,2.325300025939941406e+01,2.325500106811523438e+01,2.321500015258789062e+01,2.318800163269042969e+01,2.308300018310546875e+01,2.296300125122070312e+01,2.280300140380859375e+01,2.261800193786621094e+01,2.247000122070312500e+01,2.234000015258789062e+01,2.222500038146972656e+01,2.214800071716308594e+01,2.206800079345703125e+01,2.199000167846679688e+01,2.188000106811523438e+01,2.176300048828125000e+01,2.162500190734863281e+01,2.150800132751464844e+01,2.143000030517578125e+01,2.133800125122070312e+01,2.127000045776367188e+01,2.117500114440917969e+01,2.109300041198730469e+01,2.104800033569335938e+01,2.099300193786621094e+01,2.097300148010253906e+01,2.089800071716308594e+01,2.088000106811523438e+01,2.085500144958496094e+01,2.086000061035156250e+01,2.080300140380859375e+01,2.067500114440917969e+01,2.040000152587890625e+01,2.009000015258789062e+01,1.972300148010253906e+01,1.940800094604492188e+01,1.916300010681152344e+01,1.893000030517578125e+01,1.870800018310546875e+01,1.858500099182128906e+01,1.860300064086914062e+01,1.868000030517578125e+01,1.000000020040877343e+20,2.314300155639648438e+01,2.392800140380859375e+01,2.488800048828125000e+01,1.000000020040877343e+20,1.000000020040877343e+20,1.000000020040877343e+20,1.000000020040877343e+20,1.000000020040877343e+20,1.000000020040877343e+20,1.000000020040877343e+20,1.000000020040877343e+20,1.000000020040877343e+20,1.000000020040877343e+20,1.000000020040877343e+20,1.000000020040877343e+20,1.000000020040877343e+20,2.758000183105468750e+01,2.752300071716308594e+01,2.752500152587890625e+01,2.754000091552734375e+01,2.755800056457519531e+01,2.758800125122070312e+01,2.763000106811523438e+01,2.771300125122070312e+01,2.785500144958496094e+01,2.806800079345703125e+01,2.833000183105468750e+01,2.854500198364257812e+01,2.865300178527832031e+01,2.864300155639648438e+01,2.857500076293945312e+01,1.000000020040877343e+20,1.000000020040877343e+20,2.773500061035156250e+01,2.763500213623046875e+01,2.740000152587890625e+01,2.705500221252441406e+01,2.678000068664550781e+01,2.660300064086914062e+01,2.642500114440917969e+01,2.625500106811523438e+01,2.597300148010253906e+01,2.574000167846679688e+01,2.567500114440917969e+01,2.562300109863281250e+01,2.559000205993652344e+01,2.567300033569335938e+01,2.583800125122070312e+01,2.594300079345703125e+01,2.605300140380859375e+01,2.599300193786621094e+01,2.594800186157226562e+01,2.587300109863281250e+01,2.590000152587890625e+01,2.598000144958496094e+01,2.600300216674804688e+01,2.602500152587890625e+01,2.589800071716308594e+01,2.581000137329101562e+01,2.568500137329101562e+01,2.556800079345703125e+01,2.548300170898437500e+01,2.551800155639648438e+01,2.556500053405761719e+01,2.565500068664550781e+01,2.571800041198730469e+01,2.572000122070312500e+01,2.567000198364257812e+01,2.560300064086914062e+01,2.545800209045410156e+01,2.529800033569335938e+01,2.517500114440917969e+01,2.509800148010253906e+01,2.500800132751464844e+01,2.491800117492675781e+01,2.471300125122070312e+01,2.449500083923339844e+01,2.429300117492675781e+01,2.414000129699707031e+01,2.400500106811523438e+01,2.391500091552734375e+01,2.373300170898437500e+01,2.346800041198730469e+01,2.322300148010253906e+01,2.290000152587890625e+01,2.256500053405761719e+01,2.222000122070312500e+01,2.192500114440917969e+01,2.174500083923339844e+01,2.162800025939941406e+01,2.157800102233886719e+01,2.149000167846679688e+01,2.142500114440917969e+01,2.129300117492675781e+01,2.110300064086914062e+01,2.082300186157226562e+01,2.045000076293945312e+01,2.005000114440917969e+01,1.969000053405761719e+01,1.942800140380859375e+01,1.000000020040877343e+20,1.000000020040877343e+20,1.000000020040877343e+20,1.000000020040877343e+20,1.000000020040877343e+20,1.000000020040877343e+20,1.000000020040877343e+20,1.000000020040877343e+20,1.000000020040877343e+20,1.000000020040877343e+20,1.000000020040877343e+20,1.000000020040877343e+20,1.000000020040877343e+20
1.000000020040877343e+20,1.000000020040877343e+20,1.000000020040877343e+20,1.000000020040877343e+20,1.000000020040877343e+20,1.000000020040877343e+20,1.000000020040877343e+20,1.000000020040877343e+20,1.000000020040877343e+20,1.000000020040877343e+20,1.000000020040877343e+20,1.000000020040877343e+20,1.000000020040877343e+20,1.000000020040877343e+20,1.000000020040877343e+20,1.000000020040877343e+20,1.000000020040877343e+20,1.000000020040877343e+20,1.000000020040877343e+20,1.000000020040877343e+20,1.000000020040877343e+20,1.000000020040877343e+20,1.000000020040877343e+20,1.000000020040877343e+20,1.000000020040877343e+20,1.000000020040877343e+20,1.000000020040877343e+20,1.000000020040877343e+20,1.000000020040877343e+20,1.000000020040877343e+20,1.000000020040877343e+20,1.000000020040877343e+20,1.000000020040877343e+20,1.000000020040877343e+20,2.654800033569335938e+01,2.663800048828125000e+01,1.000000020040877343e+20,1.000000020040877343e+20,1.000000020040877343e+20,1.000000020040877343e+20,1.000000020040877343e+20,1.000000020040877343e+20,1.000000020040877343e+20,1.000000020040877343e+20,1.000000020040877343e+20,1.000000020040877343e+20,1.000000020040877343e+20,1.000000020040877343e+20,1.000000020040877343e+20,1.000000020040877343e+20,2.987000083923339844e+01,3.002500152587890625e+01,3.025500106811523438e+01,3.070300102233886719e+01,3.098500061035156250e+01,3.122800064086914062e+01,3.143500137329101562e+01,1.000000020040877343e+20,1.000000020040877343e+20,1.000000020040877343e+20,1.000000020040877343e+20,1.000000020040877343e+20,1.000000020040877343e+20,1.000000020040877343e+20,1.000000020040877343e+20,1.000000020040877343e+20,1.000000020040877343e+20,1.000000020040877343e+20,1.000000020040877343e+20,1.000000020040877343e+20,1.000000020040877343e+20,1.000000020040877343e+20,1.000000020040877343e+20,1.000000020040877343e+20,1.000000020040877343e+20,1.000000020040877343e+20,1.000000020040877343e+20,1.000000020040877343e+20,1.000000020040877343e+20,1.000000020040877343e+20,1.000000020040877343e+20,1.000000020040877343e+20,1.000000020040877343e+20,1.000000020040877343e+20,1.000000020040877343e+20,1.000000020040877343e+20,1.000000020040877343e+20,1.000000020040877343e+20,1.000000020040877343e+20,1.000000020040877343e+20,1.000000020040877343e+20,1.000000020040877343e+20,1.000000020040877343e+20,1.000000020040877343e+20,1.000000020040877343e+20,1.000000020040877343e+20,1.000000020040877343e+20,1.000000020040877343e+20,1.000000020040877343e+20,1.000000020040877343e+20,1.000000020040877343e+20,1.000000020040877343e+20,1.000000020040877343e+20,1.000000020040877343e+20,1.000000020040877343e+20,1.000000020040877343e+20,1.000000020040877343e+20,1.000000020040877343e+20,1.000000020040877343e+20,1.000000020040877343e+20,1.000000020040877343e+20,1.000000020040877343e+20,1.000000020040877343e+20,1.000000020040877343e+20,1.000000020040877343e+20,1.000000020040877343e+20,1.000000020040877343e+20,1.000000020040877343e+20,1.000000020040877343e+20,1.000000020040877343e+20,2.570800209045410156e+01,2.565500068664550781e+01,2.593500137329101562e+01,2.620300102233886719e+01,2.641800117492675781e+01,2.655500221252441406e+01,2.659800148010253906e+01,2.650000190734863281e+01,2.638300132751464844e+01,2.621000099182128906e+01,2.598500061035156250e+01,2.575300216674804688e+01,2.556500053405761719e+01,2.549000167846679688e+01,2.541300201416015625e+01,2.548000144958496094e+01,2.567000198364257812e+01,2.589800071716308594e+01,2.619800186157226562e+01,2.632000160217285156e+01,2.631500053405761719e+01,2.619500160217285156e+01,2.611000061035156250e+01,2.605300140380859375e+01,2.604500198364257812e+01,2.607500076293945312e+01,2.610300064086914062e+01,2.619000053405761719e+01,2.635300064086914062e+01,2.649800109863281250e+01,2.667300033569335938e+01,2.677000045776367188e+01,2.685800170898437500e+01,2.696000099182128906e+01,2.708000183105468750e+01,2.702300071716308594e+01,2.696800041198730469e+01,2.684800148010253906e+01,2.677500152587890625e+01,2.677000045776367188e+01,2.672500038146972656e+01,2.665000152587890625e+01,2.665300178527832031e+01,2.669500160217285156e+01,2.669000053405761719e+01,2.661500167846679688e+01,2.654000091552734375e+01,2.646800041198730469e+01,2.642500114440917969e+01,2.635300064086914062e+01,2.624500083923339844e+01,2.611500167846679688e+01,2.597000122070312500e+01,2.586300086975097656e+01,2.578800201416015625e+01,2.578000068664550781e+01,2.576800155639648438e+01,2.574800109863281250e+01,2.568500137329101562e+01,2.558800125122070312e+01,2.554800033569335938e+01,2.550800132751464844e+01,2.546000099182128906e+01,2.540500068664550781e+01,2.533300209045410156e+01,2.519000053405761719e+01,2.500500106811523438e+01,2.482300186157226562e+01,2.465000152587890625e+01,2.450800132751464844e+01,2.440800094604492188e+01,2.433000183105468750e+01,2.427800178527832031e+01,2.422300148010253906e+01,2.418300056457519531e+01,2.411800193786621094e+01,2.407300186157226562e+01,2.405300140380859375e+01,2.407000160217285156e+01,2.406800079345703125e+01,2.403800201416015625e+01,2.397800064086914062e+01,2.390000152587890625e+01,2.384500122070312500e+01,2.383000183105468750e+01,2.381300163269042969e+01,2.378000068664550781e+01,2.370800018310546875e+01,2.359300041198730469e+01,2.344300079345703125e+01,2.323000144958496094e+01,2.307000160217285156e+01,2.295500183105468750e+01,2.287300109863281250e+01,2.279800033569335938e+01,2.272800064086914062e+01,2.264800071716308594e+01,2.256800079345703125e+01,2.248300170898437500e+01,2.235000038146972656e+01,2.221300125122070312e+01,2.202000045776367188e+01,2.189000129699707031e+01,2.180000114440917969e+01,2.173500061035156250e+01,2.162800025939941406e+01,2.156800079345703125e+01,2.145500183105468750e+01,2.136800193786621094e+01,2.126500129699707031e+01,2.117000007629394531e+01,2.106800079345703125e+01,2.102500152587890625e+01,2.101800155639648438e+01,2.104000091552734375e+01,2.100000190734863281e+01,2.088500022888183594e+01,2.068000030517578125e+01,2.039000129699707031e+01,2.003000068664550781e+01,1.974300003051757812e+01,1.949300003051757812e+01,1.923000144958496094e+01,1.906000137329101562e+01,1.897000122070312500e+01,1.905000114440917969e+01,1.936800003051757812e+01,1.000000020040877343e+20,2.427300071716308594e+01,2.508800125122070312e+01,2.560500144958496094e+01,1.000000020040877343e+20,1.000000020040877343e+20,1.000000020040877343e+20,1.000000020040877343e+20,1.000000020040877343e+20,1.000000020040877343e+20,1.000000020040877343e+20,1.000000020040877343e+20,1.000000020040877343e+20,1.000000020040877343e+20,1.000000020040877343e+20,1.000000020040877343e+20,2.753300094604492188e+01,2.742800140380859375e+01,2.744000053405761719e+01,2.751300048828125000e+01,2.758000183105468750e+01,2.763300132751464844e+01,2.766500091552734375e+01,2.769800186157226562e+01,2.779000091552734375e+01,2.796300125122070312e+01,2.820500183105468750e+01,2.842500114440917969e+01,2.851800155639648438e+01,2.849500083923339844e+01,2.842300224304199219e+01,1.000000020040877343e+20,1.000000020040877343e+20,2.779300117492675781e+01,2.769800186157226562e+01,2.744500160217285156e+01,2.717000198364257812e+01,2.696300125122070312e+01,2.684300041198730469e+01,2.671500205993652344e+01,2.658500099182128906e+01,2.641300201416015625e+01,2.627000045776367188e+01,2.624300193786621094e+01,2.627000045776367188e+01,2.623800086975097656e+01,2.633500099182128906e+01,2.644800186157226562e+01,2.652000045776367188e+01,2.648800086975097656e+01,2.643000030517578125e+01,2.638000106811523438e+01,2.626500129699707031e+01,2.623000144958496094e+01,2.625800132751464844e+01,2.633800125122070312e+01,2.629800033569335938e+01,2.625000190734863281e+01,2.615500068664550781e+01,2.605000114440917969e+01,2.594300079345703125e+01,2.588800048828125000e+01,2.591800117492675781e+01,2.601000213623046875e+01,2.611500167846679688e+01,2.614500045776367188e+01,2.611500167846679688e+01,2.599000167846679688e+01,2.581800079345703125e+01,2.559800148010253906e+01,2.539800071716308594e+01,2.524500083923339844e+01,2.512300109863281250e+01,2.501500129699707031e+01,2.489300155639648438e+01,2.467800140380859375e+01,2.446500205993652344e+01,2.433800125122070312e+01,2.431500053405761719e+01,2.418300056457519531e+01,2.395300102233886719e+01,2.366300201416015625e+01,2.335300064086914062e+01,2.312800025939941406e+01,2.289000129699707031e+01,2.259500122070312500e+01,2.229300117492675781e+01,2.205300140380859375e+01,2.198800086975097656e+01,2.196300125122070312e+01,2.187800025939941406e+01,2.174800109863281250e+01,2.160500144958496094e+01,2.144300079345703125e+01,2.120300102233886719e+01,2.084000015258789062e+01,2.038000106811523438e+01,1.995800018310546875e+01,1.969300079345703125e+01,1.000000020040877343e+20,1.000000020040877343e+20,1.000000020040877343e+20,1.000000020040877343e+20,1.000000020040877343e+20,1.000000020040877343e+20,1.000000020040877343e+20,1.000000020040877343e+20,1.000000020040877343e+20,1.000000020040877343e+20,1.000000020040877343e+20,1.000000020040877343e+20,1.000000020040877343e+20,1.000000020040877343e+20
1.000000020040877343e+20,1.000000020040877343e+20,1.000000020040877343e+20,1.000000020040877343e+20,1.000000020040877343e+20,1.000000020040877343e+20,1.000000020040877343e+20,1.000000020040877343e+20,1.000000020040877343e+20,1.000000020040877343e+20,1.000000020040877343e+20,1.000000020040877343e+20,1.000000020040877343e+20,1.000000020040877343e+20,1.000000020040877343e+20,1.000000020040877343e+20,1.000000020040877343e+20,1.000000020040877343e+20,1.000000020040877343e+20,1.000000020040877343e+20,1.000000020040877343e+20,1.000000020040877343e+20,1.000000020040877343e+20,1.000000020040877343e+20,1.000000020040877343e+20,1.000000020040877343e+20,1.000000020040877343e+20,1.000000020040877343e+20,1.000000020040877343e+20,1.000000020040877343e+20,1.000000020040877343e+20,1.000000020040877343e+20,1.000000020040877343e+20,1.000000020040877343e+20,2.685000038146972656e+01,2.732300186157226562e+01,2.786300086975097656e+01,1.000000020040877343e+20,1.000000020040877343e+20,1.000000020040877343e+20,1.000000020040877343e+20,1.000000020040877343e+20,1.000000020040877343e+20,1.000000020040877343e+20,1.000000020040877343e+20,1.000000020040877343e+20,1.000000020040877343e+20,1.000000020040877343e+20,1.000000020040877343e+20,1.000000020040877343e+20,2.990000152587890625e+01,3.005300140380859375e+01,3.053500175476074219e+01,3.080800056457519531e+01,3.108000183105468750e+01,3.122800064086914062e+01,3.149000167846679688e+01,3.193000221252441406e+01,3.178800201416015625e+01,3.155500221252441406e+01,1.000000020040877343e+20,1.000000020040877343e+20,1.000000020040877343e+20,1.000000020040877343e+20,1.000000020040877343e+20,1.000000020040877343e+20,1.000000020040877343e+20,1.000000020040877343e+20,1.000000020040877343e+20,1.000000020040877343e+20,1.000000020040877343e+20,1.000000020040877343e+20,1.000000020040877343e+20,1.000000020040877343e+20,1.000000020040877343e+20,1.000000020040877343e+20,1.000000020040877343e+20,1.000000020040877343e+20,1.000000020040877343e+20,1.000000020040877343e+20,1.000000020040877343e+20,1.000000020040877343e+20,1.000000020040877343e+20,1.000000020040877343e+20,1.000000020040877343e+20,1.000000020040877343e+20,1.000000020040877343e+20,1.000000020040877343e+20,1.000000020040877343e+20,1.000000020040877343e+20,1.000000020040877343e+20,1.000000020040877343e+20,1.000000020040877343e+20,1.000000020040877343e+20,1.000000020040877343e+20,1.000000020040877343e+20,1.000000020040877343e+20,1.000000020040877343e+20,1.000000020040877343e+20,1.000000020040877343e+20,1.000000020040877343e+20,1.000000020040877343e+20,1.000000020040877343e+20,1.000000020040877343e+20,1.000000020040877343e+20,1.000000020040877343e+20,1.000000020040877343e+20,1.000000020040877343e+20,1.000000020040877343e+20,1.000000020040877343e+20,1.000000020040877343e+20,1.000000020040877343e+20,1.000000020040877343e+20,1.000000020040877343e+20,1.000000020040877343e+20,1.000000020040877343e+20,1.000000020040877343e+20,1.000000020040877343e+20,1.000000020040877343e+20,2.612800216674804688e+01,2.585000038146972656e+01,2.601800155639648438e+01,2.669000053405761719e+01,2.689300155639648438e+01,2.693000221252441406e+01,2.686800193786621094e+01,2.674800109863281250e+01,2.662500190734863281e+01,2.657500076293945312e+01,2.651800155639648438e+01,2.638500213623046875e+01,2.626800155639648438e+01,2.613800048828125000e+01,2.613500213623046875e+01,2.624500083923339844e+01,2.641800117492675781e+01,2.670500183105468750e+01,2.703500175476074219e+01,2.729300117492675781e+01,2.741800117492675781e+01,2.733300209045410156e+01,2.711800193786621094e+01,2.694300079345703125e+01,2.683500099182128906e+01,2.688000106811523438e+01,2.692500114440917969e+01,2.701300048828125000e+01,2.713500213623046875e+01,2.722500038146972656e+01,2.731500053405761719e+01,2.736000061035156250e+01,2.744800186157226562e+01,2.745800209045410156e+01,2.752500152587890625e+01,2.761300086975097656e+01,2.766800117492675781e+01,2.759300041198730469e+01,2.757500076293945312e+01,2.757300186157226562e+01,2.745500183105468750e+01,2.742300224304199219e+01,2.734800148010253906e+01,2.733800125122070312e+01,2.729000091552734375e+01,2.724800109863281250e+01,2.724500083923339844e+01,2.719300079345703125e+01,2.713800048828125000e+01,2.704300117492675781e+01,2.698300170898437500e+01,2.687800216674804688e+01,2.673000144958496094e+01,2.659800148010253906e+01,2.649300193786621094e+01,2.644500160217285156e+01,2.638000106811523438e+01,2.636500167846679688e+01,2.633300209045410156e+01,2.627000045776367188e+01,2.620000076293945312e+01,2.616500091552734375e+01,2.608800125122070312e+01,2.600800132751464844e+01,2.596300125122070312e+01,2.586000061035156250e+01,2.572800064086914062e+01,2.555500030517578125e+01,2.542800140380859375e+01,2.529300117492675781e+01,2.515800094604492188e+01,2.502000045776367188e+01,2.489500045776367188e+01,2.480000114440917969e+01,2.468300056457519531e+01,2.460500144958496094e+01,2.456000137329101562e+01,2.453300094604492188e+01,2.452300071716308594e+01,2.454800033569335938e+01,2.456300163269042969e+01,2.453800201416015625e+01,2.445500183105468750e+01,2.439300155639648438e+01,2.433500099182128906e+01,2.429000091552734375e+01,2.424300193786621094e+01,2.416000175476074219e+01,2.407500076293945312e+01,2.393300056457519531e+01,2.378000068664550781e+01,2.362300109863281250e+01,2.350800132751464844e+01,2.342300033569335938e+01,2.335500144958496094e+01,2.329000091552734375e+01,2.320800018310546875e+01,2.311500167846679688e+01,2.302000045776367188e+01,2.290500068664550781e+01,2.278500175476074219e+01,2.261000061035156250e+01,2.246300125122070312e+01,2.232800102233886719e+01,2.224500083923339844e+01,2.216000175476074219e+01,2.209500122070312500e+01,2.201800155639648438e+01,2.189000129699707031e+01,2.172500038146972656e+01,2.158800125122070312e+01,2.146300125122070312e+01,2.136000061035156250e+01,2.134300041198730469e+01,2.129000091552734375e+01,2.134000015258789062e+01,2.138300132751464844e+01,2.135300064086914062e+01,2.120000076293945312e+01,2.091500091552734375e+01,2.060300064086914062e+01,2.029500007629394531e+01,2.006000137329101562e+01,1.986500167846679688e+01,1.972500038146972656e+01,1.960000038146972656e+01,1.960500144958496094e+01,1.967800140380859375e+01,1.965800094604492188e+01,1.000000020040877343e+20,2.528300094604492188e+01,2.561800193786621094e+01,1.000000020040877343e+20,1.000000020040877343e+20,1.000000020040877343e+20,1.000000020040877343e+20,1.000000020040877343e+20,1.000000020040877343e+20,1.000000020040877343e+20,1.000000020040877343e+20,1.000000020040877343e+20,1.000000020040877343e+20,1.000000020040877343e+20,1.000000020040877343e+20,2.749300193786621094e+01,2.745000076293945312e+01,2.751000213623046875e+01,2.762500190734863281e+01,2.772500038146972656e+01,2.783500099182128906e+01,2.785500144958496094e+01,2.786800193786621094e+01,2.790300178527832031e+01,2.801000213623046875e+01,2.817500114440917969e+01,2.831500053405761719e+01,2.838300132751464844e+01,2.842000198364257812e+01,2.837000083923339844e+01,2.851500129699707031e+01,1.000000020040877343e+20,2.786500167846679688e+01,2.773800086975097656e+01,2.757500076293945312e+01,2.744500160217285156e+01,2.733800125122070312e+01,2.725000190734863281e+01,2.714500045776367188e+01,2.707000160217285156e+01,2.695800209045410156e+01,2.690500068664550781e+01,2.689800071716308594e+01,2.687500190734863281e+01,2.682800102233886719e+01,2.681800079345703125e+01,2.681800079345703125e+01,2.681000137329101562e+01,2.675800132751464844e+01,2.669800186157226562e+01,2.660300064086914062e+01,2.659000205993652344e+01,2.655800056457519531e+01,2.660300064086914062e+01,2.666000175476074219e+01,2.666000175476074219e+01,2.663000106811523438e+01,2.652300071716308594e+01,2.640500068664550781e+01,2.626000213623046875e+01,2.615000152587890625e+01,2.615000152587890625e+01,2.620800209045410156e+01,2.630300140380859375e+01,2.633000183105468750e+01,2.628500175476074219e+01,2.612300109863281250e+01,2.590000152587890625e+01,2.563500213623046875e+01,2.541300201416015625e+01,2.518300056457519531e+01,2.501000213623046875e+01,2.488300132751464844e+01,2.474300193786621094e+01,2.463300132751464844e+01,2.451800155639648438e+01,2.451300048828125000e+01,2.442800140380859375e+01,2.417800140380859375e+01,2.382500076293945312e+01,2.344500160217285156e+01,2.318800163269042969e+01,2.296300125122070312e+01,2.280300140380859375e+01,2.261000061035156250e+01,2.245000076293945312e+01,2.235500144958496094e+01,2.232800102233886719e+01,2.225800132751464844e+01,2.209500122070312500e+01,2.190300178527832031e+01,2.172800064086914062e+01,2.146800041198730469e+01,2.109800148010253906e+01,2.059800148010253906e+01,2.012000083923339844e+01,1.978300094604492188e+01,1.000000020040877343e+20,1.000000020040877343e+20,1.000000020040877343e+20,1.000000020040877343e+20,1.000000020040877343e+20,1.000000020040877343e+20,1.000000020040877343e+20,1.000000020040877343e+20,1.000000020040877343e+20,1.000000020040877343e+20,1.000000020040877343e+20,1.000000020040877343e+20,1.000000020040877343e+20,1.000000020040877343e+20,1.000000020040877343e+20
1.000000020040877343e+20,1.000000020040877343e+20,1.000000020040877343e+20,1.000000020040877343e+20,1.000000020040877343e+20,1.000000020040877343e+20,1.000000020040877343e+20,1.000000020040877343e+20,1.000000020040877343e+20,1.000000020040877343e+20,1.000000020040877343e+20,1.000000020040877343e+20,1.000000020040877343e+20,1.000000020040877343e+20,1.000000020040877343e+20,1.000000020040877343e+20,1.000000020040877343e+20,1.000000020040877343e+20,1.000000020040877343e+20,1.000000020040877343e+20,1.000000020040877343e+20,1.000000020040877343e+20,1.000000020040877343e+20,1.000000020040877343e+20,1.000000020040877343e+20,1.000000020040877343e+20,1.000000020040877343e+20,1.000000020040877343e+20,1.000000020040877343e+20,1.000000020040877343e+20,1.000000020040877343e+20,1.000000020040877343e+20,1.000000020040877343e+20,1.000000020040877343e+20,1.000000020040877343e+20,2.783000183105468750e+01,2.805500221252441406e+01,2.848300170898437500e+01,1.000000020040877343e+20,1.000000020040877343e+20,1.000000020040877343e+20,1.000000020040877343e+20,1.000000020040877343e+20,1.000000020040877343e+20,1.000000020040877343e+20,1.000000020040877343e+20,1.000000020040877343e+20,1.000000020040877343e+20,1.000000020040877343e+20,1.000000020040877343e+20,1.000000020040877343e+20,1.000000020040877343e+20,3.061000061035156250e+01,3.083500099182128906e+01,3.105300140380859375e+01,1.000000020040877343e+20,1.000000020040877343e+20,3.183800125122070312e+01,3.159800148010253906e+01,3.125300216674804688e+01,3.065500068664550781e+01,3.026800155639648438e+01,3.002500152587890625e+01,2.983500099182128906e+01,2.970300102233886719e+01,2.958500099182128906e+01,2.950300216674804688e+01,1.000000020040877343e+20,1.000000020040877343e+20,1.000000020040877343e+20,1.000000020040877343e+20,1.000000020040877343e+20,1.000000020040877343e+20,1.000000020040877343e+20,1.000000020040877343e+20,1.000000020040877343e+20,1.000000020040877343e+20,1.000000020040877343e+20,1.000000020040877343e+20,1.000000020040877343e+20,1.000000020040877343e+20,1.000000020040877343e+20,1.000000020040877343e+20,1.000000020040877343e+20,1.000000020040877343e+20,1.000000020040877343e+20,1.000000020040877343e+20,1.000000020040877343e+20,1.000000020040877343e+20,1.000000020040877343e+20,1.000000020040877343e+20,1.000000020040877343e+20,1.000000020040877343e+20,1.000000020040877343e+20,1.000000020040877343e+20,1.000000020040877343e+20,1.000000020040877343e+20,1.000000020040877343e+20,1.000000020040877343e+20,1.000000020040877343e+20,1.000000020040877343e+20,1.000000020040877343e+20,1.000000020040877343e+20,1.000000020040877343e+20,1.000000020040877343e+20,1.000000020040877343e+20,1.000000020040877343e+20,1.000000020040877343e+20,1.000000020040877343e+20,1.000000020040877343e+20,1.000000020040877343e+20,1.000000020040877343e+20,1.000000020040877343e+20,1.000000020040877343e+20,1.000000020040877343e+20,1.000000020040877343e+20,1.000000020040877343e+20,1.000000020040877343e+20,2.601300048828125000e+01,2.614300155639648438e+01,2.616500091552734375e+01,1.000000020040877343e+20,2.734300041198730469e+01,2.744300079345703125e+01,2.739800071716308594e+01,2.723500061035156250e+01,2.708500099182128906e+01,2.698500061035156250e+01,2.689000129699707031e+01,2.682800102233886719e+01,2.680000114440917969e+01,2.678800201416015625e+01,2.676300048828125000e+01,2.690500068664550781e+01,2.714300155639648438e+01,2.743000221252441406e+01,2.772800064086914062e+01,2.792500114440917969e+01,2.805500221252441406e+01,2.800300216674804688e+01,2.784300041198730469e+01,2.767500114440917969e+01,2.755500221252441406e+01,2.755000114440917969e+01,2.760500144958496094e+01,2.775300216674804688e+01,2.789300155639648438e+01,2.797500038146972656e+01,2.803000068664550781e+01,2.807500076293945312e+01,2.811000061035156250e+01,2.813300132751464844e+01,2.811800193786621094e+01,2.817300224304199219e+01,2.822000122070312500e+01,2.826300048828125000e+01,2.826300048828125000e+01,2.820800209045410156e+01,2.814000129699707031e+01,2.803000068664550781e+01,2.790300178527832031e+01,2.782300186157226562e+01,2.776000213623046875e+01,2.771800041198730469e+01,2.768300056457519531e+01,2.762500190734863281e+01,2.758300209045410156e+01,2.751800155639648438e+01,2.747000122070312500e+01,2.738000106811523438e+01,2.726000213623046875e+01,2.708300209045410156e+01,2.695800209045410156e+01,2.685500144958496094e+01,2.680800056457519531e+01,2.673000144958496094e+01,2.671500205993652344e+01,2.669000053405761719e+01,2.665300178527832031e+01,2.659300041198730469e+01,2.653300094604492188e+01,2.645500183105468750e+01,2.635500144958496094e+01,2.627300071716308594e+01,2.619300079345703125e+01,2.613300132751464844e+01,2.602000045776367188e+01,2.589000129699707031e+01,2.577000045776367188e+01,2.565800094604492188e+01,2.553500175476074219e+01,2.542300033569335938e+01,2.531800079345703125e+01,2.520500183105468750e+01,2.514300155639648438e+01,2.506500053405761719e+01,2.503800201416015625e+01,2.502500152587890625e+01,2.504000091552734375e+01,2.503000068664550781e+01,2.498300170898437500e+01,2.492000198364257812e+01,2.481500053405761719e+01,2.469800186157226562e+01,2.459300041198730469e+01,2.452800178527832031e+01,2.444800186157226562e+01,2.435000038146972656e+01,2.423800086975097656e+01,2.411000061035156250e+01,2.399300193786621094e+01,2.390800094604492188e+01,2.384500122070312500e+01,2.377000045776367188e+01,2.370800018310546875e+01,2.363000106811523438e+01,2.352300071716308594e+01,2.338800048828125000e+01,2.324000167846679688e+01,2.311800193786621094e+01,2.302000045776367188e+01,2.290500068664550781e+01,2.277000045776367188e+01,2.263300132751464844e+01,2.256500053405761719e+01,2.241500091552734375e+01,2.232500076293945312e+01,2.222500038146972656e+01,2.206800079345703125e+01,2.190500068664550781e+01,2.180800056457519531e+01,2.171300125122070312e+01,2.166800117492675781e+01,2.162300109863281250e+01,2.164800071716308594e+01,2.169500160217285156e+01,2.168500137329101562e+01,2.156800079345703125e+01,2.138800048828125000e+01,2.111300086975097656e+01,2.082500076293945312e+01,2.055000114440917969e+01,2.036500167846679688e+01,2.025300025939941406e+01,2.015500068664550781e+01,2.008500099182128906e+01,2.002000045776367188e+01,2.001500129699707031e+01,1.000000020040877343e+20,2.467300033569335938e+01,2.538500213623046875e+01,2.621000099182128906e+01,1.000000020040877343e+20,1.000000020040877343e+20,1.000000020040877343e+20,1.000000020040877343e+20,1.000000020040877343e+20,1.000000020040877343e+20,1.000000020040877343e+20,1.000000020040877343e+20,1.000000020040877343e+20,1.000000020040877343e+20,2.772500038146972656e+01,2.760800170898437500e+01,2.761000061035156250e+01,2.765800094604492188e+01,2.771500205993652344e+01,2.777000045776367188e+01,2.786500167846679688e+01,2.790800094604492188e+01,2.793000221252441406e+01,2.798000144958496094e+01,2.807800102233886719e+01,2.822800064086914062e+01,2.835800170898437500e+01,2.847500228881835938e+01,2.852000045776367188e+01,2.851000213623046875e+01,2.849300193786621094e+01,2.843800163269042969e+01,2.804000091552734375e+01,2.788500213623046875e+01,2.777000045776367188e+01,2.763000106811523438e+01,2.751800155639648438e+01,2.736500167846679688e+01,2.726500129699707031e+01,2.725500106811523438e+01,2.724300193786621094e+01,2.727800178527832031e+01,2.729500198364257812e+01,2.723300170898437500e+01,2.718000221252441406e+01,2.710500144958496094e+01,2.711500167846679688e+01,2.706300163269042969e+01,2.699800109863281250e+01,2.690800094604492188e+01,2.685500144958496094e+01,2.678000068664550781e+01,2.674500083923339844e+01,2.680000114440917969e+01,2.688300132751464844e+01,2.693300056457519531e+01,2.695500183105468750e+01,2.681500053405761719e+01,2.662800216674804688e+01,2.643300056457519531e+01,2.627500152587890625e+01,2.623800086975097656e+01,2.627500152587890625e+01,2.632800102233886719e+01,2.633300209045410156e+01,2.621500205993652344e+01,2.603000068664550781e+01,2.581000137329101562e+01,2.557800102233886719e+01,2.535000038146972656e+01,2.517500114440917969e+01,2.500500106811523438e+01,2.488500022888183594e+01,2.479000091552734375e+01,2.474500083923339844e+01,2.462800025939941406e+01,2.452800178527832031e+01,2.433800125122070312e+01,2.398500061035156250e+01,2.366500091552734375e+01,2.333300018310546875e+01,2.312000083923339844e+01,2.299000167846679688e+01,2.283300018310546875e+01,2.270000076293945312e+01,2.262300109863281250e+01,2.256800079345703125e+01,2.253300094604492188e+01,2.242000198364257812e+01,2.221300125122070312e+01,2.197500038146972656e+01,2.169800186157226562e+01,2.133300018310546875e+01,2.079000091552734375e+01,2.013500022888183594e+01,1.961500167846679688e+01,1.945800018310546875e+01,1.000000020040877343e+20,1.000000020040877343e+20,1.000000020040877343e+20,1.000000020040877343e+20,1.000000020040877343e+20,1.000000020040877343e+20,1.000000020040877343e+20,1.000000020040877343e+20,1.000000020040877343e+20,1.000000020040877343e+20,1.000000020040877343e+20,1.000000020040877343e+20,1.000000020040877343e+20,1.000000020040877343e+20,1.000000020040877343e+20
1.000000020040877343e+20,1.000000020040877343e+20,1.000000020040877343e+20,1.000000020040877343e+20,1.000000020040877343e+20,1.000000020040877343e+20,1.000000020040877343e+20,1.000000020040877343e+20,1.000000020040877343e+20,1.000000020040877343e+20,1.000000020040877343e+20,1.000000020040877343e+20,1.000000020040877343e+20,1.000000020040877343e+20,1.000000020040877343e+20,1.000000020040877343e+20,1.000000020040877343e+20,1.000000020040877343e+20,1.000000020040877343e+20,1.000000020040877343e+20,1.000000020040877343e+20,1.000000020040877343e+20,1.000000020040877343e+20,1.000000020040877343e+20,1.000000020040877343e+20,1.000000020040877343e+20,1.000000020040877343e+20,1.000000020040877343e+20,1.000000020040877343e+20,1.000000020040877343e+20,1.000000020040877343e+20,1.000000020040877343e+20,1.000000020040877343e+20,1.000000020040877343e+20,1.000000020040877343e+20,2.804000091552734375e+01,2.837000083923339844e+01,2.859300041198730469e+01,2.887300109863281250e+01,1.000000020040877343e+20,1.000000020040877343e+20,1.000000020040877343e+20,1.000000020040877343e+20,1.000000020040877343e+20,1.000000020040877343e+20,1.000000020040877343e+20,1.000000020040877343e+20,1.000000020040877343e+20,1.000000020040877343e+20,1.000000020040877343e+20,1.000000020040877343e+20,1.000000020040877343e+20,1.000000020040877343e+20,1.000000020040877343e+20,1.000000020040877343e+20,1.000000020040877343e+20,1.000000020040877343e+20,1.000000020040877343e+20,3.124500083923339844e+01,3.048800086975097656e+01,3.012500190734863281e+01,2.989000129699707031e+01,2.975500106811523438e+01,2.966500091552734375e+01,2.958800125122070312e+01,2.952300071716308594e+01,2.949500083923339844e+01,2.953300094604492188e+01,2.951800155639648438e+01,1.000000020040877343e+20,1.000000020040877343e+20,1.000000020040877343e+20,1.000000020040877343e+20,1.000000020040877343e+20,1.000000020040877343e+20,1.000000020040877343e+20,1.000000020040877343e+20,1.000000020040877343e+20,1.000000020040877343e+20,1.000000020040877343e+20,1.000000020040877343e+20,1.000000020040877343e+20,1.000000020040877343e+20,1.000000020040877343e+20,1.000000020040877343e+20,1.000000020040877343e+20,1.000000020040877343e+20,1.000000020040877343e+20,1.000000020040877343e+20,1.000000020040877343e+20,1.000000020040877343e+20,1.000000020040877343e+20,1.000000020040877343e+20,1.000000020040877343e+20,1.000000020040877343e+20,1.000000020040877343e+20,1.000000020040877343e+20,1.000000020040877343e+20,1.000000020040877343e+20,1.000000020040877343e+20,1.000000020040877343e+20,1.000000020040877343e+20,1.000000020040877343e+20,1.000000020040877343e+20,1.000000020040877343e+20,1.000000020040877343e+20,1.000000020040877343e+20,1.000000020040877343e+20,1.000000020040877343e+20,1.000000020040877343e+20,1.000000020040877343e+20,1.000000020040877343e+20,1.000000020040877343e+20,1.000000020040877343e+20,1.000000020040877343e+20,1.000000020040877343e+20,1.000000020040877343e+20,2.591800117492675781e+01,2.613300132751464844e+01,2.648800086975097656e+01,1.000000020040877343e+20,2.802800178527832031e+01,2.783000183105468750e+01,2.785800170898437500e+01,2.786300086975097656e+01,2.778300094604492188e+01,2.770000076293945312e+01,2.757800102233886719e+01,2.744800186157226562e+01,2.733300209045410156e+01,2.730300140380859375e+01,2.737800216674804688e+01,2.750000190734863281e+01,2.769800186157226562e+01,2.801300048828125000e+01,2.824800109863281250e+01,2.841500091552734375e+01,2.847500228881835938e+01,2.844800186157226562e+01,2.839500045776367188e+01,2.833300209045410156e+01,2.825300216674804688e+01,2.820500183105468750e+01,2.830000114440917969e+01,2.839800071716308594e+01,2.850800132751464844e+01,2.863300132751464844e+01,2.869300079345703125e+01,2.868000221252441406e+01,2.865000152587890625e+01,2.861500167846679688e+01,2.861300086975097656e+01,2.864000129699707031e+01,2.865000152587890625e+01,2.863800048828125000e+01,2.867300224304199219e+01,2.870500183105468750e+01,2.867800140380859375e+01,2.854000091552734375e+01,2.840000152587890625e+01,2.826300048828125000e+01,2.815000152587890625e+01,2.806300163269042969e+01,2.802000045776367188e+01,2.799800109863281250e+01,2.792000198364257812e+01,2.788000106811523438e+01,2.777500152587890625e+01,2.768300056457519531e+01,2.756800079345703125e+01,2.744800186157226562e+01,2.730300140380859375e+01,2.716300201416015625e+01,2.708500099182128906e+01,2.701300048828125000e+01,2.696500205993652344e+01,2.694800186157226562e+01,2.691800117492675781e+01,2.687000083923339844e+01,2.683500099182128906e+01,2.678500175476074219e+01,2.668800163269042969e+01,2.662800216674804688e+01,2.654800033569335938e+01,2.648000144958496094e+01,2.638300132751464844e+01,2.627500152587890625e+01,2.619300079345703125e+01,2.608300209045410156e+01,2.601800155639648438e+01,2.596300125122070312e+01,2.591300201416015625e+01,2.587500190734863281e+01,2.579300117492675781e+01,2.567800140380859375e+01,2.559500122070312500e+01,2.553800201416015625e+01,2.552300071716308594e+01,2.547500038146972656e+01,2.542500114440917969e+01,2.534500122070312500e+01,2.523500061035156250e+01,2.513000106811523438e+01,2.498500061035156250e+01,2.487000083923339844e+01,2.479800033569335938e+01,2.468000030517578125e+01,2.459800148010253906e+01,2.450000190734863281e+01,2.442300033569335938e+01,2.434800148010253906e+01,2.425800132751464844e+01,2.418800163269042969e+01,2.412500190734863281e+01,2.404800033569335938e+01,2.398000144958496094e+01,2.391300201416015625e+01,2.377800178527832031e+01,2.366000175476074219e+01,2.350500106811523438e+01,2.342800140380859375e+01,2.334000205993652344e+01,2.321300125122070312e+01,2.310300064086914062e+01,2.298000144958496094e+01,2.282000160217285156e+01,2.270800018310546875e+01,2.256500053405761719e+01,2.248800086975097656e+01,2.236000061035156250e+01,2.227800178527832031e+01,2.214500045776367188e+01,2.199800109863281250e+01,2.192300033569335938e+01,2.190800094604492188e+01,2.189500045776367188e+01,2.190000152587890625e+01,2.182800102233886719e+01,2.171500015258789062e+01,2.154800033569335938e+01,2.134500122070312500e+01,2.109500122070312500e+01,2.087300109863281250e+01,2.075500106811523438e+01,2.064800071716308594e+01,2.057000160217285156e+01,2.054000091552734375e+01,2.068500137329101562e+01,2.172500038146972656e+01,2.348500061035156250e+01,2.474500083923339844e+01,2.594800186157226562e+01,2.689500045776367188e+01,2.745800209045410156e+01,1.000000020040877343e+20,1.000000020040877343e+20,1.000000020040877343e+20,1.000000020040877343e+20,1.000000020040877343e+20,1.000000020040877343e+20,1.000000020040877343e+20,1.000000020040877343e+20,2.778500175476074219e+01,2.776800155639648438e+01,2.780500221252441406e+01,2.780000114440917969e+01,2.777300071716308594e+01,2.773800086975097656e+01,2.776000213623046875e+01,2.778000068664550781e+01,2.784300041198730469e+01,2.792800140380859375e+01,2.804000091552734375e+01,2.823300170898437500e+01,2.838800048828125000e+01,2.849500083923339844e+01,2.857500076293945312e+01,2.859800148010253906e+01,2.856800079345703125e+01,2.849000167846679688e+01,2.830300140380859375e+01,2.815500068664550781e+01,2.802000045776367188e+01,2.785500144958496094e+01,2.763500213623046875e+01,2.743300056457519531e+01,2.720500183105468750e+01,2.711300086975097656e+01,2.723000144958496094e+01,2.728000068664550781e+01,2.732800102233886719e+01,2.730300140380859375e+01,2.730500221252441406e+01,2.731500053405761719e+01,2.734300041198730469e+01,2.730800056457519531e+01,2.727800178527832031e+01,2.721500205993652344e+01,2.711800193786621094e+01,2.707800102233886719e+01,2.704500198364257812e+01,2.708000183105468750e+01,2.713300132751464844e+01,2.717800140380859375e+01,2.712800216674804688e+01,2.703000068664550781e+01,2.683000183105468750e+01,2.662800216674804688e+01,2.646000099182128906e+01,2.636300086975097656e+01,2.630800056457519531e+01,2.629500198364257812e+01,2.622000122070312500e+01,2.610300064086914062e+01,2.590800094604492188e+01,2.571300125122070312e+01,2.553800201416015625e+01,2.534800148010253906e+01,2.521800041198730469e+01,2.512500190734863281e+01,2.500800132751464844e+01,2.489500045776367188e+01,2.481300163269042969e+01,2.463300132751464844e+01,2.430500030517578125e+01,2.400800132751464844e+01,2.375800132751464844e+01,2.355300140380859375e+01,2.340000152587890625e+01,2.322300148010253906e+01,2.305000114440917969e+01,2.292300033569335938e+01,2.278000068664550781e+01,2.268300056457519531e+01,2.267500114440917969e+01,2.255800056457519531e+01,2.240500068664550781e+01,2.215000152587890625e+01,2.186500167846679688e+01,2.150800132751464844e+01,2.100500106811523438e+01,2.032300186157226562e+01,1.953300094604492188e+01,1.900000000000000000e+01,1.000000020040877343e+20,1.000000020040877343e+20,1.000000020040877343e+20,1.000000020040877343e+20,1.000000020040877343e+20,1.000000020040877343e+20,1.000000020040877343e+20,1.000000020040877343e+20,1.000000020040877343e+20,1.000000020040877343e+20,1.000000020040877343e+20,1.000000020040877343e+20,1.000000020040877343e+20,1.000000020040877343e+20,1.000000020040877343e+20,1.000000020040877343e+20
1.000000020040877343e+20,1.000000020040877343e+20,1.000000020040877343e+20,1.000000020040877343e+20,1.000000020040877343e+20,1.000000020040877343e+20,1.000000020040877343e+20,1.000000020040877343e+20,1.000000020040877343e+20,1.000000020040877343e+20,1.000000020040877343e+20,1.000000020040877343e+20,1.000000020040877343e+20,1.000000020040877343e+20,1.000000020040877343e+20,1.000000020040877343e+20,1.000000020040877343e+20,1.000000020040877343e+20,1.000000020040877343e+20,1.000000020040877343e+20,1.000000020040877343e+20,1.000000020040877343e+20,1.000000020040877343e+20,1.000000020040877343e+20,1.000000020040877343e+20,1.000000020040877343e+20,1.000000020040877343e+20,1.000000020040877343e+20,1.000000020040877343e+20,1.000000020040877343e+20,1.000000020040877343e+20,1.000000020040877343e+20,1.000000020040877343e+20,1.000000020040877343e+20,1.000000020040877343e+20,1.000000020040877343e+20,2.861000061035156250e+01,2.894000053405761719e+01,2.905000114440917969e+01,1.000000020040877343e+20,1.000000020040877343e+20,1.000000020040877343e+20,1.000000020040877343e+20,1.000000020040877343e+20,1.000000020040877343e+20,1.000000020040877343e+20,1.000000020040877343e+20,1.000000020040877343e+20,1.000000020040877343e+20,1.000000020040877343e+20,1.000000020040877343e+20,1.000000020040877343e+20,1.000000020040877343e+20,1.000000020040877343e+20,1.000000020040877343e+20,1.000000020040877343e+20,1.000000020040877343e+20,1.000000020040877343e+20,1.000000020040877343e+20,2.926800155639648438e+01,2.924000167846679688e+01,2.929500198364257812e+01,2.937800216674804688e+01,2.939500045776367188e+01,2.940800094604492188e+01,2.944000053405761719e+01,2.949500083923339844e+01,2.952800178527832031e+01,2.956300163269042969e+01,2.961000061035156250e+01,1.000000020040877343e+20,1.000000020040877343e+20,1.000000020040877343e+20,1.000000020040877343e+20,1.000000020040877343e+20,1.000000020040877343e+20,1.000000020040877343e+20,1.000000020040877343e+20,1.000000020040877343e+20,1.000000020040877343e+20,1.000000020040877343e+20,1.000000020040877343e+20,1.000000020040877343e+20,1.000000020040877343e+20,1.000000020040877343e+20,1.000000020040877343e+20,1.000000020040877343e+20,1.000000020040877343e+20,1.000000020040877343e+20,1.000000020040877343e+20,1.000000020040877343e+20,2.933500099182128906e+01,1.000000020040877343e+20,1.000000020040877343e+20,1.000000020040877343e+20,1.000000020040877343e+20,1.000000020040877343e+20,1.000000020040877343e+20,1.000000020040877343e+20,1.000000020040877343e+20,1.000000020040877343e+20,1.000000020040877343e+20,1.000000020040877343e+20,1.000000020040877343e+20,1.000000020040877343e+20,1.000000020040877343e+20,1.000000020040877343e+20,1.000000020040877343e+20,1.000000020040877343e+20,1.000000020040877343e+20,1.000000020040877343e+20,1.000000020040877343e+20,1.000000020040877343e+20,1.000000020040877343e+20,2.694800186157226562e+01,2.696500205993652344e+01,2.695800209045410156e+01,2.662300109863281250e+01,2.685800170898437500e+01,2.722000122070312500e+01,2.790800094604492188e+01,2.806800079345703125e+01,2.815000152587890625e+01,2.823300170898437500e+01,2.828500175476074219e+01,2.827000045776367188e+01,2.824800109863281250e+01,2.814500045776367188e+01,2.801800155639648438e+01,2.797800064086914062e+01,2.797000122070312500e+01,2.807000160217285156e+01,2.826000213623046875e+01,2.842300224304199219e+01,2.861300086975097656e+01,2.878300094604492188e+01,2.884500122070312500e+01,2.881000137329101562e+01,2.876300048828125000e+01,2.875000190734863281e+01,2.874000167846679688e+01,2.873000144958496094e+01,2.877500152587890625e+01,2.885500144958496094e+01,2.895300102233886719e+01,2.901800155639648438e+01,2.907800102233886719e+01,2.911000061035156250e+01,2.905800056457519531e+01,2.897000122070312500e+01,2.895800209045410156e+01,2.892300224304199219e+01,2.895300102233886719e+01,2.895800209045410156e+01,2.894500160217285156e+01,2.889000129699707031e+01,2.883300209045410156e+01,2.877500152587890625e+01,2.867500114440917969e+01,2.855300140380859375e+01,2.845300102233886719e+01,2.843800163269042969e+01,2.839300155639648438e+01,2.830500221252441406e+01,2.821800041198730469e+01,2.814000129699707031e+01,2.803800201416015625e+01,2.795000076293945312e+01,2.785000038146972656e+01,2.773500061035156250e+01,2.760000038146972656e+01,2.746800041198730469e+01,2.735000038146972656e+01,2.726000213623046875e+01,2.719800186157226562e+01,2.715800094604492188e+01,2.709800148010253906e+01,2.703500175476074219e+01,2.698800086975097656e+01,2.693300056457519531e+01,2.688500213623046875e+01,2.682500076293945312e+01,2.677300071716308594e+01,2.672000122070312500e+01,2.659800148010253906e+01,2.649800109863281250e+01,2.641000175476074219e+01,2.635800170898437500e+01,2.632000160217285156e+01,2.629300117492675781e+01,2.628300094604492188e+01,2.627800178527832031e+01,2.624500083923339844e+01,2.616800117492675781e+01,2.608300209045410156e+01,2.601300048828125000e+01,2.593300056457519531e+01,2.588000106811523438e+01,2.582300186157226562e+01,2.576000213623046875e+01,2.567000198364257812e+01,2.555300140380859375e+01,2.543000030517578125e+01,2.527500152587890625e+01,2.515300178527832031e+01,2.502800178527832031e+01,2.493500137329101562e+01,2.484800148010253906e+01,2.477000045776367188e+01,2.469500160217285156e+01,2.464500045776367188e+01,2.458000183105468750e+01,2.453000068664550781e+01,2.446800041198730469e+01,2.441500091552734375e+01,2.436300086975097656e+01,2.426800155639648438e+01,2.417800140380859375e+01,2.403500175476074219e+01,2.390800094604492188e+01,2.379000091552734375e+01,2.367300033569335938e+01,2.354300117492675781e+01,2.341800117492675781e+01,2.331800079345703125e+01,2.320300102233886719e+01,2.309800148010253906e+01,2.298000144958496094e+01,2.292800140380859375e+01,2.279300117492675781e+01,2.274300193786621094e+01,2.260500144958496094e+01,2.251300048828125000e+01,2.241500091552734375e+01,2.233000183105468750e+01,2.228800010681152344e+01,2.225000190734863281e+01,2.220300102233886719e+01,2.214500045776367188e+01,2.208300018310546875e+01,2.195800018310546875e+01,2.179000091552734375e+01,2.156500053405761719e+01,2.137800025939941406e+01,2.127500152587890625e+01,2.124800109863281250e+01,2.128800010681152344e+01,2.149800109863281250e+01,2.209300041198730469e+01,2.308800125122070312e+01,2.434300041198730469e+01,2.566500091552734375e+01,2.682300186157226562e+01,2.748000144958496094e+01,1.000000020040877343e+20,1.000000020040877343e+20,1.000000020040877343e+20,1.000000020040877343e+20,1.000000020040877343e+20,1.000000020040877343e+20,1.000000020040877343e+20,1.000000020040877343e+20,2.788800048828125000e+01,2.791800117492675781e+01,2.798500061035156250e+01,2.798300170898437500e+01,2.794300079345703125e+01,2.785800170898437500e+01,2.781300163269042969e+01,2.778000068664550781e+01,2.780000114440917969e+01,2.787800216674804688e+01,2.800800132751464844e+01,2.818000221252441406e+01,2.834000205993652344e+01,2.843300056457519531e+01,1.000000020040877343e+20,2.867300224304199219e+01,1.000000020040877343e+20,1.000000020040877343e+20,1.000000020040877343e+20,2.835000228881835938e+01,2.816500091552734375e+01,2.805300140380859375e+01,2.773500061035156250e+01,2.748300170898437500e+01,2.728500175476074219e+01,2.725800132751464844e+01,2.729500198364257812e+01,2.732300186157226562e+01,2.730500221252441406e+01,2.732000160217285156e+01,2.734500122070312500e+01,2.745000076293945312e+01,2.753800201416015625e+01,2.756000137329101562e+01,2.757500076293945312e+01,2.757800102233886719e+01,2.751500129699707031e+01,2.743000221252441406e+01,2.734000205993652344e+01,2.728300094604492188e+01,2.727800178527832031e+01,2.725000190734863281e+01,2.721500205993652344e+01,2.714500045776367188e+01,2.701300048828125000e+01,2.688300132751464844e+01,2.670800209045410156e+01,2.656000137329101562e+01,2.642000198364257812e+01,2.628500175476074219e+01,2.613500213623046875e+01,2.598800086975097656e+01,2.580300140380859375e+01,2.563500213623046875e+01,2.547300148010253906e+01,2.534800148010253906e+01,2.526000213623046875e+01,2.519500160217285156e+01,2.509000205993652344e+01,2.491800117492675781e+01,2.470800209045410156e+01,2.442000198364257812e+01,2.410500144958496094e+01,2.381800079345703125e+01,2.362800025939941406e+01,2.352000045776367188e+01,2.341300201416015625e+01,2.328000068664550781e+01,2.316300201416015625e+01,2.296300125122070312e+01,2.281500053405761719e+01,2.271800041198730469e+01,2.263300132751464844e+01,2.249500083923339844e+01,2.229800033569335938e+01,2.205500030517578125e+01,2.171800041198730469e+01,2.124000167846679688e+01,2.056500053405761719e+01,1.972500038146972656e+01,1.890300178527832031e+01,1.832800102233886719e+01,1.000000020040877343e+20,1.000000020040877343e+20,1.000000020040877343e+20,1.000000020040877343e+20,1.000000020040877343e+20,1.000000020040877343e+20,1.000000020040877343e+20,1.000000020040877343e+20,1.000000020040877343e+20,1.000000020040877343e+20,1.000000020040877343e+20,1.000000020040877343e+20,1.000000020040877343e+20,1.000000020040877343e+20,1.000000020040877343e+20,1.000000020040877343e+20
1.000000020040877343e+20,1.000000020040877343e+20,1.000000020040877343e+20,1.000000020040877343e+20,1.000000020040877343e+20,1.000000020040877343e+20,1.000000020040877343e+20,1.000000020040877343e+20,1.000000020040877343e+20,1.000000020040877343e+20,1.000000020040877343e+20,1.000000020040877343e+20,1.000000020040877343e+20,1.000000020040877343e+20,1.000000020040877343e+20,1.000000020040877343e+20,1.000000020040877343e+20,1.000000020040877343e+20,1.000000020040877343e+20,1.000000020040877343e+20,1.000000020040877343e+20,1.000000020040877343e+20,1.000000020040877343e+20,1.000000020040877343e+20,1.000000020040877343e+20,1.000000020040877343e+20,1.000000020040877343e+20,1.000000020040877343e+20,1.000000020040877343e+20,1.000000020040877343e+20,1.000000020040877343e+20,1.000000020040877343e+20,1.000000020040877343e+20,1.000000020040877343e+20,1.000000020040877343e+20,1.000000020040877343e+20,1.000000020040877343e+20,2.939300155639648438e+01,2.945500183105468750e+01,1.000000020040877343e+20,1.000000020040877343e+20,1.000000020040877343e+20,1.000000020040877343e+20,1.000000020040877343e+20,1.000000020040877343e+20,1.000000020040877343e+20,1.000000020040877343e+20,1.000000020040877343e+20,1.000000020040877343e+20,1.000000020040877343e+20,1.000000020040877343e+20,1.000000020040877343e+20,1.000000020040877343e+20,1.000000020040877343e+20,1.000000020040877343e+20,1.000000020040877343e+20,1.000000020040877343e+20,1.000000020040877343e+20,1.000000020040877343e+20,2.812300109863281250e+01,2.843000221252441406e+01,2.880000114440917969e+01,2.907300186157226562e+01,2.921500205993652344e+01,2.930000114440917969e+01,2.939300155639648438e+01,2.948500061035156250e+01,2.954800224304199219e+01,2.959800148010253906e+01,2.960000228881835938e+01,1.000000020040877343e+20,1.000000020040877343e+20,2.976800155639648438e+01,1.000000020040877343e+20,1.000000020040877343e+20,1.000000020040877343e+20,1.000000020040877343e+20,1.000000020040877343e+20,1.000000020040877343e+20,1.000000020040877343e+20,1.000000020040877343e+20,1.000000020040877343e+20,1.000000020040877343e+20,1.000000020040877343e+20,1.000000020040877343e+20,1.000000020040877343e+20,1.000000020040877343e+20,2.969800186157226562e+01,2.961300086975097656e+01,2.952300071716308594e+01,2.944000053405761719e+01,2.939000129699707031e+01,1.000000020040877343e+20,1.000000020040877343e+20,1.000000020040877343e+20,1.000000020040877343e+20,1.000000020040877343e+20,1.000000020040877343e+20,1.000000020040877343e+20,1.000000020040877343e+20,1.000000020040877343e+20,1.000000020040877343e+20,1.000000020040877343e+20,1.000000020040877343e+20,1.000000020040877343e+20,1.000000020040877343e+20,1.000000020040877343e+20,1.000000020040877343e+20,2.779800224304199219e+01,2.774300193786621094e+01,1.000000020040877343e+20,2.768000221252441406e+01,2.771000099182128906e+01,2.769000053405761719e+01,2.752000045776367188e+01,2.753300094604492188e+01,2.752500152587890625e+01,2.756000137329101562e+01,2.766300201416015625e+01,2.788500213623046875e+01,2.808500099182128906e+01,2.823800086975097656e+01,2.835500144958496094e+01,2.844800186157226562e+01,2.853800201416015625e+01,2.860300064086914062e+01,2.861300086975097656e+01,2.857800102233886719e+01,2.852800178527832031e+01,2.852000045776367188e+01,2.857500076293945312e+01,2.865800094604492188e+01,2.875300216674804688e+01,2.887800216674804688e+01,2.900000190734863281e+01,2.899300193786621094e+01,2.896000099182128906e+01,2.893000221252441406e+01,2.889000129699707031e+01,2.888500213623046875e+01,2.893000221252441406e+01,2.903800201416015625e+01,2.909500122070312500e+01,2.920000076293945312e+01,2.922500228881835938e+01,2.921500205993652344e+01,2.927300071716308594e+01,2.928500175476074219e+01,2.923500061035156250e+01,2.918000221252441406e+01,2.912800216674804688e+01,2.915500068664550781e+01,2.912500190734863281e+01,2.909500122070312500e+01,2.902300071716308594e+01,2.895800209045410156e+01,2.885500144958496094e+01,2.873500061035156250e+01,2.867300224304199219e+01,2.857800102233886719e+01,2.856000137329101562e+01,2.857000160217285156e+01,2.855000114440917969e+01,2.845800209045410156e+01,2.835000228881835938e+01,2.822300148010253906e+01,2.811800193786621094e+01,2.802500152587890625e+01,2.795300102233886719e+01,2.782800102233886719e+01,2.767800140380859375e+01,2.754300117492675781e+01,2.743300056457519531e+01,2.733800125122070312e+01,2.725000190734863281e+01,2.717500114440917969e+01,2.711000061035156250e+01,2.708300209045410156e+01,2.702500152587890625e+01,2.698500061035156250e+01,2.695500183105468750e+01,2.688000106811523438e+01,2.683300209045410156e+01,2.677500152587890625e+01,2.668800163269042969e+01,2.660300064086914062e+01,2.654300117492675781e+01,2.652300071716308594e+01,2.649300193786621094e+01,2.649500083923339844e+01,2.648000144958496094e+01,2.647500038146972656e+01,2.645000076293945312e+01,2.637800216674804688e+01,2.634800148010253906e+01,2.630500030517578125e+01,2.626500129699707031e+01,2.622000122070312500e+01,2.614800071716308594e+01,2.609500122070312500e+01,2.600800132751464844e+01,2.591500091552734375e+01,2.578000068664550781e+01,2.561500167846679688e+01,2.543300056457519531e+01,2.529000091552734375e+01,2.516800117492675781e+01,2.507300186157226562e+01,2.498000144958496094e+01,2.490800094604492188e+01,2.486500167846679688e+01,2.486300086975097656e+01,2.485500144958496094e+01,2.481800079345703125e+01,2.474300193786621094e+01,2.468800163269042969e+01,2.461800193786621094e+01,2.450800132751464844e+01,2.439800071716308594e+01,2.426800155639648438e+01,2.411500167846679688e+01,2.398000144958496094e+01,2.387300109863281250e+01,2.375800132751464844e+01,2.366800117492675781e+01,2.357800102233886719e+01,2.345800018310546875e+01,2.340300178527832031e+01,2.329800033569335938e+01,2.324500083923339844e+01,2.320300102233886719e+01,2.311500167846679688e+01,2.299800109863281250e+01,2.292300033569335938e+01,2.283000183105468750e+01,2.278000068664550781e+01,2.274800109863281250e+01,2.273300170898437500e+01,2.271500015258789062e+01,2.268000030517578125e+01,2.263000106811523438e+01,2.254500198364257812e+01,2.240300178527832031e+01,2.227000045776367188e+01,2.220300102233886719e+01,2.219500160217285156e+01,2.228800010681152344e+01,2.253300094604492188e+01,2.296300125122070312e+01,2.365000152587890625e+01,2.460800170898437500e+01,2.574500083923339844e+01,2.682800102233886719e+01,2.761800193786621094e+01,2.805000114440917969e+01,1.000000020040877343e+20,1.000000020040877343e+20,1.000000020040877343e+20,1.000000020040877343e+20,1.000000020040877343e+20,1.000000020040877343e+20,1.000000020040877343e+20,2.799800109863281250e+01,2.813800048828125000e+01,2.821000099182128906e+01,2.824000167846679688e+01,2.819000053405761719e+01,2.809300041198730469e+01,2.801300048828125000e+01,2.782800102233886719e+01,2.779800224304199219e+01,2.784000205993652344e+01,2.799500083923339844e+01,2.827800178527832031e+01,2.840500068664550781e+01,2.851300048828125000e+01,2.863500213623046875e+01,2.877000045776367188e+01,2.886300086975097656e+01,2.903800201416015625e+01,2.909800148010253906e+01,1.000000020040877343e+20,1.000000020040877343e+20,2.809800148010253906e+01,2.792800140380859375e+01,2.780300140380859375e+01,2.770800209045410156e+01,2.760300064086914062e+01,2.761300086975097656e+01,2.764800071716308594e+01,2.759300041198730469e+01,2.758000183105468750e+01,2.760800170898437500e+01,2.765300178527832031e+01,2.772300148010253906e+01,2.779300117492675781e+01,2.775800132751464844e+01,2.777000045776367188e+01,2.771800041198730469e+01,2.761800193786621094e+01,2.746800041198730469e+01,2.736800193786621094e+01,2.731500053405761719e+01,2.725000190734863281e+01,2.721300125122070312e+01,2.716000175476074219e+01,2.711500167846679688e+01,2.702300071716308594e+01,2.686300086975097656e+01,2.668000221252441406e+01,2.651800155639648438e+01,2.631800079345703125e+01,2.612000083923339844e+01,2.592500114440917969e+01,2.575500106811523438e+01,2.563800048828125000e+01,2.554500198364257812e+01,2.546000099182128906e+01,2.535500144958496094e+01,2.523000144958496094e+01,2.504300117492675781e+01,2.484000205993652344e+01,2.451500129699707031e+01,2.417500114440917969e+01,2.394000053405761719e+01,2.374000167846679688e+01,2.359500122070312500e+01,2.349300193786621094e+01,2.342000198364257812e+01,2.335000038146972656e+01,2.322300148010253906e+01,2.306800079345703125e+01,2.293300056457519531e+01,2.275300025939941406e+01,2.258000183105468750e+01,2.240000152587890625e+01,2.218500137329101562e+01,2.190300178527832031e+01,2.146300125122070312e+01,2.091300010681152344e+01,2.013800048828125000e+01,1.924300003051757812e+01,1.852000045776367188e+01,1.000000020040877343e+20,1.000000020040877343e+20,1.000000020040877343e+20,1.000000020040877343e+20,1.000000020040877343e+20,1.000000020040877343e+20,1.000000020040877343e+20,1.000000020040877343e+20,1.000000020040877343e+20,1.000000020040877343e+20,1.000000020040877343e+20,1.000000020040877343e+20,1.000000020040877343e+20,1.000000020040877343e+20,1.000000020040877343e+20,1.000000020040877343e+20,1.000000020040877343e+20
1.000000020040877343e+20,1.000000020040877343e+20,1.000000020040877343e+20,1.000000020040877343e+20,1.000000020040877343e+20,1.000000020040877343e+20,1.000000020040877343e+20,1.000000020040877343e+20,1.000000020040877343e+20,1.000000020040877343e+20,1.000000020040877343e+20,1.000000020040877343e+20,1.000000020040877343e+20,1.000000020040877343e+20,1.000000020040877343e+20,1.000000020040877343e+20,1.000000020040877343e+20,1.000000020040877343e+20,1.000000020040877343e+20,1.000000020040877343e+20,1.000000020040877343e+20,1.000000020040877343e+20,1.000000020040877343e+20,1.000000020040877343e+20,1.000000020040877343e+20,1.000000020040877343e+20,1.000000020040877343e+20,1.000000020040877343e+20,1.000000020040877343e+20,1.000000020040877343e+20,1.000000020040877343e+20,1.000000020040877343e+20,1.000000020040877343e+20,1.000000020040877343e+20,1.000000020040877343e+20,1.000000020040877343e+20,1.000000020040877343e+20,2.981000137329101562e+01,2.989000129699707031e+01,3.012500190734863281e+01,1.000000020040877343e+20,1.000000020040877343e+20,1.000000020040877343e+20,1.000000020040877343e+20,1.000000020040877343e+20,1.000000020040877343e+20,1.000000020040877343e+20,1.000000020040877343e+20,1.000000020040877343e+20,1.000000020040877343e+20,1.000000020040877343e+20,1.000000020040877343e+20,1.000000020040877343e+20,1.000000020040877343e+20,1.000000020040877343e+20,1.000000020040877343e+20,1.000000020040877343e+20,1.000000020040877343e+20,2.705300140380859375e+01,2.763000106811523438e+01,2.814300155639648438e+01,2.863500213623046875e+01,2.898300170898437500e+01,2.919300079345703125e+01,2.931500053405761719e+01,2.942000198364257812e+01,2.948500061035156250e+01,2.952800178527832031e+01,2.957500076293945312e+01,2.960500144958496094e+01,2.963800048828125000e+01,2.968000221252441406e+01,2.972000122070312500e+01,1.000000020040877343e+20,1.000000020040877343e+20,1.000000020040877343e+20,1.000000020040877343e+20,1.000000020040877343e+20,1.000000020040877343e+20,1.000000020040877343e+20,1.000000020040877343e+20,1.000000020040877343e+20,1.000000020040877343e+20,1.000000020040877343e+20,1.000000020040877343e+20,1.000000020040877343e+20,1.000000020040877343e+20,2.980300140380859375e+01,2.967800140380859375e+01,2.961300086975097656e+01,2.952000045776367188e+01,2.944000053405761719e+01,2.933500099182128906e+01,1.000000020040877343e+20,1.000000020040877343e+20,1.000000020040877343e+20,1.000000020040877343e+20,1.000000020040877343e+20,1.000000020040877343e+20,1.000000020040877343e+20,1.000000020040877343e+20,1.000000020040877343e+20,1.000000020040877343e+20,1.000000020040877343e+20,1.000000020040877343e+20,1.000000020040877343e+20,2.866500091552734375e+01,2.860300064086914062e+01,2.836800193786621094e+01,2.812500190734863281e+01,2.816000175476074219e+01,2.814000129699707031e+01,2.813500213623046875e+01,2.809500122070312500e+01,2.807000160217285156e+01,2.807800102233886719e+01,2.808500099182128906e+01,2.812300109863281250e+01,2.820500183105468750e+01,2.833800125122070312e+01,2.847300148010253906e+01,2.852000045776367188e+01,2.860000228881835938e+01,2.869000053405761719e+01,2.875300216674804688e+01,2.881300163269042969e+01,2.887300109863281250e+01,2.894800186157226562e+01,2.898300170898437500e+01,2.906500053405761719e+01,2.906300163269042969e+01,2.907000160217285156e+01,2.915800094604492188e+01,2.918300056457519531e+01,2.917000198364257812e+01,2.912300109863281250e+01,2.901800155639648438e+01,2.896800231933593750e+01,2.894800186157226562e+01,2.900300216674804688e+01,2.915300178527832031e+01,2.926800155639648438e+01,2.933000183105468750e+01,2.936800193786621094e+01,2.937800216674804688e+01,2.938800048828125000e+01,2.937800216674804688e+01,2.936000061035156250e+01,2.929000091552734375e+01,2.920300102233886719e+01,2.918300056457519531e+01,2.914800071716308594e+01,2.912300109863281250e+01,2.905800056457519531e+01,2.900500106811523438e+01,2.894000053405761719e+01,2.884800148010253906e+01,2.877000045776367188e+01,2.870300102233886719e+01,2.865300178527832031e+01,2.862300109863281250e+01,2.858800125122070312e+01,2.854500198364257812e+01,2.849800109863281250e+01,2.836500167846679688e+01,2.823000144958496094e+01,2.816300201416015625e+01,2.807500076293945312e+01,2.797000122070312500e+01,2.788500213623046875e+01,2.775000190734863281e+01,2.760300064086914062e+01,2.745800209045410156e+01,2.731800079345703125e+01,2.721300125122070312e+01,2.717300224304199219e+01,2.712000083923339844e+01,2.710000038146972656e+01,2.706000137329101562e+01,2.700800132751464844e+01,2.695000076293945312e+01,2.692000198364257812e+01,2.688000106811523438e+01,2.683800125122070312e+01,2.680300140380859375e+01,2.677800178527832031e+01,2.674500083923339844e+01,2.669300079345703125e+01,2.666500091552734375e+01,2.663800048828125000e+01,2.662300109863281250e+01,2.659300041198730469e+01,2.658300209045410156e+01,2.656300163269042969e+01,2.657300186157226562e+01,2.658300209045410156e+01,2.657500076293945312e+01,2.654500198364257812e+01,2.650000190734863281e+01,2.641000175476074219e+01,2.634300041198730469e+01,2.622500038146972656e+01,2.608000183105468750e+01,2.591300201416015625e+01,2.563300132751464844e+01,2.549800109863281250e+01,2.540800094604492188e+01,2.531000137329101562e+01,2.521300125122070312e+01,2.515300178527832031e+01,2.511500167846679688e+01,2.512000083923339844e+01,2.511000061035156250e+01,2.506800079345703125e+01,2.500500106811523438e+01,2.492000198364257812e+01,2.480800056457519531e+01,2.472300148010253906e+01,2.460000038146972656e+01,2.448000144958496094e+01,2.441000175476074219e+01,2.428500175476074219e+01,2.416800117492675781e+01,2.405000114440917969e+01,2.395300102233886719e+01,2.385800170898437500e+01,2.375000190734863281e+01,2.367300033569335938e+01,2.364800071716308594e+01,2.359000205993652344e+01,2.356500053405761719e+01,2.358800125122070312e+01,2.350300025939941406e+01,2.345800018310546875e+01,2.337500190734863281e+01,2.331300163269042969e+01,2.329800033569335938e+01,2.331800079345703125e+01,2.335000038146972656e+01,2.340800094604492188e+01,2.342800140380859375e+01,2.342800140380859375e+01,2.342300033569335938e+01,2.336300086975097656e+01,2.333500099182128906e+01,2.333800125122070312e+01,2.343800163269042969e+01,2.368000030517578125e+01,2.406300163269042969e+01,2.457800102233886719e+01,2.529500198364257812e+01,2.619500160217285156e+01,2.709800148010253906e+01,2.786300086975097656e+01,2.825000190734863281e+01,1.000000020040877343e+20,1.000000020040877343e+20,1.000000020040877343e+20,1.000000020040877343e+20,1.000000020040877343e+20,1.000000020040877343e+20,1.000000020040877343e+20,1.000000020040877343e+20,2.831800079345703125e+01,2.845000076293945312e+01,2.847000122070312500e+01,2.842300224304199219e+01,2.832300186157226562e+01,2.825300216674804688e+01,1.000000020040877343e+20,1.000000020040877343e+20,1.000000020040877343e+20,1.000000020040877343e+20,2.847300148010253906e+01,2.857800102233886719e+01,2.863800048828125000e+01,2.866300201416015625e+01,2.871800041198730469e+01,2.883300209045410156e+01,2.891800117492675781e+01,2.895300102233886719e+01,2.895800209045410156e+01,2.892300224304199219e+01,1.000000020040877343e+20,1.000000020040877343e+20,2.834000205993652344e+01,2.834300041198730469e+01,2.821800041198730469e+01,2.812000083923339844e+01,2.806800079345703125e+01,2.803300094604492188e+01,2.799500083923339844e+01,2.797300148010253906e+01,2.796300125122070312e+01,2.798300170898437500e+01,2.797800064086914062e+01,2.790500068664550781e+01,2.782500076293945312e+01,2.775500106811523438e+01,2.765800094604492188e+01,2.755000114440917969e+01,2.745500183105468750e+01,2.736500167846679688e+01,2.729000091552734375e+01,2.727300071716308594e+01,2.721000099182128906e+01,2.715300178527832031e+01,2.707500076293945312e+01,2.693500137329101562e+01,2.677300071716308594e+01,2.657800102233886719e+01,2.636300086975097656e+01,2.614800071716308594e+01,2.600500106811523438e+01,2.590000152587890625e+01,2.580800056457519531e+01,2.570000076293945312e+01,2.559800148010253906e+01,2.541800117492675781e+01,2.521300125122070312e+01,2.499800109863281250e+01,2.474000167846679688e+01,2.440300178527832031e+01,2.416300201416015625e+01,2.394300079345703125e+01,2.375800132751464844e+01,2.362500190734863281e+01,2.352000045776367188e+01,2.350000190734863281e+01,2.347300148010253906e+01,2.338800048828125000e+01,2.325800132751464844e+01,2.309500122070312500e+01,2.284500122070312500e+01,2.257500076293945312e+01,2.230800056457519531e+01,2.202800178527832031e+01,2.169300079345703125e+01,2.124300193786621094e+01,2.067000007629394531e+01,1.997300148010253906e+01,1.920300102233886719e+01,1.859300041198730469e+01,1.839500045776367188e+01,1.000000020040877343e+20,1.000000020040877343e+20,1.000000020040877343e+20,1.000000020040877343e+20,1.000000020040877343e+20,1.000000020040877343e+20,1.000000020040877343e+20,1.000000020040877343e+20,1.000000020040877343e+20,1.000000020040877343e+20,1.000000020040877343e+20,1.000000020040877343e+20,1.000000020040877343e+20,1.000000020040877343e+20,1.000000020040877343e+20,1.000000020040877343e+20
1.000000020040877343e+20,1.000000020040877343e+20,1.000000020040877343e+20,1.000000020040877343e+20,1.000000020040877343e+20,1.000000020040877343e+20,1.000000020040877343e+20,1.000000020040877343e+20,1.000000020040877343e+20,1.000000020040877343e+20,1.000000020040877343e+20,1.000000020040877343e+20,1.000000020040877343e+20,1.000000020040877343e+20,1.000000020040877343e+20,1.000000020040877343e+20,1.000000020040877343e+20,1.000000020040877343e+20,1.000000020040877343e+20,1.000000020040877343e+20,1.000000020040877343e+20,1.000000020040877343e+20,1.000000020040877343e+20,1.000000020040877343e+20,1.000000020040877343e+20,1.000000020040877343e+20,1.000000020040877343e+20,1.000000020040877343e+20,1.000000020040877343e+20,1.000000020040877343e+20,1.000000020040877343e+20,1.000000020040877343e+20,1.000000020040877343e+20,1.000000020040877343e+20,1.000000020040877343e+20,1.000000020040877343e+20,1.000000020040877343e+20,3.010000228881835938e+01,3.027800178527832031e+01,3.045500183105468750e+01,3.072500228881835938e+01,1.000000020040877343e+20,1.000000020040877343e+20,1.000000020040877343e+20,1.000000020040877343e+20,1.000000020040877343e+20,1.000000020040877343e+20,1.000000020040877343e+20,1.000000020040877343e+20,1.000000020040877343e+20,1.000000020040877343e+20,1.000000020040877343e+20,1.000000020040877343e+20,1.000000020040877343e+20,1.000000020040877343e+20,1.000000020040877343e+20,1.000000020040877343e+20,1.000000020040877343e+20,2.741300201416015625e+01,2.778000068664550781e+01,2.829500198364257812e+01,2.876000213623046875e+01,2.908000183105468750e+01,2.927300071716308594e+01,2.939500045776367188e+01,2.947000122070312500e+01,2.949800109863281250e+01,2.952500152587890625e+01,2.954500198364257812e+01,2.958000183105468750e+01,2.962000083923339844e+01,2.965800094604492188e+01,2.966300201416015625e+01,1.000000020040877343e+20,1.000000020040877343e+20,1.000000020040877343e+20,1.000000020040877343e+20,1.000000020040877343e+20,1.000000020040877343e+20,1.000000020040877343e+20,1.000000020040877343e+20,1.000000020040877343e+20,1.000000020040877343e+20,1.000000020040877343e+20,1.000000020040877343e+20,2.979500198364257812e+01,2.974500083923339844e+01,2.975800132751464844e+01,2.972000122070312500e+01,2.964800071716308594e+01,2.955800056457519531e+01,2.944300079345703125e+01,2.933800125122070312e+01,2.922000122070312500e+01,1.000000020040877343e+20,1.000000020040877343e+20,1.000000020040877343e+20,1.000000020040877343e+20,1.000000020040877343e+20,1.000000020040877343e+20,1.000000020040877343e+20,1.000000020040877343e+20,1.000000020040877343e+20,1.000000020040877343e+20,1.000000020040877343e+20,1.000000020040877343e+20,2.897800064086914062e+01,2.894800186157226562e+01,2.895300102233886719e+01,1.000000020040877343e+20,1.000000020040877343e+20,2.861500167846679688e+01,2.857000160217285156e+01,2.849500083923339844e+01,2.843500137329101562e+01,2.841800117492675781e+01,2.843300056457519531e+01,2.849500083923339844e+01,2.861800193786621094e+01,2.872000122070312500e+01,2.875800132751464844e+01,2.876300048828125000e+01,2.879300117492675781e+01,2.885000228881835938e+01,2.890000152587890625e+01,2.896300125122070312e+01,2.908500099182128906e+01,2.918300056457519531e+01,2.924500083923339844e+01,2.929300117492675781e+01,2.933500099182128906e+01,2.937300109863281250e+01,2.941500091552734375e+01,2.942000198364257812e+01,2.931800079345703125e+01,2.921300125122070312e+01,2.915500068664550781e+01,2.913800048828125000e+01,2.914300155639648438e+01,2.919800186157226562e+01,2.928500175476074219e+01,2.937800216674804688e+01,2.946300125122070312e+01,2.946000099182128906e+01,2.940000152587890625e+01,2.935300064086914062e+01,2.929800224304199219e+01,2.929000091552734375e+01,2.926500129699707031e+01,2.919300079345703125e+01,2.916500091552734375e+01,2.910800170898437500e+01,2.906300163269042969e+01,2.901800155639648438e+01,2.894800186157226562e+01,2.889800071716308594e+01,2.882500076293945312e+01,2.880500221252441406e+01,2.874500083923339844e+01,2.867800140380859375e+01,2.860800170898437500e+01,2.855000114440917969e+01,2.848800086975097656e+01,2.838500213623046875e+01,2.828800201416015625e+01,2.817800140380859375e+01,2.812500190734863281e+01,2.803800201416015625e+01,2.799800109863281250e+01,2.790300178527832031e+01,2.777000045776367188e+01,2.763300132751464844e+01,2.747500038146972656e+01,2.732000160217285156e+01,2.727300071716308594e+01,2.723500061035156250e+01,2.721300125122070312e+01,2.719500160217285156e+01,2.716800117492675781e+01,2.710500144958496094e+01,2.706500053405761719e+01,2.701300048828125000e+01,2.695000076293945312e+01,2.692300033569335938e+01,2.690500068664550781e+01,2.690300178527832031e+01,2.688000106811523438e+01,2.683500099182128906e+01,2.679500198364257812e+01,2.676500129699707031e+01,2.673000144958496094e+01,2.670500183105468750e+01,2.668300056457519531e+01,2.669000053405761719e+01,2.673300170898437500e+01,2.676800155639648438e+01,2.675500106811523438e+01,2.672500038146972656e+01,2.666800117492675781e+01,2.660300064086914062e+01,2.651300048828125000e+01,2.641300201416015625e+01,2.629300117492675781e+01,2.616000175476074219e+01,1.000000020040877343e+20,2.569800186157226562e+01,2.560000038146972656e+01,2.550300025939941406e+01,2.541500091552734375e+01,2.534300041198730469e+01,2.530800056457519531e+01,2.527300071716308594e+01,2.522800064086914062e+01,2.517500114440917969e+01,2.509300041198730469e+01,2.499800109863281250e+01,2.489000129699707031e+01,2.478300094604492188e+01,2.473000144958496094e+01,2.467800140380859375e+01,2.461000061035156250e+01,2.452800178527832031e+01,2.441000175476074219e+01,2.432800102233886719e+01,2.423800086975097656e+01,2.414000129699707031e+01,2.405300140380859375e+01,2.396800041198730469e+01,2.392000198364257812e+01,2.394000053405761719e+01,2.395800209045410156e+01,2.400300025939941406e+01,2.399800109863281250e+01,2.397300148010253906e+01,2.395800209045410156e+01,2.389300155639648438e+01,2.385300064086914062e+01,2.387000083923339844e+01,2.392300033569335938e+01,2.401000022888183594e+01,2.417300033569335938e+01,2.424000167846679688e+01,2.430800056457519531e+01,2.439300155639648438e+01,2.442300033569335938e+01,2.446000099182128906e+01,2.455500030517578125e+01,2.475800132751464844e+01,2.506500053405761719e+01,2.549500083923339844e+01,2.601300048828125000e+01,2.666500091552734375e+01,2.736000061035156250e+01,2.798000144958496094e+01,2.837300109863281250e+01,1.000000020040877343e+20,1.000000020040877343e+20,1.000000020040877343e+20,1.000000020040877343e+20,1.000000020040877343e+20,1.000000020040877343e+20,1.000000020040877343e+20,1.000000020040877343e+20,1.000000020040877343e+20,2.871500205993652344e+01,2.873300170898437500e+01,2.869500160217285156e+01,2.863500213623046875e+01,2.858000183105468750e+01,1.000000020040877343e+20,1.000000020040877343e+20,1.000000020040877343e+20,2.866800117492675781e+01,2.866300201416015625e+01,2.865300178527832031e+01,2.861300086975097656e+01,2.858500099182128906e+01,2.854300117492675781e+01,2.858000183105468750e+01,2.868000221252441406e+01,2.876800155639648438e+01,2.886000061035156250e+01,2.892800140380859375e+01,2.883500099182128906e+01,2.880300140380859375e+01,2.871300125122070312e+01,2.865800094604492188e+01,1.000000020040877343e+20,1.000000020040877343e+20,1.000000020040877343e+20,2.815300178527832031e+01,2.816000175476074219e+01,2.813500213623046875e+01,2.808300209045410156e+01,2.802800178527832031e+01,2.796800041198730469e+01,2.788800048828125000e+01,2.786000061035156250e+01,2.782300186157226562e+01,2.780300140380859375e+01,2.772300148010253906e+01,2.763500213623046875e+01,2.753000068664550781e+01,2.743300056457519531e+01,2.733800125122070312e+01,2.725300216674804688e+01,2.717300224304199219e+01,2.704800033569335938e+01,2.693300056457519531e+01,2.681800079345703125e+01,2.664300155639648438e+01,2.645800209045410156e+01,2.633300209045410156e+01,2.621000099182128906e+01,2.609500122070312500e+01,2.599800109863281250e+01,2.583000183105468750e+01,2.564000129699707031e+01,2.544500160217285156e+01,2.521000099182128906e+01,2.495800209045410156e+01,2.466000175476074219e+01,2.437800025939941406e+01,2.410300064086914062e+01,2.388500022888183594e+01,2.376300048828125000e+01,2.369300079345703125e+01,2.362500190734863281e+01,2.355800056457519531e+01,2.351500129699707031e+01,2.345300102233886719e+01,2.334300041198730469e+01,2.317800140380859375e+01,2.293000030517578125e+01,2.263800048828125000e+01,2.228300094604492188e+01,2.191500091552734375e+01,2.155300140380859375e+01,2.116300010681152344e+01,2.071500015258789062e+01,2.020300102233886719e+01,1.965000152587890625e+01,1.917500114440917969e+01,1.886800003051757812e+01,1.000000020040877343e+20,1.000000020040877343e+20,1.000000020040877343e+20,1.000000020040877343e+20,1.000000020040877343e+20,1.000000020040877343e+20,1.000000020040877343e+20,1.000000020040877343e+20,1.000000020040877343e+20,1.000000020040877343e+20,1.000000020040877343e+20,1.000000020040877343e+20,1.000000020040877343e+20,1.000000020040877343e+20,1.000000020040877343e+20,1.000000020040877343e+20
1.000000020040877343e+20,1.000000020040877343e+20,1.000000020040877343e+20,1.000000020040877343e+20,1.000000020040877343e+20,1.000000020040877343e+20,1.000000020040877343e+20,1.000000020040877343e+20,1.000000020040877343e+20,1.000000020040877343e+20,1.000000020040877343e+20,1.000000020040877343e+20,1.000000020040877343e+20,1.000000020040877343e+20,1.000000020040877343e+20,1.000000020040877343e+20,1.000000020040877343e+20,1.000000020040877343e+20,1.000000020040877343e+20,1.000000020040877343e+20,1.000000020040877343e+20,1.000000020040877343e+20,1.000000020040877343e+20,1.000000020040877343e+20,1.000000020040877343e+20,1.000000020040877343e+20,1.000000020040877343e+20,1.000000020040877343e+20,1.000000020040877343e+20,1.000000020040877343e+20,1.000000020040877343e+20,1.000000020040877343e+20,1.000000020040877343e+20,1.000000020040877343e+20,1.000000020040877343e+20,1.000000020040877343e+20,1.000000020040877343e+20,1.000000020040877343e+20,3.060000228881835938e+01,3.090300178527832031e+01,3.110300064086914062e+01,3.129800224304199219e+01,1.000000020040877343e+20,1.000000020040877343e+20,1.000000020040877343e+20,1.000000020040877343e+20,1.000000020040877343e+20,1.000000020040877343e+20,1.000000020040877343e+20,1.000000020040877343e+20,1.000000020040877343e+20,1.000000020040877343e+20,1.000000020040877343e+20,1.000000020040877343e+20,1.000000020040877343e+20,1.000000020040877343e+20,1.000000020040877343e+20,2.777000045776367188e+01,2.792300224304199219e+01,2.826800155639648438e+01,2.863500213623046875e+01,2.894800186157226562e+01,2.917300224304199219e+01,2.933500099182128906e+01,2.945000076293945312e+01,2.950800132751464844e+01,2.952300071716308594e+01,2.950500106811523438e+01,2.951500129699707031e+01,2.953500175476074219e+01,2.957500076293945312e+01,2.961800193786621094e+01,2.962300109863281250e+01,1.000000020040877343e+20,1.000000020040877343e+20,1.000000020040877343e+20,1.000000020040877343e+20,1.000000020040877343e+20,1.000000020040877343e+20,1.000000020040877343e+20,1.000000020040877343e+20,1.000000020040877343e+20,1.000000020040877343e+20,1.000000020040877343e+20,2.967500114440917969e+01,2.967000198364257812e+01,2.967500114440917969e+01,2.965000152587890625e+01,2.962300109863281250e+01,2.957000160217285156e+01,2.947500228881835938e+01,2.936800193786621094e+01,2.925800132751464844e+01,2.915800094604492188e+01,1.000000020040877343e+20,1.000000020040877343e+20,1.000000020040877343e+20,1.000000020040877343e+20,1.000000020040877343e+20,1.000000020040877343e+20,1.000000020040877343e+20,1.000000020040877343e+20,1.000000020040877343e+20,1.000000020040877343e+20,1.000000020040877343e+20,1.000000020040877343e+20,2.916800117492675781e+01,2.914300155639648438e+01,2.918000221252441406e+01,1.000000020040877343e+20,2.908500099182128906e+01,2.891800117492675781e+01,2.885800170898437500e+01,2.874500083923339844e+01,2.870000076293945312e+01,2.867300224304199219e+01,2.869300079345703125e+01,2.877500152587890625e+01,2.892300224304199219e+01,2.901800155639648438e+01,2.903500175476074219e+01,2.898300170898437500e+01,2.902000045776367188e+01,2.904800224304199219e+01,2.910000228881835938e+01,2.913300132751464844e+01,2.917500114440917969e+01,2.922300148010253906e+01,2.928800201416015625e+01,2.939800071716308594e+01,2.944000053405761719e+01,2.950000190734863281e+01,2.952000045776367188e+01,2.950000190734863281e+01,2.947000122070312500e+01,2.939300155639648438e+01,2.933500099182128906e+01,2.930000114440917969e+01,2.931800079345703125e+01,2.932800102233886719e+01,2.935800170898437500e+01,2.940300178527832031e+01,2.938800048828125000e+01,2.937300109863281250e+01,2.929800224304199219e+01,2.920800209045410156e+01,2.918000221252441406e+01,2.919800186157226562e+01,2.918500137329101562e+01,2.917300224304199219e+01,2.914500045776367188e+01,2.910300064086914062e+01,2.905000114440917969e+01,2.900000190734863281e+01,2.893000221252441406e+01,2.887300109863281250e+01,2.880300140380859375e+01,2.875800132751464844e+01,2.871300125122070312e+01,2.867500114440917969e+01,2.863000106811523438e+01,2.855300140380859375e+01,2.846800041198730469e+01,2.835300064086914062e+01,2.827000045776367188e+01,2.815300178527832031e+01,2.806300163269042969e+01,2.797800064086914062e+01,2.792500114440917969e+01,2.780500221252441406e+01,2.769500160217285156e+01,2.758800125122070312e+01,2.750800132751464844e+01,2.741800117492675781e+01,2.736000061035156250e+01,2.732800102233886719e+01,2.732000160217285156e+01,2.728500175476074219e+01,2.722500038146972656e+01,2.716000175476074219e+01,2.708000183105468750e+01,2.705000114440917969e+01,2.701300048828125000e+01,2.699500083923339844e+01,2.698800086975097656e+01,2.698800086975097656e+01,2.695500183105468750e+01,2.689800071716308594e+01,2.686500167846679688e+01,2.682000160217285156e+01,2.681500053405761719e+01,2.678500175476074219e+01,2.677500152587890625e+01,2.678300094604492188e+01,2.679800033569335938e+01,2.679800033569335938e+01,2.676000213623046875e+01,2.672300148010253906e+01,2.665000152587890625e+01,2.657000160217285156e+01,2.651300048828125000e+01,2.641300201416015625e+01,2.630000114440917969e+01,2.620800209045410156e+01,2.605300140380859375e+01,2.585800170898437500e+01,2.574800109863281250e+01,2.564500045776367188e+01,2.557000160217285156e+01,2.549000167846679688e+01,2.542300033569335938e+01,2.536800193786621094e+01,2.531300163269042969e+01,2.526800155639648438e+01,2.519300079345703125e+01,2.511300086975097656e+01,2.504000091552734375e+01,2.497800064086914062e+01,2.488000106811523438e+01,2.480800056457519531e+01,2.474800109863281250e+01,2.467500114440917969e+01,2.462500190734863281e+01,2.456500053405761719e+01,2.451300048828125000e+01,2.444300079345703125e+01,2.437500190734863281e+01,2.431800079345703125e+01,2.430800056457519531e+01,2.438800048828125000e+01,2.442000198364257812e+01,2.450500106811523438e+01,2.454800033569335938e+01,2.453300094604492188e+01,2.451000022888183594e+01,2.445000076293945312e+01,2.439800071716308594e+01,2.440500068664550781e+01,2.447000122070312500e+01,2.460800170898437500e+01,2.475500106811523438e+01,2.491000175476074219e+01,2.502500152587890625e+01,2.516800117492675781e+01,2.527800178527832031e+01,2.535500144958496094e+01,2.549000167846679688e+01,2.565000152587890625e+01,2.588000106811523438e+01,2.621000099182128906e+01,2.660000038146972656e+01,2.703300094604492188e+01,2.754300117492675781e+01,2.805300140380859375e+01,2.848800086975097656e+01,2.901500129699707031e+01,2.932800102233886719e+01,1.000000020040877343e+20,1.000000020040877343e+20,1.000000020040877343e+20,1.000000020040877343e+20,1.000000020040877343e+20,1.000000020040877343e+20,1.000000020040877343e+20,1.000000020040877343e+20,2.894000053405761719e+01,2.893500137329101562e+01,2.890500068664550781e+01,1.000000020040877343e+20,1.000000020040877343e+20,1.000000020040877343e+20,1.000000020040877343e+20,2.882500076293945312e+01,2.877000045776367188e+01,2.868300056457519531e+01,2.858500099182128906e+01,2.843800163269042969e+01,2.835000228881835938e+01,2.833800125122070312e+01,2.842500114440917969e+01,2.853800201416015625e+01,2.859800148010253906e+01,2.867300224304199219e+01,2.871000099182128906e+01,2.867800140380859375e+01,2.861800193786621094e+01,2.858800125122070312e+01,1.000000020040877343e+20,1.000000020040877343e+20,1.000000020040877343e+20,2.814800071716308594e+01,2.812300109863281250e+01,2.813500213623046875e+01,2.808800125122070312e+01,2.805500221252441406e+01,2.800000190734863281e+01,2.793500137329101562e+01,2.793500137329101562e+01,2.795300102233886719e+01,2.799000167846679688e+01,2.793300056457519531e+01,2.786300086975097656e+01,2.775800132751464844e+01,2.762000083923339844e+01,2.744500160217285156e+01,2.730300140380859375e+01,2.716800117492675781e+01,2.704300117492675781e+01,2.692300033569335938e+01,2.680500221252441406e+01,2.666300201416015625e+01,2.654300117492675781e+01,2.640500068664550781e+01,2.627800178527832031e+01,2.617800140380859375e+01,2.603300094604492188e+01,2.584300041198730469e+01,2.560300064086914062e+01,2.537300109863281250e+01,2.512500190734863281e+01,2.490800094604492188e+01,2.462300109863281250e+01,2.436300086975097656e+01,2.409500122070312500e+01,2.393300056457519531e+01,2.382500076293945312e+01,2.373300170898437500e+01,2.366800117492675781e+01,2.359800148010253906e+01,2.357300186157226562e+01,2.351800155639648438e+01,2.341800117492675781e+01,2.328800201416015625e+01,2.308300018310546875e+01,2.278300094604492188e+01,2.243800163269042969e+01,2.206300163269042969e+01,2.170500183105468750e+01,2.135000038146972656e+01,2.103800010681152344e+01,2.070800018310546875e+01,2.040300178527832031e+01,2.010300064086914062e+01,1.987500000000000000e+01,1.000000020040877343e+20,1.000000020040877343e+20,1.000000020040877343e+20,1.000000020040877343e+20,1.000000020040877343e+20,1.000000020040877343e+20,1.000000020040877343e+20,1.000000020040877343e+20,1.000000020040877343e+20,1.000000020040877343e+20,1.000000020040877343e+20,1.000000020040877343e+20,1.000000020040877343e+20,1.000000020040877343e+20,1.000000020040877343e+20,1.000000020040877343e+20
1.000000020040877343e+20,1.000000020040877343e+20,1.000000020040877343e+20,1.000000020040877343e+20,1.000000020040877343e+20,1.000000020040877343e+20,1.000000020040877343e+20,1.000000020040877343e+20,1.000000020040877343e+20,1.000000020040877343e+20,1.000000020040877343e+20,1.000000020040877343e+20,1.000000020040877343e+20,1.000000020040877343e+20,1.000000020040877343e+20,1.000000020040877343e+20,1.000000020040877343e+20,1.000000020040877343e+20,1.000000020040877343e+20,1.000000020040877343e+20,1.000000020040877343e+20,1.000000020040877343e+20,1.000000020040877343e+20,1.000000020040877343e+20,1.000000020040877343e+20,1.000000020040877343e+20,1.000000020040877343e+20,1.000000020040877343e+20,1.000000020040877343e+20,1.000000020040877343e+20,1.000000020040877343e+20,1.000000020040877343e+20,1.000000020040877343e+20,1.000000020040877343e+20,1.000000020040877343e+20,1.000000020040877343e+20,1.000000020040877343e+20,1.000000020040877343e+20,1.000000020040877343e+20,3.132500076293945312e+01,3.147000122070312500e+01,3.157500076293945312e+01,1.000000020040877343e+20,1.000000020040877343e+20,1.000000020040877343e+20,1.000000020040877343e+20,1.000000020040877343e+20,1.000000020040877343e+20,1.000000020040877343e+20,1.000000020040877343e+20,1.000000020040877343e+20,1.000000020040877343e+20,1.000000020040877343e+20,1.000000020040877343e+20,1.000000020040877343e+20,2.774300193786621094e+01,2.789300155639648438e+01,2.816300201416015625e+01,2.843500137329101562e+01,2.869000053405761719e+01,2.893800163269042969e+01,2.911800193786621094e+01,2.927300071716308594e+01,2.939000129699707031e+01,2.949000167846679688e+01,2.954300117492675781e+01,2.956000137329101562e+01,2.954300117492675781e+01,2.952500152587890625e+01,2.953300094604492188e+01,2.956300163269042969e+01,2.958300209045410156e+01,2.955500221252441406e+01,1.000000020040877343e+20,1.000000020040877343e+20,1.000000020040877343e+20,1.000000020040877343e+20,1.000000020040877343e+20,1.000000020040877343e+20,1.000000020040877343e+20,1.000000020040877343e+20,1.000000020040877343e+20,1.000000020040877343e+20,2.966000175476074219e+01,2.960800170898437500e+01,2.960000228881835938e+01,2.957000160217285156e+01,2.954500198364257812e+01,2.950800132751464844e+01,2.946800231933593750e+01,2.940000152587890625e+01,2.929500198364257812e+01,2.917300224304199219e+01,2.906500053405761719e+01,2.895500183105468750e+01,1.000000020040877343e+20,1.000000020040877343e+20,1.000000020040877343e+20,1.000000020040877343e+20,1.000000020040877343e+20,1.000000020040877343e+20,1.000000020040877343e+20,1.000000020040877343e+20,1.000000020040877343e+20,1.000000020040877343e+20,1.000000020040877343e+20,1.000000020040877343e+20,2.915000152587890625e+01,2.920300102233886719e+01,2.920800209045410156e+01,2.913800048828125000e+01,2.907800102233886719e+01,2.902000045776367188e+01,2.898300170898437500e+01,2.896000099182128906e+01,2.893000221252441406e+01,2.894000053405761719e+01,2.897800064086914062e+01,2.909000205993652344e+01,2.917000198364257812e+01,2.918500137329101562e+01,1.000000020040877343e+20,2.916300201416015625e+01,2.917500114440917969e+01,2.923500061035156250e+01,2.922300148010253906e+01,2.923300170898437500e+01,2.927800178527832031e+01,2.931000137329101562e+01,2.936500167846679688e+01,2.940800094604492188e+01,2.949300193786621094e+01,2.957500076293945312e+01,2.961500167846679688e+01,2.957000160217285156e+01,2.949000167846679688e+01,2.943000221252441406e+01,2.939300155639648438e+01,2.938000106811523438e+01,2.938500213623046875e+01,2.934500122070312500e+01,2.933500099182128906e+01,2.933500099182128906e+01,2.926300048828125000e+01,2.918800163269042969e+01,2.911000061035156250e+01,2.909000205993652344e+01,2.911800193786621094e+01,2.916000175476074219e+01,2.916800117492675781e+01,2.914300155639648438e+01,2.911300086975097656e+01,2.907500076293945312e+01,2.899300193786621094e+01,2.893300056457519531e+01,2.887300109863281250e+01,2.880300140380859375e+01,2.872000122070312500e+01,2.865500068664550781e+01,2.860000228881835938e+01,2.852500152587890625e+01,2.846000099182128906e+01,2.835500144958496094e+01,2.826800155639648438e+01,2.815500068664550781e+01,2.807300186157226562e+01,2.797300148010253906e+01,2.792300224304199219e+01,2.784000205993652344e+01,2.775800132751464844e+01,2.765000152587890625e+01,2.756500053405761719e+01,2.749500083923339844e+01,2.746500205993652344e+01,2.742500114440917969e+01,2.739500045776367188e+01,2.734500122070312500e+01,2.730300140380859375e+01,2.723500061035156250e+01,2.718800163269042969e+01,2.713000106811523438e+01,2.708300209045410156e+01,2.706500053405761719e+01,2.706800079345703125e+01,2.707000160217285156e+01,2.705500221252441406e+01,2.701800155639648438e+01,2.696300125122070312e+01,2.692800140380859375e+01,2.689500045776367188e+01,2.687800216674804688e+01,2.683800125122070312e+01,2.683000183105468750e+01,2.681300163269042969e+01,2.679800033569335938e+01,2.677000045776367188e+01,2.672000122070312500e+01,2.667000198364257812e+01,2.661300086975097656e+01,2.654300117492675781e+01,2.645800209045410156e+01,2.635300064086914062e+01,2.625800132751464844e+01,2.614800071716308594e+01,2.606300163269042969e+01,2.597300148010253906e+01,2.588000106811523438e+01,2.581800079345703125e+01,2.574500083923339844e+01,2.569000053405761719e+01,2.562300109863281250e+01,2.555300140380859375e+01,2.550300025939941406e+01,2.545300102233886719e+01,2.540000152587890625e+01,2.534300041198730469e+01,2.526500129699707031e+01,2.518300056457519531e+01,2.511300086975097656e+01,2.504000091552734375e+01,2.497000122070312500e+01,2.491800117492675781e+01,2.486800193786621094e+01,2.485500144958496094e+01,2.483000183105468750e+01,2.477300071716308594e+01,2.474500083923339844e+01,2.473300170898437500e+01,2.480500030517578125e+01,2.490800094604492188e+01,2.498300170898437500e+01,2.505800056457519531e+01,2.506300163269042969e+01,2.507800102233886719e+01,2.509500122070312500e+01,2.509000205993652344e+01,2.504800033569335938e+01,2.502500152587890625e+01,2.504300117492675781e+01,2.510000038146972656e+01,2.525800132751464844e+01,2.539300155639648438e+01,2.553000068664550781e+01,2.570500183105468750e+01,2.585800170898437500e+01,2.599500083923339844e+01,2.617300033569335938e+01,2.635800170898437500e+01,2.657000160217285156e+01,2.682800102233886719e+01,2.710500144958496094e+01,2.744000053405761719e+01,2.775500106811523438e+01,2.813000106811523438e+01,2.854300117492675781e+01,2.892300224304199219e+01,2.925500106811523438e+01,2.958800125122070312e+01,2.977800178527832031e+01,1.000000020040877343e+20,1.000000020040877343e+20,1.000000020040877343e+20,1.000000020040877343e+20,1.000000020040877343e+20,1.000000020040877343e+20,1.000000020040877343e+20,1.000000020040877343e+20,1.000000020040877343e+20,1.000000020040877343e+20,1.000000020040877343e+20,1.000000020040877343e+20,1.000000020040877343e+20,2.893300056457519531e+01,2.885000228881835938e+01,2.872800064086914062e+01,2.859800148010253906e+01,2.843000221252441406e+01,2.831300163269042969e+01,2.822000122070312500e+01,2.820300102233886719e+01,2.824500083923339844e+01,2.827300071716308594e+01,2.829500198364257812e+01,2.831300163269042969e+01,2.833800125122070312e+01,2.834000205993652344e+01,2.835300064086914062e+01,2.832300186157226562e+01,2.828800201416015625e+01,2.820500183105468750e+01,2.811000061035156250e+01,2.811000061035156250e+01,2.813300132751464844e+01,2.811800193786621094e+01,2.810300064086914062e+01,2.806800079345703125e+01,2.805500221252441406e+01,2.806500053405761719e+01,2.807300186157226562e+01,2.809300041198730469e+01,2.805000114440917969e+01,2.796800041198730469e+01,2.782500076293945312e+01,2.766500091552734375e+01,2.751000213623046875e+01,2.733300209045410156e+01,2.717000198364257812e+01,2.702800178527832031e+01,2.689500045776367188e+01,2.677300071716308594e+01,2.663800048828125000e+01,2.648000144958496094e+01,2.632800102233886719e+01,2.618500137329101562e+01,2.606300163269042969e+01,2.591000175476074219e+01,2.569800186157226562e+01,2.552800178527832031e+01,2.531500053405761719e+01,2.508800125122070312e+01,2.492500114440917969e+01,2.475800132751464844e+01,2.450800132751464844e+01,2.421000099182128906e+01,2.402800178527832031e+01,2.384300041198730469e+01,2.378300094604492188e+01,2.371000099182128906e+01,2.363500022888183594e+01,2.361500167846679688e+01,2.357500076293945312e+01,2.350000190734863281e+01,2.345300102233886719e+01,2.331500053405761719e+01,2.308000183105468750e+01,2.276800155639648438e+01,2.240800094604492188e+01,2.207500076293945312e+01,2.180800056457519531e+01,2.161500167846679688e+01,2.146800041198730469e+01,2.135800170898437500e+01,2.118800163269042969e+01,2.100300025939941406e+01,1.000000020040877343e+20,1.000000020040877343e+20,1.000000020040877343e+20,1.000000020040877343e+20,1.000000020040877343e+20,1.000000020040877343e+20,1.000000020040877343e+20,1.000000020040877343e+20,1.000000020040877343e+20,1.000000020040877343e+20,1.000000020040877343e+20,1.000000020040877343e+20,1.000000020040877343e+20,1.000000020040877343e+20,1.000000020040877343e+20,1.000000020040877343e+20
1.000000020040877343e+20,1.000000020040877343e+20,1.000000020040877343e+20,1.000000020040877343e+20,1.000000020040877343e+20,1.000000020040877343e+20,1.000000020040877343e+20,1.000000020040877343e+20,1.000000020040877343e+20,1.000000020040877343e+20,1.000000020040877343e+20,1.000000020040877343e+20,1.000000020040877343e+20,1.000000020040877343e+20,1.000000020040877343e+20,1.000000020040877343e+20,1.000000020040877343e+20,1.000000020040877343e+20,1.000000020040877343e+20,1.000000020040877343e+20,1.000000020040877343e+20,1.000000020040877343e+20,1.000000020040877343e+20,1.000000020040877343e+20,1.000000020040877343e+20,1.000000020040877343e+20,1.000000020040877343e+20,1.000000020040877343e+20,1.000000020040877343e+20,1.000000020040877343e+20,1.000000020040877343e+20,1.000000020040877343e+20,1.000000020040877343e+20,1.000000020040877343e+20,1.000000020040877343e+20,1.000000020040877343e+20,1.000000020040877343e+20,1.000000020040877343e+20,1.000000020040877343e+20,3.150800132751464844e+01,3.159800148010253906e+01,3.168000221252441406e+01,3.168500137329101562e+01,1.000000020040877343e+20,1.000000020040877343e+20,1.000000020040877343e+20,1.000000020040877343e+20,1.000000020040877343e+20,1.000000020040877343e+20,1.000000020040877343e+20,1.000000020040877343e+20,1.000000020040877343e+20,2.910300064086914062e+01,2.887500190734863281e+01,2.868300056457519531e+01,2.829000091552734375e+01,2.833500099182128906e+01,2.848300170898437500e+01,2.871800041198730469e+01,2.893300056457519531e+01,2.908300209045410156e+01,2.919300079345703125e+01,2.928000068664550781e+01,2.936500167846679688e+01,2.945000076293945312e+01,2.951800155639648438e+01,2.957300186157226562e+01,2.957000160217285156e+01,2.955300140380859375e+01,2.954500198364257812e+01,2.951300048828125000e+01,2.946800231933593750e+01,2.942300224304199219e+01,2.933300209045410156e+01,1.000000020040877343e+20,1.000000020040877343e+20,1.000000020040877343e+20,1.000000020040877343e+20,1.000000020040877343e+20,1.000000020040877343e+20,1.000000020040877343e+20,1.000000020040877343e+20,2.982000160217285156e+01,2.970300102233886719e+01,2.963300132751464844e+01,2.955800056457519531e+01,2.949800109863281250e+01,2.941800117492675781e+01,2.934800148010253906e+01,2.930300140380859375e+01,2.923500061035156250e+01,2.915000152587890625e+01,2.905300140380859375e+01,2.897300148010253906e+01,1.000000020040877343e+20,1.000000020040877343e+20,2.900300216674804688e+01,2.907500076293945312e+01,1.000000020040877343e+20,1.000000020040877343e+20,1.000000020040877343e+20,1.000000020040877343e+20,1.000000020040877343e+20,1.000000020040877343e+20,1.000000020040877343e+20,1.000000020040877343e+20,1.000000020040877343e+20,2.911300086975097656e+01,2.916800117492675781e+01,2.921300125122070312e+01,2.919300079345703125e+01,2.915500068664550781e+01,2.916000175476074219e+01,2.912500190734863281e+01,2.911500167846679688e+01,2.912800216674804688e+01,2.912300109863281250e+01,2.912500190734863281e+01,2.912800216674804688e+01,2.914000129699707031e+01,1.000000020040877343e+20,1.000000020040877343e+20,2.914800071716308594e+01,2.920800209045410156e+01,2.923000144958496094e+01,2.927500152587890625e+01,2.931000137329101562e+01,2.932800102233886719e+01,2.933300209045410156e+01,2.933800125122070312e+01,2.939500045776367188e+01,2.947500228881835938e+01,2.955000114440917969e+01,2.958000183105468750e+01,2.953800201416015625e+01,2.947500228881835938e+01,2.940500068664550781e+01,2.934800148010253906e+01,2.935800170898437500e+01,2.932000160217285156e+01,2.929800224304199219e+01,2.927300071716308594e+01,2.922800064086914062e+01,2.916300201416015625e+01,2.908300209045410156e+01,2.902000045776367188e+01,2.900000190734863281e+01,2.902800178527832031e+01,2.906500053405761719e+01,2.906000137329101562e+01,2.903800201416015625e+01,2.901500129699707031e+01,2.896800231933593750e+01,2.891500091552734375e+01,2.888800048828125000e+01,2.882500076293945312e+01,2.872000122070312500e+01,2.862500190734863281e+01,2.855300140380859375e+01,2.850500106811523438e+01,2.842300224304199219e+01,2.834800148010253906e+01,2.829500198364257812e+01,2.818500137329101562e+01,2.808800125122070312e+01,2.800500106811523438e+01,2.791500091552734375e+01,2.786800193786621094e+01,2.778500175476074219e+01,2.770500183105468750e+01,2.761300086975097656e+01,2.756500053405761719e+01,2.751500129699707031e+01,2.750000190734863281e+01,2.747800064086914062e+01,2.742300224304199219e+01,2.739500045776367188e+01,2.734000205993652344e+01,2.730000114440917969e+01,2.722800064086914062e+01,2.719800186157226562e+01,2.717000198364257812e+01,2.714500045776367188e+01,2.713000106811523438e+01,2.712800216674804688e+01,2.709800148010253906e+01,2.706800079345703125e+01,2.705000114440917969e+01,2.701500129699707031e+01,2.698800086975097656e+01,2.694300079345703125e+01,2.691500091552734375e+01,2.689000129699707031e+01,2.684300041198730469e+01,2.679300117492675781e+01,2.674000167846679688e+01,2.669500160217285156e+01,2.664300155639648438e+01,2.659300041198730469e+01,2.654300117492675781e+01,2.645000076293945312e+01,2.637500190734863281e+01,2.627300071716308594e+01,2.619800186157226562e+01,2.613300132751464844e+01,2.606500053405761719e+01,2.601500129699707031e+01,2.597800064086914062e+01,2.594500160217285156e+01,2.589800071716308594e+01,2.587500190734863281e+01,2.582500076293945312e+01,2.577000045776367188e+01,2.573000144958496094e+01,2.567800140380859375e+01,2.561000061035156250e+01,2.556300163269042969e+01,2.551800155639648438e+01,2.543800163269042969e+01,2.539300155639648438e+01,2.535300064086914062e+01,2.531000137329101562e+01,2.528000068664550781e+01,2.525500106811523438e+01,2.526000213623046875e+01,2.523800086975097656e+01,2.524300193786621094e+01,2.529000091552734375e+01,2.534500122070312500e+01,2.543800163269042969e+01,2.555300140380859375e+01,2.563800048828125000e+01,2.568800163269042969e+01,2.573500061035156250e+01,2.572800064086914062e+01,2.572800064086914062e+01,2.566500091552734375e+01,2.564300155639648438e+01,2.564000129699707031e+01,2.567500114440917969e+01,2.576800155639648438e+01,2.586300086975097656e+01,2.600000190734863281e+01,2.616000175476074219e+01,2.631500053405761719e+01,2.646300125122070312e+01,2.664300155639648438e+01,2.686000061035156250e+01,2.710000038146972656e+01,2.736300086975097656e+01,2.761800193786621094e+01,2.787800216674804688e+01,2.813300132751464844e+01,2.842500114440917969e+01,2.870000076293945312e+01,2.898000144958496094e+01,2.924300193786621094e+01,2.953300094604492188e+01,2.972800064086914062e+01,2.988800048828125000e+01,3.002000236511230469e+01,3.008800125122070312e+01,1.000000020040877343e+20,1.000000020040877343e+20,1.000000020040877343e+20,1.000000020040877343e+20,1.000000020040877343e+20,1.000000020040877343e+20,1.000000020040877343e+20,1.000000020040877343e+20,1.000000020040877343e+20,2.914800071716308594e+01,2.908800125122070312e+01,2.899800109863281250e+01,2.885000228881835938e+01,2.868000221252441406e+01,2.855800056457519531e+01,2.840500068664550781e+01,2.825800132751464844e+01,2.812500190734863281e+01,2.806500053405761719e+01,2.805300140380859375e+01,2.805500221252441406e+01,2.807800102233886719e+01,2.806500053405761719e+01,2.808000183105468750e+01,2.807300186157226562e+01,2.808500099182128906e+01,2.809500122070312500e+01,2.807800102233886719e+01,2.811300086975097656e+01,2.815800094604492188e+01,2.819000053405761719e+01,2.817300224304199219e+01,2.821000099182128906e+01,2.817500114440917969e+01,2.812000083923339844e+01,2.808300209045410156e+01,2.804800224304199219e+01,2.798500061035156250e+01,2.793300056457519531e+01,2.782800102233886719e+01,2.767500114440917969e+01,2.755300140380859375e+01,2.742500114440917969e+01,2.730300140380859375e+01,2.721800041198730469e+01,2.708300209045410156e+01,2.695800209045410156e+01,2.681000137329101562e+01,2.663000106811523438e+01,2.646800041198730469e+01,2.632300186157226562e+01,2.618000030517578125e+01,2.604500198364257812e+01,2.586000061035156250e+01,2.567300033569335938e+01,2.551500129699707031e+01,2.535300064086914062e+01,2.515800094604492188e+01,2.502300071716308594e+01,2.485800170898437500e+01,2.461500167846679688e+01,2.441500091552734375e+01,2.419300079345703125e+01,2.403800201416015625e+01,2.392000198364257812e+01,2.386300086975097656e+01,2.384300041198730469e+01,2.382800102233886719e+01,2.378500175476074219e+01,2.375800132751464844e+01,2.370800018310546875e+01,2.360500144958496094e+01,2.344300079345703125e+01,2.318800163269042969e+01,2.291300201416015625e+01,2.267500114440917969e+01,2.252300071716308594e+01,2.244300079345703125e+01,2.245300102233886719e+01,2.247300148010253906e+01,2.244000053405761719e+01,2.200800132751464844e+01,1.000000020040877343e+20,1.000000020040877343e+20,1.000000020040877343e+20,1.000000020040877343e+20,1.000000020040877343e+20,1.000000020040877343e+20,1.000000020040877343e+20,1.000000020040877343e+20,1.000000020040877343e+20,1.000000020040877343e+20,1.000000020040877343e+20,1.000000020040877343e+20,1.000000020040877343e+20,1.000000020040877343e+20,1.000000020040877343e+20,1.000000020040877343e+20
1.000000020040877343e+20,1.000000020040877343e+20,1.000000020040877343e+20,1.000000020040877343e+20,1.000000020040877343e+20,1.000000020040877343e+20,1.000000020040877343e+20,1.000000020040877343e+20,1.000000020040877343e+20,1.000000020040877343e+20,1.000000020040877343e+20,1.000000020040877343e+20,1.000000020040877343e+20,1.000000020040877343e+20,1.000000020040877343e+20,1.000000020040877343e+20,1.000000020040877343e+20,1.000000020040877343e+20,1.000000020040877343e+20,1.000000020040877343e+20,1.000000020040877343e+20,1.000000020040877343e+20,1.000000020040877343e+20,1.000000020040877343e+20,1.000000020040877343e+20,1.000000020040877343e+20,1.000000020040877343e+20,1.000000020040877343e+20,1.000000020040877343e+20,1.000000020040877343e+20,1.000000020040877343e+20,1.000000020040877343e+20,1.000000020040877343e+20,1.000000020040877343e+20,1.000000020040877343e+20,1.000000020040877343e+20,1.000000020040877343e+20,1.000000020040877343e+20,1.000000020040877343e+20,3.150500106811523438e+01,3.156800079345703125e+01,3.156300163269042969e+01,3.155800056457519531e+01,1.000000020040877343e+20,1.000000020040877343e+20,1.000000020040877343e+20,1.000000020040877343e+20,1.000000020040877343e+20,1.000000020040877343e+20,1.000000020040877343e+20,1.000000020040877343e+20,2.957000160217285156e+01,2.924500083923339844e+01,2.906500053405761719e+01,2.888800048828125000e+01,2.876800155639648438e+01,2.871500205993652344e+01,2.876000213623046875e+01,2.886000061035156250e+01,2.898300170898437500e+01,2.909300231933593750e+01,2.916000175476074219e+01,2.921800231933593750e+01,2.927300071716308594e+01,2.937300109863281250e+01,2.948000144958496094e+01,2.954500198364257812e+01,2.957500076293945312e+01,2.958300209045410156e+01,2.953500175476074219e+01,2.946000099182128906e+01,2.935500144958496094e+01,2.925300216674804688e+01,2.914800071716308594e+01,1.000000020040877343e+20,1.000000020040877343e+20,1.000000020040877343e+20,1.000000020040877343e+20,1.000000020040877343e+20,1.000000020040877343e+20,2.978500175476074219e+01,2.979800224304199219e+01,2.974800109863281250e+01,2.968300056457519531e+01,2.958300209045410156e+01,2.947800064086914062e+01,2.937500190734863281e+01,2.928300094604492188e+01,2.919500160217285156e+01,2.912800216674804688e+01,2.906300163269042969e+01,2.900800132751464844e+01,2.895000076293945312e+01,2.888300132751464844e+01,2.881300163269042969e+01,2.881000137329101562e+01,2.889300155639648438e+01,2.892300224304199219e+01,1.000000020040877343e+20,1.000000020040877343e+20,1.000000020040877343e+20,1.000000020040877343e+20,1.000000020040877343e+20,1.000000020040877343e+20,1.000000020040877343e+20,1.000000020040877343e+20,1.000000020040877343e+20,1.000000020040877343e+20,1.000000020040877343e+20,2.911800193786621094e+01,2.914300155639648438e+01,2.915800094604492188e+01,2.918800163269042969e+01,2.919300079345703125e+01,2.924300193786621094e+01,2.922300148010253906e+01,2.917800140380859375e+01,2.915000152587890625e+01,2.914800071716308594e+01,2.913800048828125000e+01,1.000000020040877343e+20,1.000000020040877343e+20,2.916300201416015625e+01,2.922800064086914062e+01,2.928000068664550781e+01,2.932300186157226562e+01,2.932000160217285156e+01,2.935300064086914062e+01,2.935500144958496094e+01,2.937300109863281250e+01,2.942000198364257812e+01,2.952800178527832031e+01,2.956800079345703125e+01,2.959500122070312500e+01,2.953800201416015625e+01,2.947000122070312500e+01,2.939500045776367188e+01,2.931800079345703125e+01,2.924300193786621094e+01,2.919800186157226562e+01,2.914300155639648438e+01,2.912300109863281250e+01,2.910000228881835938e+01,2.905300140380859375e+01,2.901500129699707031e+01,2.896800231933593750e+01,2.893500137329101562e+01,2.894500160217285156e+01,2.894500160217285156e+01,2.891500091552734375e+01,2.888800048828125000e+01,2.885800170898437500e+01,2.880800056457519531e+01,2.878000068664550781e+01,2.871800041198730469e+01,2.863300132751464844e+01,2.856300163269042969e+01,2.850500106811523438e+01,2.846000099182128906e+01,2.841800117492675781e+01,2.836000061035156250e+01,2.829300117492675781e+01,2.822800064086914062e+01,2.813500213623046875e+01,2.805300140380859375e+01,2.796000099182128906e+01,2.789000129699707031e+01,2.781000137329101562e+01,2.774800109863281250e+01,2.768800163269042969e+01,2.764300155639648438e+01,2.759300041198730469e+01,2.755300140380859375e+01,2.755000114440917969e+01,2.754300117492675781e+01,2.751000213623046875e+01,2.747500038146972656e+01,2.745000076293945312e+01,2.739800071716308594e+01,2.736500167846679688e+01,2.733500099182128906e+01,2.731300163269042969e+01,2.727500152587890625e+01,2.725500106811523438e+01,2.719500160217285156e+01,2.718800163269042969e+01,2.716300201416015625e+01,2.714500045776367188e+01,2.712800216674804688e+01,2.711000061035156250e+01,2.706800079345703125e+01,2.701300048828125000e+01,2.696000099182128906e+01,2.690300178527832031e+01,2.686000061035156250e+01,2.679300117492675781e+01,2.673300170898437500e+01,2.664800071716308594e+01,2.658800125122070312e+01,2.651800155639648438e+01,2.647300148010253906e+01,2.640500068664550781e+01,2.634000205993652344e+01,2.627800178527832031e+01,2.624800109863281250e+01,2.621000099182128906e+01,2.616300201416015625e+01,2.612500190734863281e+01,2.611000061035156250e+01,2.610000038146972656e+01,2.607500076293945312e+01,2.604000091552734375e+01,2.601800155639648438e+01,2.598500061035156250e+01,2.592500114440917969e+01,2.591000175476074219e+01,2.589500045776367188e+01,2.586000061035156250e+01,2.581800079345703125e+01,2.578500175476074219e+01,2.575800132751464844e+01,2.573800086975097656e+01,2.569800186157226562e+01,2.567300033569335938e+01,2.569000053405761719e+01,2.570800209045410156e+01,2.575500106811523438e+01,2.578800201416015625e+01,2.585500144958496094e+01,2.594500160217285156e+01,2.609300041198730469e+01,2.620800209045410156e+01,2.626300048828125000e+01,2.633500099182128906e+01,2.635500144958496094e+01,2.633500099182128906e+01,2.626300048828125000e+01,2.625000190734863281e+01,2.623800086975097656e+01,2.627300071716308594e+01,2.633000183105468750e+01,2.642800140380859375e+01,2.654500198364257812e+01,2.667500114440917969e+01,2.680500221252441406e+01,2.693300056457519531e+01,2.710500144958496094e+01,2.730500221252441406e+01,2.753000068664550781e+01,2.777500152587890625e+01,2.801500129699707031e+01,2.825000190734863281e+01,2.845300102233886719e+01,2.869000053405761719e+01,2.891500091552734375e+01,2.915000152587890625e+01,2.929800224304199219e+01,2.945800209045410156e+01,2.963300132751464844e+01,2.977800178527832031e+01,2.988800048828125000e+01,2.998500061035156250e+01,3.004500198364257812e+01,3.011300086975097656e+01,3.018300056457519531e+01,3.026300048828125000e+01,3.031800079345703125e+01,1.000000020040877343e+20,1.000000020040877343e+20,1.000000020040877343e+20,1.000000020040877343e+20,1.000000020040877343e+20,1.000000020040877343e+20,1.000000020040877343e+20,1.000000020040877343e+20,1.000000020040877343e+20,2.872000122070312500e+01,2.859800148010253906e+01,2.846000099182128906e+01,2.830500221252441406e+01,2.817800140380859375e+01,2.807300186157226562e+01,2.800800132751464844e+01,2.794000053405761719e+01,2.786800193786621094e+01,2.780800056457519531e+01,2.778500175476074219e+01,2.779500198364257812e+01,2.785800170898437500e+01,2.794500160217285156e+01,2.804300117492675781e+01,2.816000175476074219e+01,2.824800109863281250e+01,2.826800155639648438e+01,2.830500221252441406e+01,2.828300094604492188e+01,2.823000144958496094e+01,2.815000152587890625e+01,2.806000137329101562e+01,2.798300170898437500e+01,2.787000083923339844e+01,2.777000045776367188e+01,2.761000061035156250e+01,2.747500038146972656e+01,2.737000083923339844e+01,2.727800178527832031e+01,2.718300056457519531e+01,2.707000160217285156e+01,2.695500183105468750e+01,2.682500076293945312e+01,2.666000175476074219e+01,2.646500205993652344e+01,2.629300117492675781e+01,2.609500122070312500e+01,2.595300102233886719e+01,2.580000114440917969e+01,2.568000030517578125e+01,2.558800125122070312e+01,2.546300125122070312e+01,2.529000091552734375e+01,2.513800048828125000e+01,2.494300079345703125e+01,2.475300025939941406e+01,2.455300140380859375e+01,2.436300086975097656e+01,2.424500083923339844e+01,2.419300079345703125e+01,2.416300201416015625e+01,2.414000129699707031e+01,2.413000106811523438e+01,2.412800025939941406e+01,2.406000137329101562e+01,2.398000144958496094e+01,2.388000106811523438e+01,2.371800041198730469e+01,2.355300140380859375e+01,2.339800071716308594e+01,2.327500152587890625e+01,2.326000022888183594e+01,2.335800170898437500e+01,2.351000022888183594e+01,2.366000175476074219e+01,2.374300193786621094e+01,1.000000020040877343e+20,1.000000020040877343e+20,1.000000020040877343e+20,1.000000020040877343e+20,1.000000020040877343e+20,1.000000020040877343e+20,1.000000020040877343e+20,1.000000020040877343e+20,1.000000020040877343e+20,1.000000020040877343e+20,1.000000020040877343e+20,1.000000020040877343e+20,1.000000020040877343e+20,1.000000020040877343e+20,1.000000020040877343e+20,1.000000020040877343e+20,1.000000020040877343e+20
1.000000020040877343e+20,1.000000020040877343e+20,1.000000020040877343e+20,1.000000020040877343e+20,1.000000020040877343e+20,1.000000020040877343e+20,1.000000020040877343e+20,1.000000020040877343e+20,1.000000020040877343e+20,1.000000020040877343e+20,1.000000020040877343e+20,1.000000020040877343e+20,1.000000020040877343e+20,1.000000020040877343e+20,1.000000020040877343e+20,1.000000020040877343e+20,1.000000020040877343e+20,1.000000020040877343e+20,1.000000020040877343e+20,1.000000020040877343e+20,1.000000020040877343e+20,1.000000020040877343e+20,1.000000020040877343e+20,1.000000020040877343e+20,1.000000020040877343e+20,1.000000020040877343e+20,1.000000020040877343e+20,1.000000020040877343e+20,1.000000020040877343e+20,1.000000020040877343e+20,1.000000020040877343e+20,1.000000020040877343e+20,1.000000020040877343e+20,1.000000020040877343e+20,1.000000020040877343e+20,1.000000020040877343e+20,1.000000020040877343e+20,1.000000020040877343e+20,1.000000020040877343e+20,1.000000020040877343e+20,1.000000020040877343e+20,3.142000198364257812e+01,3.141000175476074219e+01,1.000000020040877343e+20,1.000000020040877343e+20,1.000000020040877343e+20,1.000000020040877343e+20,1.000000020040877343e+20,1.000000020040877343e+20,3.037500190734863281e+01,3.008500099182128906e+01,2.963500213623046875e+01,2.930300140380859375e+01,2.903500175476074219e+01,2.883800125122070312e+01,2.872500228881835938e+01,2.868000221252441406e+01,2.870500183105468750e+01,2.881000137329101562e+01,2.895000076293945312e+01,2.905800056457519531e+01,2.914800071716308594e+01,2.920000076293945312e+01,2.927800178527832031e+01,2.939500045776367188e+01,2.950300216674804688e+01,2.960000228881835938e+01,2.963500213623046875e+01,2.960000228881835938e+01,2.951500129699707031e+01,2.940500068664550781e+01,2.926300048828125000e+01,2.913500213623046875e+01,2.904000091552734375e+01,2.891300201416015625e+01,1.000000020040877343e+20,1.000000020040877343e+20,1.000000020040877343e+20,1.000000020040877343e+20,1.000000020040877343e+20,2.959000205993652344e+01,2.958500099182128906e+01,2.956800079345703125e+01,2.949800109863281250e+01,2.941500091552734375e+01,2.932800102233886719e+01,2.924000167846679688e+01,2.916000175476074219e+01,2.908000183105468750e+01,2.902000045776367188e+01,2.896000099182128906e+01,2.891500091552734375e+01,2.888500213623046875e+01,2.883500099182128906e+01,2.878300094604492188e+01,2.875500106811523438e+01,2.877300071716308594e+01,2.879800224304199219e+01,1.000000020040877343e+20,1.000000020040877343e+20,1.000000020040877343e+20,1.000000020040877343e+20,1.000000020040877343e+20,1.000000020040877343e+20,1.000000020040877343e+20,1.000000020040877343e+20,1.000000020040877343e+20,1.000000020040877343e+20,1.000000020040877343e+20,2.902800178527832031e+01,2.907800102233886719e+01,2.909300231933593750e+01,2.912500190734863281e+01,2.918000221252441406e+01,2.922300148010253906e+01,2.922300148010253906e+01,2.923300170898437500e+01,2.922300148010253906e+01,2.923300170898437500e+01,2.924500083923339844e+01,2.922500228881835938e+01,1.000000020040877343e+20,2.927300071716308594e+01,2.929300117492675781e+01,2.935000228881835938e+01,2.940300178527832031e+01,2.937800216674804688e+01,2.933500099182128906e+01,2.936500167846679688e+01,2.940000152587890625e+01,2.942000198364257812e+01,2.948500061035156250e+01,2.951300048828125000e+01,2.956300163269042969e+01,2.953500175476074219e+01,2.945500183105468750e+01,2.940300178527832031e+01,2.931000137329101562e+01,2.919800186157226562e+01,2.911500167846679688e+01,2.903300094604492188e+01,2.898300170898437500e+01,2.896500205993652344e+01,2.892800140380859375e+01,2.890000152587890625e+01,2.887300109863281250e+01,2.886000061035156250e+01,2.884300231933593750e+01,2.885800170898437500e+01,2.882300186157226562e+01,2.877800178527832031e+01,2.873300170898437500e+01,2.871000099182128906e+01,2.866000175476074219e+01,2.860000228881835938e+01,2.852300071716308594e+01,2.843800163269042969e+01,2.839300155639648438e+01,2.837300109863281250e+01,2.834000205993652344e+01,2.832300186157226562e+01,2.829300117492675781e+01,2.822000122070312500e+01,2.811300086975097656e+01,2.802300071716308594e+01,2.793500137329101562e+01,2.785000038146972656e+01,2.780800056457519531e+01,2.776500129699707031e+01,2.775800132751464844e+01,2.771300125122070312e+01,2.767300224304199219e+01,2.764800071716308594e+01,2.763500213623046875e+01,2.761000061035156250e+01,2.759000205993652344e+01,2.758500099182128906e+01,2.755800056457519531e+01,2.751800155639648438e+01,2.752000045776367188e+01,2.749500083923339844e+01,2.746500205993652344e+01,2.743300056457519531e+01,2.738300132751464844e+01,2.733300209045410156e+01,2.730000114440917969e+01,2.727300071716308594e+01,2.723800086975097656e+01,2.721800041198730469e+01,2.721300125122070312e+01,2.718000221252441406e+01,2.713000106811523438e+01,2.706800079345703125e+01,2.701000213623046875e+01,2.695800209045410156e+01,2.687800216674804688e+01,2.680800056457519531e+01,2.674300193786621094e+01,2.669000053405761719e+01,2.662000083923339844e+01,2.655300140380859375e+01,2.649000167846679688e+01,2.645500183105468750e+01,2.642800140380859375e+01,2.641800117492675781e+01,2.637800216674804688e+01,2.634300041198730469e+01,2.629500198364257812e+01,2.629000091552734375e+01,2.629500198364257812e+01,2.628800201416015625e+01,2.627500152587890625e+01,2.626500129699707031e+01,2.625300216674804688e+01,2.621500205993652344e+01,2.618800163269042969e+01,2.618800163269042969e+01,2.617800140380859375e+01,2.620300102233886719e+01,2.618300056457519531e+01,2.615500068664550781e+01,2.615800094604492188e+01,2.614000129699707031e+01,2.612300109863281250e+01,2.614300155639648438e+01,2.616000175476074219e+01,2.623800086975097656e+01,2.630800056457519531e+01,2.637300109863281250e+01,2.649500083923339844e+01,2.666000175476074219e+01,2.677800178527832031e+01,2.687800216674804688e+01,2.692300033569335938e+01,2.691300201416015625e+01,2.687500190734863281e+01,2.682800102233886719e+01,2.677800178527832031e+01,2.676000213623046875e+01,2.682000160217285156e+01,2.687800216674804688e+01,2.696800041198730469e+01,2.707500076293945312e+01,2.721000099182128906e+01,2.735800170898437500e+01,2.749300193786621094e+01,2.764500045776367188e+01,2.781500053405761719e+01,2.803800201416015625e+01,2.820500183105468750e+01,2.838500213623046875e+01,2.856500053405761719e+01,2.872800064086914062e+01,2.891800117492675781e+01,2.909800148010253906e+01,2.921800231933593750e+01,2.929300117492675781e+01,2.937500190734863281e+01,2.953300094604492188e+01,2.967000198364257812e+01,2.978000068664550781e+01,2.987800216674804688e+01,2.997500228881835938e+01,3.005000114440917969e+01,3.011800193786621094e+01,3.020000076293945312e+01,3.026800155639648438e+01,3.028000068664550781e+01,1.000000020040877343e+20,1.000000020040877343e+20,1.000000020040877343e+20,1.000000020040877343e+20,1.000000020040877343e+20,1.000000020040877343e+20,1.000000020040877343e+20,1.000000020040877343e+20,1.000000020040877343e+20,2.868500137329101562e+01,2.856300163269042969e+01,2.839800071716308594e+01,2.824500083923339844e+01,2.812000083923339844e+01,2.798800086975097656e+01,2.785000038146972656e+01,2.772000122070312500e+01,2.763800048828125000e+01,2.763500213623046875e+01,2.768500137329101562e+01,2.777300071716308594e+01,2.787300109863281250e+01,2.800000190734863281e+01,2.806800079345703125e+01,2.812800216674804688e+01,2.815300178527832031e+01,2.819000053405761719e+01,2.819500160217285156e+01,2.822300148010253906e+01,2.818300056457519531e+01,2.814500045776367188e+01,2.807500076293945312e+01,2.796500205993652344e+01,2.784800148010253906e+01,2.773500061035156250e+01,2.757800102233886719e+01,2.743300056457519531e+01,2.731500053405761719e+01,2.721000099182128906e+01,2.709800148010253906e+01,2.696800041198730469e+01,2.681300163269042969e+01,2.665000152587890625e+01,2.648800086975097656e+01,2.628000068664550781e+01,2.607500076293945312e+01,2.588000106811523438e+01,2.577800178527832031e+01,2.572000122070312500e+01,2.564500045776367188e+01,2.555800056457519531e+01,2.544300079345703125e+01,2.531000137329101562e+01,2.512000083923339844e+01,2.494800186157226562e+01,2.478300094604492188e+01,2.460300064086914062e+01,2.449800109863281250e+01,2.446500205993652344e+01,2.446000099182128906e+01,2.448800086975097656e+01,2.450000190734863281e+01,2.445300102233886719e+01,2.439300155639648438e+01,2.432300186157226562e+01,2.417800140380859375e+01,2.404000091552734375e+01,2.387800025939941406e+01,2.379800033569335938e+01,2.381000137329101562e+01,2.393300056457519531e+01,2.416500091552734375e+01,2.447500038146972656e+01,2.480000114440917969e+01,2.502000045776367188e+01,1.000000020040877343e+20,1.000000020040877343e+20,1.000000020040877343e+20,1.000000020040877343e+20,1.000000020040877343e+20,1.000000020040877343e+20,1.000000020040877343e+20,1.000000020040877343e+20,1.000000020040877343e+20,1.000000020040877343e+20,1.000000020040877343e+20,1.000000020040877343e+20,1.000000020040877343e+20,1.000000020040877343e+20,1.000000020040877343e+20,1.000000020040877343e+20,1.000000020040877343e+20
1.000000020040877343e+20,1.000000020040877343e+20,1.000000020040877343e+20,1.000000020040877343e+20,1.000000020040877343e+20,1.000000020040877343e+20,1.000000020040877343e+20,1.000000020040877343e+20,1.000000020040877343e+20,1.000000020040877343e+20,1.000000020040877343e+20,1.000000020040877343e+20,1.000000020040877343e+20,1.000000020040877343e+20,1.000000020040877343e+20,1.000000020040877343e+20,1.000000020040877343e+20,1.000000020040877343e+20,1.000000020040877343e+20,1.000000020040877343e+20,1.000000020040877343e+20,1.000000020040877343e+20,1.000000020040877343e+20,1.000000020040877343e+20,1.000000020040877343e+20,1.000000020040877343e+20,1.000000020040877343e+20,1.000000020040877343e+20,1.000000020040877343e+20,1.000000020040877343e+20,1.000000020040877343e+20,1.000000020040877343e+20,1.000000020040877343e+20,1.000000020040877343e+20,1.000000020040877343e+20,1.000000020040877343e+20,1.000000020040877343e+20,1.000000020040877343e+20,1.000000020040877343e+20,1.000000020040877343e+20,1.000000020040877343e+20,1.000000020040877343e+20,3.129500198364257812e+01,1.000000020040877343e+20,1.000000020040877343e+20,1.000000020040877343e+20,3.122000122070312500e+01,3.111300086975097656e+01,3.087500190734863281e+01,3.047800064086914062e+01,3.005500221252441406e+01,2.949300193786621094e+01,2.899000167846679688e+01,2.867800140380859375e+01,2.854000091552734375e+01,2.848500061035156250e+01,2.847500228881835938e+01,2.853500175476074219e+01,2.865500068664550781e+01,2.880300140380859375e+01,2.894800186157226562e+01,2.905800056457519531e+01,2.916800117492675781e+01,2.925800132751464844e+01,2.938800048828125000e+01,2.948800086975097656e+01,2.957500076293945312e+01,2.960300064086914062e+01,2.954000091552734375e+01,2.945300102233886719e+01,2.931500053405761719e+01,2.919800186157226562e+01,2.908800125122070312e+01,2.899000167846679688e+01,2.893000221252441406e+01,1.000000020040877343e+20,1.000000020040877343e+20,1.000000020040877343e+20,1.000000020040877343e+20,1.000000020040877343e+20,2.942300224304199219e+01,2.939300155639648438e+01,2.936300086975097656e+01,2.930000114440917969e+01,2.923300170898437500e+01,2.917500114440917969e+01,2.911300086975097656e+01,2.906500053405761719e+01,2.902300071716308594e+01,2.897300148010253906e+01,2.892500114440917969e+01,2.888300132751464844e+01,2.883500099182128906e+01,2.880000114440917969e+01,2.874300193786621094e+01,2.871000099182128906e+01,2.869300079345703125e+01,2.870000076293945312e+01,1.000000020040877343e+20,1.000000020040877343e+20,2.970500183105468750e+01,1.000000020040877343e+20,1.000000020040877343e+20,1.000000020040877343e+20,1.000000020040877343e+20,1.000000020040877343e+20,1.000000020040877343e+20,1.000000020040877343e+20,1.000000020040877343e+20,2.889000129699707031e+01,2.893000221252441406e+01,2.905500221252441406e+01,2.910500144958496094e+01,2.917000198364257812e+01,2.920800209045410156e+01,2.923800086975097656e+01,2.930800056457519531e+01,2.933500099182128906e+01,2.933500099182128906e+01,2.932800102233886719e+01,2.931000137329101562e+01,2.934300231933593750e+01,2.938800048828125000e+01,1.000000020040877343e+20,2.940800094604492188e+01,2.945500183105468750e+01,2.945000076293945312e+01,2.944800186157226562e+01,2.942000198364257812e+01,2.939000129699707031e+01,2.937800216674804688e+01,2.941500091552734375e+01,2.946300125122070312e+01,2.949500083923339844e+01,2.946300125122070312e+01,2.939000129699707031e+01,2.932800102233886719e+01,2.923000144958496094e+01,2.910500144958496094e+01,2.900500106811523438e+01,2.895000076293945312e+01,2.891500091552734375e+01,2.888500213623046875e+01,2.885800170898437500e+01,2.881000137329101562e+01,2.876800155639648438e+01,2.874000167846679688e+01,2.871500205993652344e+01,2.871300125122070312e+01,2.870000076293945312e+01,2.869000053405761719e+01,2.868500137329101562e+01,2.864500045776367188e+01,2.861300086975097656e+01,2.854500198364257812e+01,2.850000190734863281e+01,2.841800117492675781e+01,2.835800170898437500e+01,2.832500076293945312e+01,2.830000114440917969e+01,2.829300117492675781e+01,2.827800178527832031e+01,2.823500061035156250e+01,2.813800048828125000e+01,2.805000114440917969e+01,2.797300148010253906e+01,2.790500068664550781e+01,2.786300086975097656e+01,2.783500099182128906e+01,2.785300064086914062e+01,2.781800079345703125e+01,2.776800155639648438e+01,2.774300193786621094e+01,2.772800064086914062e+01,2.770300102233886719e+01,2.769800186157226562e+01,2.767300224304199219e+01,2.766500091552734375e+01,2.763800048828125000e+01,2.762000083923339844e+01,2.759500122070312500e+01,2.759000205993652344e+01,2.756500053405761719e+01,2.752500152587890625e+01,2.747500038146972656e+01,2.742500114440917969e+01,2.738500213623046875e+01,2.734000205993652344e+01,2.730500221252441406e+01,2.729800224304199219e+01,2.727300071716308594e+01,2.722800064086914062e+01,2.717500114440917969e+01,2.712500190734863281e+01,2.707800102233886719e+01,2.703000068664550781e+01,2.696500205993652344e+01,2.690800094604492188e+01,2.685000038146972656e+01,2.676000213623046875e+01,2.670300102233886719e+01,2.666000175476074219e+01,2.662000083923339844e+01,2.658000183105468750e+01,2.655800056457519531e+01,2.654000091552734375e+01,2.651300048828125000e+01,2.647500038146972656e+01,2.646000099182128906e+01,2.648000144958496094e+01,2.650500106811523438e+01,2.650800132751464844e+01,2.650800132751464844e+01,2.649300193786621094e+01,2.648300170898437500e+01,2.648800086975097656e+01,2.651300048828125000e+01,2.654300117492675781e+01,2.657800102233886719e+01,2.662000083923339844e+01,2.666300201416015625e+01,2.666300201416015625e+01,2.668500137329101562e+01,2.669000053405761719e+01,2.671300125122070312e+01,2.675500106811523438e+01,2.679300117492675781e+01,2.685300064086914062e+01,2.694300079345703125e+01,2.707300186157226562e+01,2.720300102233886719e+01,2.732300186157226562e+01,2.743500137329101562e+01,2.748000144958496094e+01,2.746300125122070312e+01,2.741000175476074219e+01,2.737000083923339844e+01,2.733500099182128906e+01,2.733300209045410156e+01,2.735500144958496094e+01,2.742000198364257812e+01,2.750000190734863281e+01,2.759300041198730469e+01,2.776000213623046875e+01,2.791800117492675781e+01,2.808800125122070312e+01,2.821000099182128906e+01,2.836800193786621094e+01,2.853800201416015625e+01,2.869000053405761719e+01,2.880500221252441406e+01,2.891000175476074219e+01,2.903800201416015625e+01,2.915800094604492188e+01,2.924500083923339844e+01,2.931000137329101562e+01,2.937300109863281250e+01,2.946800231933593750e+01,2.958300209045410156e+01,2.969500160217285156e+01,2.980500221252441406e+01,2.987000083923339844e+01,2.995800209045410156e+01,3.002300071716308594e+01,3.006300163269042969e+01,3.011500167846679688e+01,3.016500091552734375e+01,3.017500114440917969e+01,3.008500099182128906e+01,3.005500221252441406e+01,3.001500129699707031e+01,1.000000020040877343e+20,1.000000020040877343e+20,1.000000020040877343e+20,1.000000020040877343e+20,1.000000020040877343e+20,1.000000020040877343e+20,2.868000221252441406e+01,2.855300140380859375e+01,2.840300178527832031e+01,2.825800132751464844e+01,2.811500167846679688e+01,2.801500129699707031e+01,2.792000198364257812e+01,2.782000160217285156e+01,2.777500152587890625e+01,2.773300170898437500e+01,2.770500183105468750e+01,2.772500038146972656e+01,2.777500152587890625e+01,2.782000160217285156e+01,2.785000038146972656e+01,2.785000038146972656e+01,2.782500076293945312e+01,2.783800125122070312e+01,2.784000205993652344e+01,2.790800094604492188e+01,2.800800132751464844e+01,2.803300094604492188e+01,2.803500175476074219e+01,2.801000213623046875e+01,2.796500205993652344e+01,2.788800048828125000e+01,2.774800109863281250e+01,2.757800102233886719e+01,2.741800117492675781e+01,2.728800201416015625e+01,2.717000198364257812e+01,2.702800178527832031e+01,2.688800048828125000e+01,2.673800086975097656e+01,2.655500221252441406e+01,2.637800216674804688e+01,2.620000076293945312e+01,2.601300048828125000e+01,2.590800094604492188e+01,2.582000160217285156e+01,2.576000213623046875e+01,2.568500137329101562e+01,2.560800170898437500e+01,2.548000144958496094e+01,2.532800102233886719e+01,2.518300056457519531e+01,2.504800033569335938e+01,2.495800209045410156e+01,2.488500022888183594e+01,2.486500167846679688e+01,2.492000198364257812e+01,2.489800071716308594e+01,2.492500114440917969e+01,2.489000129699707031e+01,2.477000045776367188e+01,2.469500160217285156e+01,2.455300140380859375e+01,2.441500091552734375e+01,2.430800056457519531e+01,2.426500129699707031e+01,2.435500144958496094e+01,2.459500122070312500e+01,2.490800094604492188e+01,2.527300071716308594e+01,2.568300056457519531e+01,2.594000053405761719e+01,1.000000020040877343e+20,1.000000020040877343e+20,1.000000020040877343e+20,1.000000020040877343e+20,1.000000020040877343e+20,1.000000020040877343e+20,1.000000020040877343e+20,1.000000020040877343e+20,1.000000020040877343e+20,1.000000020040877343e+20,1.000000020040877343e+20,1.000000020040877343e+20,1.000000020040877343e+20,1.000000020040877343e+20,1.000000020040877343e+20,1.000000020040877343e+20,1.000000020040877343e+20
1.000000020040877343e+20,1.000000020040877343e+20,1.000000020040877343e+20,1.000000020040877343e+20,1.000000020040877343e+20,1.000000020040877343e+20,1.000000020040877343e+20,1.000000020040877343e+20,1.000000020040877343e+20,1.000000020040877343e+20,1.000000020040877343e+20,1.000000020040877343e+20,1.000000020040877343e+20,1.000000020040877343e+20,1.000000020040877343e+20,1.000000020040877343e+20,1.000000020040877343e+20,1.000000020040877343e+20,1.000000020040877343e+20,1.000000020040877343e+20,1.000000020040877343e+20,1.000000020040877343e+20,1.000000020040877343e+20,1.000000020040877343e+20,1.000000020040877343e+20,1.000000020040877343e+20,1.000000020040877343e+20,1.000000020040877343e+20,1.000000020040877343e+20,1.000000020040877343e+20,1.000000020040877343e+20,1.000000020040877343e+20,1.000000020040877343e+20,1.000000020040877343e+20,1.000000020040877343e+20,1.000000020040877343e+20,1.000000020040877343e+20,1.000000020040877343e+20,1.000000020040877343e+20,1.000000020040877343e+20,1.000000020040877343e+20,1.000000020040877343e+20,1.000000020040877343e+20,3.135300064086914062e+01,3.130300140380859375e+01,3.125800132751464844e+01,3.118000221252441406e+01,3.107300186157226562e+01,3.086300086975097656e+01,3.057500076293945312e+01,3.000500106811523438e+01,2.882800102233886719e+01,2.835300064086914062e+01,2.813000106811523438e+01,2.813800048828125000e+01,2.823800086975097656e+01,2.838300132751464844e+01,2.850800132751464844e+01,2.866500091552734375e+01,2.877800178527832031e+01,2.885800170898437500e+01,2.895800209045410156e+01,2.906000137329101562e+01,2.916000175476074219e+01,2.929800224304199219e+01,2.943500137329101562e+01,2.950000190734863281e+01,2.950300216674804688e+01,2.945300102233886719e+01,2.938800048828125000e+01,2.926500129699707031e+01,2.916300201416015625e+01,2.909300231933593750e+01,2.903000068664550781e+01,2.898300170898437500e+01,1.000000020040877343e+20,1.000000020040877343e+20,1.000000020040877343e+20,1.000000020040877343e+20,1.000000020040877343e+20,2.937000083923339844e+01,2.934500122070312500e+01,2.930800056457519531e+01,2.922800064086914062e+01,2.916300201416015625e+01,2.908800125122070312e+01,2.904000091552734375e+01,2.901800155639648438e+01,2.901000213623046875e+01,2.898500061035156250e+01,2.892800140380859375e+01,2.886500167846679688e+01,2.881300163269042969e+01,2.877000045776367188e+01,2.872000122070312500e+01,2.867800140380859375e+01,2.865500068664550781e+01,2.865800094604492188e+01,2.864500045776367188e+01,1.000000020040877343e+20,2.963000106811523438e+01,2.957300186157226562e+01,1.000000020040877343e+20,1.000000020040877343e+20,1.000000020040877343e+20,1.000000020040877343e+20,1.000000020040877343e+20,1.000000020040877343e+20,1.000000020040877343e+20,2.881800079345703125e+01,2.883800125122070312e+01,2.894500160217285156e+01,2.905500221252441406e+01,2.914800071716308594e+01,2.919800186157226562e+01,2.926800155639648438e+01,2.934500122070312500e+01,2.938800048828125000e+01,2.938800048828125000e+01,2.934500122070312500e+01,2.935500144958496094e+01,2.940300178527832031e+01,2.942800140380859375e+01,2.942800140380859375e+01,2.943500137329101562e+01,2.946800231933593750e+01,2.945000076293945312e+01,2.947000122070312500e+01,2.947000122070312500e+01,2.945800209045410156e+01,2.941000175476074219e+01,2.940000152587890625e+01,2.938000106811523438e+01,2.935800170898437500e+01,2.932500076293945312e+01,2.925500106811523438e+01,2.920300102233886719e+01,2.911800193786621094e+01,2.900500106811523438e+01,2.893000221252441406e+01,2.884800148010253906e+01,2.883500099182128906e+01,2.880300140380859375e+01,2.877500152587890625e+01,2.873300170898437500e+01,2.867000198364257812e+01,2.862500190734863281e+01,2.862500190734863281e+01,2.864500045776367188e+01,2.864500045776367188e+01,2.862000083923339844e+01,2.860800170898437500e+01,2.859500122070312500e+01,2.856500053405761719e+01,2.854800224304199219e+01,2.851800155639648438e+01,2.846800041198730469e+01,2.840300178527832031e+01,2.837000083923339844e+01,2.833800125122070312e+01,2.832000160217285156e+01,2.830500221252441406e+01,2.826300048828125000e+01,2.820800209045410156e+01,2.814800071716308594e+01,2.811300086975097656e+01,2.804300117492675781e+01,2.801000213623046875e+01,2.800300216674804688e+01,2.798300170898437500e+01,2.795800209045410156e+01,2.793800163269042969e+01,2.787000083923339844e+01,2.780300140380859375e+01,2.777800178527832031e+01,2.778300094604492188e+01,2.778800201416015625e+01,2.776300048828125000e+01,2.777300071716308594e+01,2.775300216674804688e+01,2.773500061035156250e+01,2.772500038146972656e+01,2.771000099182128906e+01,2.765800094604492188e+01,2.761000061035156250e+01,2.755500221252441406e+01,2.750300216674804688e+01,2.744800186157226562e+01,2.742500114440917969e+01,2.739800071716308594e+01,2.737300109863281250e+01,2.731500053405761719e+01,2.727000045776367188e+01,2.726300048828125000e+01,2.723300170898437500e+01,2.719800186157226562e+01,2.714000129699707031e+01,2.706300163269042969e+01,2.700300216674804688e+01,2.695500183105468750e+01,2.689000129699707031e+01,2.683300209045410156e+01,2.678800201416015625e+01,2.676500129699707031e+01,2.675000190734863281e+01,2.673500061035156250e+01,2.672800064086914062e+01,2.672300148010253906e+01,2.673300170898437500e+01,2.676300048828125000e+01,2.678800201416015625e+01,2.680500221252441406e+01,2.679500198364257812e+01,2.680800056457519531e+01,2.684800148010253906e+01,2.690500068664550781e+01,2.692000198364257812e+01,2.696500205993652344e+01,2.703500175476074219e+01,2.710000038146972656e+01,2.715300178527832031e+01,2.722500038146972656e+01,2.726000213623046875e+01,2.730300140380859375e+01,2.732300186157226562e+01,2.734800148010253906e+01,2.737800216674804688e+01,2.743000221252441406e+01,2.749500083923339844e+01,2.758500099182128906e+01,2.769300079345703125e+01,2.777000045776367188e+01,2.783000183105468750e+01,2.789000129699707031e+01,2.791300201416015625e+01,2.788000106811523438e+01,2.781300163269042969e+01,2.781500053405761719e+01,2.783300209045410156e+01,2.786300086975097656e+01,2.790500068664550781e+01,2.797800064086914062e+01,2.810800170898437500e+01,2.824000167846679688e+01,2.838500213623046875e+01,2.849800109863281250e+01,2.864300155639648438e+01,2.877000045776367188e+01,2.888800048828125000e+01,2.900000190734863281e+01,2.910000228881835938e+01,2.920000076293945312e+01,2.928300094604492188e+01,2.934500122070312500e+01,2.939800071716308594e+01,2.943800163269042969e+01,2.949800109863281250e+01,2.960000228881835938e+01,2.969300079345703125e+01,2.979000091552734375e+01,2.988500213623046875e+01,2.994800186157226562e+01,2.998500061035156250e+01,3.000300216674804688e+01,2.999000167846679688e+01,2.998300170898437500e+01,2.998500061035156250e+01,2.997300148010253906e+01,2.993300056457519531e+01,2.988000106811523438e+01,2.984300231933593750e+01,2.965800094604492188e+01,2.963000106811523438e+01,1.000000020040877343e+20,1.000000020040877343e+20,1.000000020040877343e+20,2.873300170898437500e+01,2.863800048828125000e+01,2.850000190734863281e+01,2.838000106811523438e+01,2.828800201416015625e+01,2.819300079345703125e+01,2.811800193786621094e+01,2.807500076293945312e+01,2.801500129699707031e+01,2.789800071716308594e+01,2.777800178527832031e+01,2.757500076293945312e+01,2.749800109863281250e+01,2.746500205993652344e+01,2.746000099182128906e+01,2.743500137329101562e+01,2.741300201416015625e+01,2.739300155639648438e+01,2.740800094604492188e+01,2.750800132751464844e+01,2.762000083923339844e+01,2.774500083923339844e+01,2.783800125122070312e+01,2.788000106811523438e+01,2.791300201416015625e+01,2.795300102233886719e+01,2.792300224304199219e+01,2.784800148010253906e+01,2.770300102233886719e+01,2.753800201416015625e+01,2.738300132751464844e+01,2.726500129699707031e+01,2.713000106811523438e+01,2.701000213623046875e+01,2.689800071716308594e+01,2.674300193786621094e+01,2.657500076293945312e+01,2.642800140380859375e+01,2.630000114440917969e+01,2.617000198364257812e+01,2.607000160217285156e+01,2.597300148010253906e+01,2.591300201416015625e+01,2.583500099182128906e+01,2.574000167846679688e+01,2.560800170898437500e+01,2.555800056457519531e+01,2.549000167846679688e+01,2.543500137329101562e+01,2.535800170898437500e+01,2.533800125122070312e+01,2.536800193786621094e+01,2.541300201416015625e+01,2.538000106811523438e+01,2.532300186157226562e+01,2.523000144958496094e+01,2.509300041198730469e+01,2.497000122070312500e+01,2.484500122070312500e+01,2.475800132751464844e+01,2.476800155639648438e+01,2.492500114440917969e+01,2.520800209045410156e+01,2.556800079345703125e+01,2.597500038146972656e+01,2.631500053405761719e+01,2.656800079345703125e+01,1.000000020040877343e+20,1.000000020040877343e+20,1.000000020040877343e+20,1.000000020040877343e+20,1.000000020040877343e+20,1.000000020040877343e+20,1.000000020040877343e+20,1.000000020040877343e+20,1.000000020040877343e+20,1.000000020040877343e+20,1.000000020040877343e+20,1.000000020040877343e+20,1.000000020040877343e+20,1.000000020040877343e+20,1.000000020040877343e+20,1.000000020040877343e+20,1.000000020040877343e+20
1.000000020040877343e+20,1.000000020040877343e+20,1.000000020040877343e+20,1.000000020040877343e+20,1.000000020040877343e+20,1.000000020040877343e+20,1.000000020040877343e+20,1.000000020040877343e+20,1.000000020040877343e+20,1.000000020040877343e+20,1.000000020040877343e+20,1.000000020040877343e+20,1.000000020040877343e+20,1.000000020040877343e+20,1.000000020040877343e+20,1.000000020040877343e+20,1.000000020040877343e+20,1.000000020040877343e+20,1.000000020040877343e+20,1.000000020040877343e+20,1.000000020040877343e+20,1.000000020040877343e+20,1.000000020040877343e+20,1.000000020040877343e+20,1.000000020040877343e+20,1.000000020040877343e+20,1.000000020040877343e+20,1.000000020040877343e+20,1.000000020040877343e+20,1.000000020040877343e+20,1.000000020040877343e+20,1.000000020040877343e+20,1.000000020040877343e+20,1.000000020040877343e+20,1.000000020040877343e+20,1.000000020040877343e+20,1.000000020040877343e+20,1.000000020040877343e+20,1.000000020040877343e+20,1.000000020040877343e+20,1.000000020040877343e+20,1.000000020040877343e+20,1.000000020040877343e+20,3.121500205993652344e+01,3.109000205993652344e+01,3.111800193786621094e+01,3.107500076293945312e+01,3.098000144958496094e+01,3.079000091552734375e+01,3.056300163269042969e+01,1.000000020040877343e+20,2.765500068664550781e+01,2.750500106811523438e+01,2.751500129699707031e+01,2.771000099182128906e+01,2.797300148010253906e+01,2.825000190734863281e+01,2.846500205993652344e+01,2.864800071716308594e+01,2.875300216674804688e+01,2.887000083923339844e+01,2.894300079345703125e+01,2.902300071716308594e+01,2.914500045776367188e+01,2.925500106811523438e+01,2.933800125122070312e+01,2.937000083923339844e+01,2.939500045776367188e+01,2.932300186157226562e+01,2.924000167846679688e+01,2.918300056457519531e+01,2.915000152587890625e+01,2.913000106811523438e+01,2.909800148010253906e+01,2.898500061035156250e+01,2.879500198364257812e+01,1.000000020040877343e+20,1.000000020040877343e+20,1.000000020040877343e+20,1.000000020040877343e+20,2.936800193786621094e+01,2.938500213623046875e+01,2.939000129699707031e+01,2.934000205993652344e+01,2.926000213623046875e+01,2.915500068664550781e+01,2.908000183105468750e+01,2.902500152587890625e+01,2.900800132751464844e+01,2.898800086975097656e+01,2.891800117492675781e+01,2.882500076293945312e+01,2.876000213623046875e+01,2.871300125122070312e+01,2.867300224304199219e+01,2.863000106811523438e+01,2.861000061035156250e+01,2.862000083923339844e+01,2.861800193786621094e+01,1.000000020040877343e+20,2.955500221252441406e+01,2.951500129699707031e+01,2.942300224304199219e+01,1.000000020040877343e+20,1.000000020040877343e+20,1.000000020040877343e+20,1.000000020040877343e+20,1.000000020040877343e+20,1.000000020040877343e+20,2.875800132751464844e+01,2.885500144958496094e+01,2.895000076293945312e+01,2.904000091552734375e+01,2.907800102233886719e+01,2.912000083923339844e+01,2.920300102233886719e+01,2.929800224304199219e+01,2.935300064086914062e+01,2.936500167846679688e+01,2.934800148010253906e+01,2.935800170898437500e+01,2.941000175476074219e+01,1.000000020040877343e+20,2.940300178527832031e+01,2.929800224304199219e+01,2.930500221252441406e+01,2.929300117492675781e+01,2.930800056457519531e+01,2.936500167846679688e+01,2.940800094604492188e+01,2.941000175476074219e+01,2.939500045776367188e+01,2.935800170898437500e+01,2.930500221252441406e+01,2.925300216674804688e+01,2.917300224304199219e+01,2.909000205993652344e+01,2.900000190734863281e+01,2.889800071716308594e+01,2.881800079345703125e+01,2.875800132751464844e+01,2.874300193786621094e+01,2.871800041198730469e+01,2.868300056457519531e+01,2.866000175476074219e+01,2.863000106811523438e+01,2.860000228881835938e+01,2.858000183105468750e+01,2.859300041198730469e+01,2.859800148010253906e+01,2.858800125122070312e+01,2.859800148010253906e+01,2.858500099182128906e+01,2.857300186157226562e+01,2.859800148010253906e+01,2.859500122070312500e+01,2.856300163269042969e+01,2.852000045776367188e+01,2.848000144958496094e+01,2.845800209045410156e+01,2.844300079345703125e+01,2.841300201416015625e+01,2.837500190734863281e+01,2.834000205993652344e+01,2.830800056457519531e+01,2.827500152587890625e+01,2.819800186157226562e+01,2.817300224304199219e+01,2.814300155639648438e+01,2.812300109863281250e+01,2.811300086975097656e+01,2.806000137329101562e+01,2.801300048828125000e+01,2.794500160217285156e+01,2.791300201416015625e+01,2.791000175476074219e+01,2.791300201416015625e+01,2.789800071716308594e+01,2.788000106811523438e+01,2.786500167846679688e+01,2.783500099182128906e+01,2.780800056457519531e+01,2.780000114440917969e+01,2.778500175476074219e+01,2.774500083923339844e+01,2.769300079345703125e+01,2.763800048828125000e+01,2.760000038146972656e+01,2.757800102233886719e+01,2.756300163269042969e+01,2.755800056457519531e+01,2.751500129699707031e+01,2.748500061035156250e+01,2.745300102233886719e+01,2.741500091552734375e+01,2.740000152587890625e+01,2.735300064086914062e+01,2.729000091552734375e+01,2.724300193786621094e+01,2.717800140380859375e+01,2.713500213623046875e+01,2.711800193786621094e+01,2.709500122070312500e+01,2.706300163269042969e+01,2.704500198364257812e+01,2.704800033569335938e+01,2.704800033569335938e+01,2.707000160217285156e+01,2.708800125122070312e+01,2.710800170898437500e+01,2.712300109863281250e+01,2.710500144958496094e+01,2.713300132751464844e+01,2.717000198364257812e+01,2.722300148010253906e+01,2.728500175476074219e+01,2.734300041198730469e+01,2.738800048828125000e+01,2.744300079345703125e+01,2.751800155639648438e+01,2.761000061035156250e+01,2.768800163269042969e+01,2.776300048828125000e+01,2.779500198364257812e+01,2.782300186157226562e+01,2.783300209045410156e+01,2.784300041198730469e+01,2.786800193786621094e+01,2.790000152587890625e+01,2.795800209045410156e+01,2.801800155639648438e+01,2.806300163269042969e+01,2.811500167846679688e+01,2.812000083923339844e+01,2.811800193786621094e+01,2.813000106811523438e+01,2.811300086975097656e+01,2.809500122070312500e+01,2.813500213623046875e+01,2.815300178527832031e+01,2.822000122070312500e+01,2.831800079345703125e+01,2.839500045776367188e+01,2.849500083923339844e+01,2.859500122070312500e+01,2.868800163269042969e+01,2.877800178527832031e+01,2.888300132751464844e+01,2.898000144958496094e+01,2.908800125122070312e+01,2.918000221252441406e+01,2.929500198364257812e+01,2.937000083923339844e+01,2.942800140380859375e+01,2.947000122070312500e+01,2.950300216674804688e+01,2.956300163269042969e+01,2.963300132751464844e+01,2.972000122070312500e+01,2.980300140380859375e+01,2.987300109863281250e+01,2.991500091552734375e+01,2.992300224304199219e+01,2.985500144958496094e+01,2.981000137329101562e+01,2.977800178527832031e+01,2.975800132751464844e+01,2.973800086975097656e+01,2.968800163269042969e+01,2.960300064086914062e+01,2.954500198364257812e+01,2.950800132751464844e+01,2.951800155639648438e+01,2.944300079345703125e+01,1.000000020040877343e+20,1.000000020040877343e+20,2.862300109863281250e+01,2.858800125122070312e+01,2.851300048828125000e+01,2.847800064086914062e+01,2.845300102233886719e+01,2.843300056457519531e+01,2.840000152587890625e+01,2.840300178527832031e+01,2.834000205993652344e+01,2.798300170898437500e+01,2.778300094604492188e+01,1.000000020040877343e+20,2.722500038146972656e+01,2.719300079345703125e+01,2.722500038146972656e+01,2.721500205993652344e+01,2.713500213623046875e+01,2.705300140380859375e+01,2.708300209045410156e+01,2.718800163269042969e+01,2.740500068664550781e+01,2.749300193786621094e+01,2.762000083923339844e+01,2.772500038146972656e+01,2.782300186157226562e+01,2.790800094604492188e+01,2.792500114440917969e+01,2.787300109863281250e+01,2.780000114440917969e+01,2.762800216674804688e+01,2.748000144958496094e+01,2.731000137329101562e+01,2.723800086975097656e+01,2.715000152587890625e+01,2.707000160217285156e+01,2.698000144958496094e+01,2.685500144958496094e+01,2.671300125122070312e+01,2.659800148010253906e+01,2.647000122070312500e+01,2.635000038146972656e+01,2.626500129699707031e+01,2.620500183105468750e+01,2.615000152587890625e+01,2.604500198364257812e+01,2.595500183105468750e+01,2.587000083923339844e+01,2.585000038146972656e+01,2.584000205993652344e+01,2.581800079345703125e+01,2.580000114440917969e+01,2.576300048828125000e+01,2.579000091552734375e+01,2.579000091552734375e+01,2.571800041198730469e+01,2.561000061035156250e+01,2.550300025939941406e+01,2.536300086975097656e+01,2.523800086975097656e+01,2.521500205993652344e+01,2.532000160217285156e+01,2.551000213623046875e+01,2.580000114440917969e+01,2.614300155639648438e+01,2.648800086975097656e+01,2.683000183105468750e+01,2.710300064086914062e+01,2.758800125122070312e+01,2.784000205993652344e+01,1.000000020040877343e+20,1.000000020040877343e+20,1.000000020040877343e+20,1.000000020040877343e+20,1.000000020040877343e+20,1.000000020040877343e+20,1.000000020040877343e+20,1.000000020040877343e+20,1.000000020040877343e+20,1.000000020040877343e+20,1.000000020040877343e+20,1.000000020040877343e+20,1.000000020040877343e+20,1.000000020040877343e+20,1.000000020040877343e+20
1.000000020040877343e+20,1.000000020040877343e+20,1.000000020040877343e+20,1.000000020040877343e+20,1.000000020040877343e+20,1.000000020040877343e+20,1.000000020040877343e+20,1.000000020040877343e+20,1.000000020040877343e+20,1.000000020040877343e+20,1.000000020040877343e+20,1.000000020040877343e+20,1.000000020040877343e+20,1.000000020040877343e+20,1.000000020040877343e+20,1.000000020040877343e+20,1.000000020040877343e+20,1.000000020040877343e+20,1.000000020040877343e+20,1.000000020040877343e+20,1.000000020040877343e+20,1.000000020040877343e+20,1.000000020040877343e+20,1.000000020040877343e+20,1.000000020040877343e+20,1.000000020040877343e+20,1.000000020040877343e+20,1.000000020040877343e+20,1.000000020040877343e+20,1.000000020040877343e+20,1.000000020040877343e+20,1.000000020040877343e+20,1.000000020040877343e+20,1.000000020040877343e+20,1.000000020040877343e+20,1.000000020040877343e+20,1.000000020040877343e+20,1.000000020040877343e+20,1.000000020040877343e+20,1.000000020040877343e+20,1.000000020040877343e+20,1.000000020040877343e+20,1.000000020040877343e+20,1.000000020040877343e+20,3.089000129699707031e+01,1.000000020040877343e+20,1.000000020040877343e+20,1.000000020040877343e+20,1.000000020040877343e+20,1.000000020040877343e+20,1.000000020040877343e+20,2.669300079345703125e+01,2.685000038146972656e+01,2.711500167846679688e+01,2.743300056457519531e+01,2.776300048828125000e+01,2.808300209045410156e+01,2.835000228881835938e+01,2.854300117492675781e+01,2.868000221252441406e+01,2.880300140380859375e+01,2.893500137329101562e+01,2.905000114440917969e+01,2.916300201416015625e+01,2.924300193786621094e+01,2.930500221252441406e+01,2.929800224304199219e+01,2.925300216674804688e+01,2.919000053405761719e+01,2.913300132751464844e+01,2.914300155639648438e+01,2.916500091552734375e+01,2.915300178527832031e+01,2.905000114440917969e+01,2.890500068664550781e+01,2.869800186157226562e+01,1.000000020040877343e+20,1.000000020040877343e+20,1.000000020040877343e+20,1.000000020040877343e+20,2.928300094604492188e+01,2.936500167846679688e+01,2.942800140380859375e+01,2.941500091552734375e+01,2.934300231933593750e+01,2.925000190734863281e+01,2.915500068664550781e+01,2.906800079345703125e+01,2.900000190734863281e+01,2.893000221252441406e+01,2.885500144958496094e+01,2.877500152587890625e+01,2.869500160217285156e+01,2.864500045776367188e+01,2.860500144958496094e+01,2.855500221252441406e+01,2.853000068664550781e+01,2.856300163269042969e+01,2.859500122070312500e+01,1.000000020040877343e+20,2.954300117492675781e+01,2.952300071716308594e+01,2.948800086975097656e+01,2.950500106811523438e+01,1.000000020040877343e+20,1.000000020040877343e+20,1.000000020040877343e+20,2.895300102233886719e+01,2.895000076293945312e+01,2.888800048828125000e+01,2.895300102233886719e+01,2.902500152587890625e+01,2.908500099182128906e+01,2.911000061035156250e+01,2.908800125122070312e+01,2.912800216674804688e+01,2.919300079345703125e+01,2.926300048828125000e+01,2.928500175476074219e+01,2.927300071716308594e+01,2.927300071716308594e+01,2.933300209045410156e+01,2.937000083923339844e+01,1.000000020040877343e+20,2.925800132751464844e+01,2.922500228881835938e+01,2.921300125122070312e+01,2.925500106811523438e+01,2.925800132751464844e+01,2.930000114440917969e+01,2.932000160217285156e+01,2.929800224304199219e+01,2.930500221252441406e+01,2.925300216674804688e+01,2.918300056457519531e+01,2.912000083923339844e+01,2.905800056457519531e+01,2.897500228881835938e+01,2.889800071716308594e+01,2.880500221252441406e+01,2.876500129699707031e+01,2.873000144958496094e+01,2.870300102233886719e+01,2.868500137329101562e+01,2.866800117492675781e+01,2.863500213623046875e+01,2.861000061035156250e+01,2.859800148010253906e+01,2.859000205993652344e+01,2.860500144958496094e+01,2.861000061035156250e+01,2.858800125122070312e+01,2.858500099182128906e+01,2.860000228881835938e+01,2.861500167846679688e+01,2.862500190734863281e+01,2.863500213623046875e+01,2.860300064086914062e+01,2.857800102233886719e+01,2.855500221252441406e+01,2.854300117492675781e+01,2.853300094604492188e+01,2.850000190734863281e+01,2.846000099182128906e+01,2.842300224304199219e+01,2.835300064086914062e+01,2.834000205993652344e+01,2.832300186157226562e+01,2.830000114440917969e+01,2.827000045776367188e+01,2.825000190734863281e+01,2.819500160217285156e+01,2.814000129699707031e+01,2.807800102233886719e+01,2.804300117492675781e+01,2.801800155639648438e+01,2.802000045776367188e+01,2.799500083923339844e+01,2.797800064086914062e+01,2.793800163269042969e+01,2.791000175476074219e+01,2.789300155639648438e+01,2.788000106811523438e+01,2.788800048828125000e+01,2.788800048828125000e+01,2.786800193786621094e+01,2.783500099182128906e+01,2.782500076293945312e+01,2.780000114440917969e+01,2.778800201416015625e+01,2.778300094604492188e+01,2.775300216674804688e+01,2.772000122070312500e+01,2.769000053405761719e+01,2.765000152587890625e+01,2.762000083923339844e+01,2.756800079345703125e+01,2.752800178527832031e+01,2.748500061035156250e+01,2.745500183105468750e+01,2.743300056457519531e+01,2.742300224304199219e+01,2.740000152587890625e+01,2.738800048828125000e+01,2.737000083923339844e+01,2.740800094604492188e+01,2.742300224304199219e+01,2.742300224304199219e+01,2.743300056457519531e+01,2.742800140380859375e+01,2.744000053405761719e+01,2.743300056457519531e+01,2.746000099182128906e+01,2.752500152587890625e+01,2.760300064086914062e+01,2.767800140380859375e+01,2.770000076293945312e+01,2.772300148010253906e+01,2.776500129699707031e+01,2.785000038146972656e+01,2.792300224304199219e+01,2.800800132751464844e+01,2.805800056457519531e+01,2.809300041198730469e+01,2.811000061035156250e+01,2.811300086975097656e+01,2.812500190734863281e+01,2.812000083923339844e+01,2.813500213623046875e+01,2.815300178527832031e+01,2.819300079345703125e+01,2.822500228881835938e+01,2.825500106811523438e+01,2.824500083923339844e+01,2.824000167846679688e+01,2.820000076293945312e+01,2.821500205993652344e+01,2.823000144958496094e+01,2.826800155639648438e+01,2.832000160217285156e+01,2.837800216674804688e+01,2.843000221252441406e+01,2.849300193786621094e+01,2.855800056457519531e+01,2.865000152587890625e+01,2.870300102233886719e+01,2.877800178527832031e+01,2.885500144958496094e+01,2.893300056457519531e+01,2.903000068664550781e+01,2.915000152587890625e+01,2.923800086975097656e+01,2.932000160217285156e+01,2.937000083923339844e+01,2.943500137329101562e+01,2.948500061035156250e+01,2.954000091552734375e+01,2.957500076293945312e+01,2.963000106811523438e+01,2.970800209045410156e+01,2.977300071716308594e+01,2.979500198364257812e+01,2.977300071716308594e+01,2.971800231933593750e+01,2.963800048828125000e+01,2.957000160217285156e+01,2.953800201416015625e+01,2.951500129699707031e+01,2.945500183105468750e+01,2.938300132751464844e+01,2.931500053405761719e+01,2.931000137329101562e+01,2.938300132751464844e+01,2.946500205993652344e+01,1.000000020040877343e+20,1.000000020040877343e+20,1.000000020040877343e+20,2.860800170898437500e+01,2.861800193786621094e+01,2.866800117492675781e+01,2.868800163269042969e+01,2.872300148010253906e+01,2.874000167846679688e+01,2.874000167846679688e+01,2.860000228881835938e+01,1.000000020040877343e+20,1.000000020040877343e+20,1.000000020040877343e+20,1.000000020040877343e+20,1.000000020040877343e+20,1.000000020040877343e+20,1.000000020040877343e+20,1.000000020040877343e+20,2.700500106811523438e+01,2.689800071716308594e+01,2.694500160217285156e+01,1.000000020040877343e+20,2.729000091552734375e+01,2.740500068664550781e+01,2.758800125122070312e+01,2.771500205993652344e+01,2.780000114440917969e+01,2.788500213623046875e+01,2.790300178527832031e+01,2.786800193786621094e+01,2.774300193786621094e+01,2.757300186157226562e+01,2.741300201416015625e+01,2.733800125122070312e+01,2.728800201416015625e+01,2.726000213623046875e+01,2.719300079345703125e+01,2.711500167846679688e+01,2.699800109863281250e+01,2.688800048828125000e+01,2.678300094604492188e+01,2.666500091552734375e+01,2.655800056457519531e+01,2.649500083923339844e+01,2.642800140380859375e+01,2.634000205993652344e+01,2.630800056457519531e+01,2.627300071716308594e+01,2.621300125122070312e+01,2.623000144958496094e+01,2.619300079345703125e+01,2.615800094604492188e+01,2.619500160217285156e+01,2.614000129699707031e+01,2.610000038146972656e+01,2.604000091552734375e+01,2.595000076293945312e+01,2.580800056457519531e+01,2.568500137329101562e+01,2.560800170898437500e+01,2.562800216674804688e+01,2.577800178527832031e+01,2.601000213623046875e+01,2.629500198364257812e+01,2.660500144958496094e+01,2.691300201416015625e+01,2.722800064086914062e+01,2.747000122070312500e+01,2.771000099182128906e+01,2.791300201416015625e+01,2.819300079345703125e+01,1.000000020040877343e+20,1.000000020040877343e+20,1.000000020040877343e+20,1.000000020040877343e+20,1.000000020040877343e+20,1.000000020040877343e+20,1.000000020040877343e+20,1.000000020040877343e+20,1.000000020040877343e+20,1.000000020040877343e+20,1.000000020040877343e+20,1.000000020040877343e+20,1.000000020040877343e+20,1.000000020040877343e+20
1.000000020040877343e+20,1.000000020040877343e+20,1.000000020040877343e+20,1.000000020040877343e+20,1.000000020040877343e+20,1.000000020040877343e+20,1.000000020040877343e+20,1.000000020040877343e+20,1.000000020040877343e+20,1.000000020040877343e+20,1.000000020040877343e+20,1.000000020040877343e+20,1.000000020040877343e+20,1.000000020040877343e+20,1.000000020040877343e+20,1.000000020040877343e+20,1.000000020040877343e+20,1.000000020040877343e+20,1.000000020040877343e+20,1.000000020040877343e+20,1.000000020040877343e+20,1.000000020040877343e+20,1.000000020040877343e+20,1.000000020040877343e+20,1.000000020040877343e+20,1.000000020040877343e+20,1.000000020040877343e+20,1.000000020040877343e+20,1.000000020040877343e+20,1.000000020040877343e+20,1.000000020040877343e+20,1.000000020040877343e+20,1.000000020040877343e+20,1.000000020040877343e+20,1.000000020040877343e+20,1.000000020040877343e+20,1.000000020040877343e+20,1.000000020040877343e+20,1.000000020040877343e+20,1.000000020040877343e+20,1.000000020040877343e+20,1.000000020040877343e+20,1.000000020040877343e+20,1.000000020040877343e+20,1.000000020040877343e+20,1.000000020040877343e+20,1.000000020040877343e+20,1.000000020040877343e+20,1.000000020040877343e+20,1.000000020040877343e+20,1.000000020040877343e+20,2.645500183105468750e+01,2.672000122070312500e+01,2.706800079345703125e+01,2.740500068664550781e+01,2.776800155639648438e+01,2.812500190734863281e+01,2.842000198364257812e+01,2.863300132751464844e+01,2.881000137329101562e+01,2.892800140380859375e+01,2.906300163269042969e+01,2.918300056457519531e+01,2.928300094604492188e+01,2.933000183105468750e+01,2.934000205993652344e+01,2.930000114440917969e+01,2.922500228881835938e+01,2.914800071716308594e+01,2.908500099182128906e+01,2.910800170898437500e+01,2.918000221252441406e+01,2.914500045776367188e+01,2.907500076293945312e+01,2.887300109863281250e+01,2.859800148010253906e+01,2.829800224304199219e+01,1.000000020040877343e+20,1.000000020040877343e+20,2.878000068664550781e+01,2.920800209045410156e+01,2.931000137329101562e+01,2.938300132751464844e+01,2.938000106811523438e+01,2.933300209045410156e+01,2.923300170898437500e+01,2.912500190734863281e+01,2.900500106811523438e+01,2.890800094604492188e+01,2.881300163269042969e+01,2.871300125122070312e+01,2.862800216674804688e+01,2.855800056457519531e+01,2.853000068664550781e+01,2.851300048828125000e+01,2.849500083923339844e+01,2.850000190734863281e+01,2.854000091552734375e+01,2.857800102233886719e+01,2.944300079345703125e+01,2.963000106811523438e+01,2.964000129699707031e+01,2.959800148010253906e+01,2.960800170898437500e+01,2.959300231933593750e+01,1.000000020040877343e+20,2.924000167846679688e+01,2.913000106811523438e+01,2.910800170898437500e+01,2.910000228881835938e+01,2.912000083923339844e+01,2.918300056457519531e+01,2.922800064086914062e+01,2.925500106811523438e+01,2.925500106811523438e+01,2.927300071716308594e+01,2.928500175476074219e+01,2.929300117492675781e+01,2.927800178527832031e+01,2.925300216674804688e+01,2.922300148010253906e+01,2.922500228881835938e+01,2.919800186157226562e+01,2.915500068664550781e+01,2.912300109863281250e+01,2.912500190734863281e+01,2.917500114440917969e+01,2.920000076293945312e+01,2.923800086975097656e+01,2.921800231933593750e+01,2.917000198364257812e+01,2.916000175476074219e+01,2.913300132751464844e+01,2.909500122070312500e+01,2.905800056457519531e+01,2.901500129699707031e+01,2.899300193786621094e+01,2.896000099182128906e+01,2.890800094604492188e+01,2.884300231933593750e+01,2.877300071716308594e+01,2.872000122070312500e+01,2.871300125122070312e+01,2.869800186157226562e+01,2.868500137329101562e+01,2.866300201416015625e+01,2.865300178527832031e+01,2.862800216674804688e+01,2.861000061035156250e+01,2.860800170898437500e+01,2.861800193786621094e+01,2.862500190734863281e+01,2.863000106811523438e+01,2.861300086975097656e+01,2.862500190734863281e+01,2.865300178527832031e+01,2.867000198364257812e+01,2.868000221252441406e+01,2.868500137329101562e+01,2.866300201416015625e+01,2.866500091552734375e+01,2.865800094604492188e+01,2.863800048828125000e+01,2.859300041198730469e+01,2.853000068664550781e+01,2.850500106811523438e+01,2.844300079345703125e+01,2.842800140380859375e+01,2.841500091552734375e+01,2.841000175476074219e+01,2.839500045776367188e+01,2.834500122070312500e+01,2.831500053405761719e+01,2.826300048828125000e+01,2.821300125122070312e+01,2.817500114440917969e+01,2.816000175476074219e+01,2.814000129699707031e+01,2.811300086975097656e+01,2.806800079345703125e+01,2.802500152587890625e+01,2.800800132751464844e+01,2.799000167846679688e+01,2.802800178527832031e+01,2.804000091552734375e+01,2.807000160217285156e+01,2.808000183105468750e+01,2.807500076293945312e+01,2.807500076293945312e+01,2.806300163269042969e+01,2.804000091552734375e+01,2.801000213623046875e+01,2.798000144958496094e+01,2.795500183105468750e+01,2.790000152587890625e+01,2.788000106811523438e+01,2.783500099182128906e+01,2.780300140380859375e+01,2.776500129699707031e+01,2.774500083923339844e+01,2.773800086975097656e+01,2.773500061035156250e+01,2.771800041198730469e+01,2.770800209045410156e+01,2.771300125122070312e+01,2.772500038146972656e+01,2.774500083923339844e+01,2.775500106811523438e+01,2.776000213623046875e+01,2.776800155639648438e+01,2.776500129699707031e+01,2.777000045776367188e+01,2.780000114440917969e+01,2.784300041198730469e+01,2.790000152587890625e+01,2.792800140380859375e+01,2.795300102233886719e+01,2.795500183105468750e+01,2.796800041198730469e+01,2.803800201416015625e+01,2.810800170898437500e+01,2.816000175476074219e+01,2.821800041198730469e+01,2.825500106811523438e+01,2.828000068664550781e+01,2.825800132751464844e+01,2.824500083923339844e+01,2.825500106811523438e+01,2.826800155639648438e+01,2.828800201416015625e+01,2.832000160217285156e+01,2.835000228881835938e+01,2.837000083923339844e+01,2.835500144958496094e+01,2.835300064086914062e+01,2.833000183105468750e+01,2.831300163269042969e+01,2.834000205993652344e+01,2.836500167846679688e+01,2.840500068664550781e+01,2.842000198364257812e+01,2.846300125122070312e+01,2.851500129699707031e+01,2.858800125122070312e+01,2.863300132751464844e+01,2.867000198364257812e+01,2.872500228881835938e+01,2.880000114440917969e+01,2.887300109863281250e+01,2.895300102233886719e+01,2.902000045776367188e+01,2.908800125122070312e+01,2.918800163269042969e+01,2.924800109863281250e+01,2.932800102233886719e+01,2.939300155639648438e+01,2.945300102233886719e+01,2.951300048828125000e+01,2.956800079345703125e+01,2.962300109863281250e+01,2.967300224304199219e+01,2.968000221252441406e+01,2.965000152587890625e+01,2.958800125122070312e+01,2.951300048828125000e+01,2.944500160217285156e+01,2.940000152587890625e+01,2.936500167846679688e+01,2.931300163269042969e+01,2.924300193786621094e+01,2.919000053405761719e+01,2.919500160217285156e+01,2.926000213623046875e+01,2.936000061035156250e+01,2.941800117492675781e+01,2.949300193786621094e+01,1.000000020040877343e+20,2.865500068664550781e+01,2.869800186157226562e+01,2.876300048828125000e+01,2.885800170898437500e+01,2.889500045776367188e+01,2.889300155639648438e+01,2.888000106811523438e+01,1.000000020040877343e+20,1.000000020040877343e+20,1.000000020040877343e+20,1.000000020040877343e+20,1.000000020040877343e+20,1.000000020040877343e+20,1.000000020040877343e+20,1.000000020040877343e+20,1.000000020040877343e+20,1.000000020040877343e+20,1.000000020040877343e+20,1.000000020040877343e+20,1.000000020040877343e+20,1.000000020040877343e+20,1.000000020040877343e+20,2.756800079345703125e+01,2.765800094604492188e+01,2.777300071716308594e+01,2.789500045776367188e+01,2.796300125122070312e+01,2.795000076293945312e+01,2.782800102233886719e+01,2.766500091552734375e+01,2.752800178527832031e+01,2.746000099182128906e+01,2.744300079345703125e+01,2.743300056457519531e+01,2.739800071716308594e+01,2.733500099182128906e+01,2.723300170898437500e+01,2.709300041198730469e+01,2.697000122070312500e+01,2.687000083923339844e+01,2.679300117492675781e+01,2.672800064086914062e+01,2.672500038146972656e+01,2.670800209045410156e+01,2.666800117492675781e+01,2.662300109863281250e+01,2.658300209045410156e+01,2.656300163269042969e+01,2.657000160217285156e+01,2.655300140380859375e+01,2.654800033569335938e+01,2.649800109863281250e+01,2.643000030517578125e+01,2.634800148010253906e+01,2.623500061035156250e+01,2.612000083923339844e+01,2.605300140380859375e+01,2.605500030517578125e+01,2.612300109863281250e+01,2.627000045776367188e+01,2.647000122070312500e+01,2.667800140380859375e+01,2.694000053405761719e+01,2.720500183105468750e+01,2.746500205993652344e+01,2.766000175476074219e+01,2.783500099182128906e+01,2.800500106811523438e+01,2.815300178527832031e+01,2.832300186157226562e+01,1.000000020040877343e+20,1.000000020040877343e+20,1.000000020040877343e+20,1.000000020040877343e+20,1.000000020040877343e+20,1.000000020040877343e+20,1.000000020040877343e+20,1.000000020040877343e+20,1.000000020040877343e+20,1.000000020040877343e+20,1.000000020040877343e+20,1.000000020040877343e+20,1.000000020040877343e+20
1.000000020040877343e+20,1.000000020040877343e+20,1.000000020040877343e+20,1.000000020040877343e+20,1.000000020040877343e+20,1.000000020040877343e+20,1.000000020040877343e+20,1.000000020040877343e+20,1.000000020040877343e+20,1.000000020040877343e+20,1.000000020040877343e+20,1.000000020040877343e+20,1.000000020040877343e+20,1.000000020040877343e+20,1.000000020040877343e+20,1.000000020040877343e+20,1.000000020040877343e+20,1.000000020040877343e+20,1.000000020040877343e+20,1.000000020040877343e+20,1.000000020040877343e+20,1.000000020040877343e+20,1.000000020040877343e+20,1.000000020040877343e+20,1.000000020040877343e+20,1.000000020040877343e+20,1.000000020040877343e+20,1.000000020040877343e+20,1.000000020040877343e+20,1.000000020040877343e+20,1.000000020040877343e+20,1.000000020040877343e+20,1.000000020040877343e+20,1.000000020040877343e+20,1.000000020040877343e+20,1.000000020040877343e+20,1.000000020040877343e+20,1.000000020040877343e+20,1.000000020040877343e+20,1.000000020040877343e+20,1.000000020040877343e+20,1.000000020040877343e+20,1.000000020040877343e+20,1.000000020040877343e+20,1.000000020040877343e+20,1.000000020040877343e+20,1.000000020040877343e+20,1.000000020040877343e+20,1.000000020040877343e+20,1.000000020040877343e+20,2.646500205993652344e+01,2.658000183105468750e+01,2.689500045776367188e+01,2.726000213623046875e+01,2.763800048828125000e+01,2.800000190734863281e+01,2.834000205993652344e+01,2.864800071716308594e+01,2.884800148010253906e+01,2.898500061035156250e+01,2.905500221252441406e+01,2.915500068664550781e+01,2.924000167846679688e+01,2.932800102233886719e+01,2.937000083923339844e+01,2.934300231933593750e+01,2.934300231933593750e+01,2.927300071716308594e+01,2.917500114440917969e+01,2.911800193786621094e+01,2.908800125122070312e+01,2.909500122070312500e+01,2.910000228881835938e+01,2.907300186157226562e+01,2.891800117492675781e+01,2.865800094604492188e+01,2.839000129699707031e+01,1.000000020040877343e+20,2.820000076293945312e+01,2.839000129699707031e+01,1.000000020040877343e+20,2.909800148010253906e+01,2.906300163269042969e+01,2.905300140380859375e+01,2.903800201416015625e+01,2.894800186157226562e+01,2.889800071716308594e+01,2.884500122070312500e+01,2.879300117492675781e+01,2.874800109863281250e+01,2.870300102233886719e+01,2.863000106811523438e+01,2.866800117492675781e+01,2.871500205993652344e+01,2.878300094604492188e+01,2.887500190734863281e+01,2.894500160217285156e+01,2.907500076293945312e+01,1.000000020040877343e+20,1.000000020040877343e+20,2.971300125122070312e+01,2.975000190734863281e+01,2.973800086975097656e+01,2.974500083923339844e+01,2.967300224304199219e+01,2.958300209045410156e+01,2.937800216674804688e+01,2.928300094604492188e+01,2.925300216674804688e+01,2.922500228881835938e+01,2.925500106811523438e+01,2.932300186157226562e+01,2.939300155639648438e+01,2.943800163269042969e+01,2.942500114440917969e+01,2.939000129699707031e+01,2.936500167846679688e+01,2.930800056457519531e+01,2.925000190734863281e+01,2.920300102233886719e+01,2.919000053405761719e+01,2.908300209045410156e+01,2.904000091552734375e+01,2.898300170898437500e+01,2.901500129699707031e+01,1.000000020040877343e+20,2.901000213623046875e+01,2.908300209045410156e+01,2.912800216674804688e+01,2.907800102233886719e+01,2.900800132751464844e+01,2.895800209045410156e+01,2.894800186157226562e+01,2.891800117492675781e+01,2.889000129699707031e+01,2.887500190734863281e+01,2.887300109863281250e+01,2.885000228881835938e+01,2.883300209045410156e+01,2.881800079345703125e+01,2.877300071716308594e+01,2.873000144958496094e+01,2.868800163269042969e+01,2.869800186157226562e+01,2.869000053405761719e+01,2.870000076293945312e+01,2.870300102233886719e+01,2.867800140380859375e+01,2.869000053405761719e+01,2.866800117492675781e+01,2.867500114440917969e+01,2.867300224304199219e+01,2.866800117492675781e+01,2.865000152587890625e+01,2.866500091552734375e+01,2.868800163269042969e+01,2.873000144958496094e+01,2.876000213623046875e+01,2.875500106811523438e+01,2.876000213623046875e+01,2.878300094604492188e+01,2.877500152587890625e+01,2.874000167846679688e+01,2.870000076293945312e+01,2.865800094604492188e+01,2.861300086975097656e+01,2.856800079345703125e+01,2.853000068664550781e+01,2.852300071716308594e+01,2.852500152587890625e+01,2.851300048828125000e+01,2.848800086975097656e+01,2.845000076293945312e+01,2.840800094604492188e+01,2.837800216674804688e+01,2.833300209045410156e+01,2.828800201416015625e+01,2.825800132751464844e+01,2.823000144958496094e+01,2.821500205993652344e+01,2.820500183105468750e+01,2.819500160217285156e+01,2.819500160217285156e+01,2.822800064086914062e+01,2.825800132751464844e+01,2.826500129699707031e+01,2.827800178527832031e+01,2.827800178527832031e+01,2.828800201416015625e+01,2.830000114440917969e+01,2.828500175476074219e+01,2.826300048828125000e+01,2.824500083923339844e+01,2.821300125122070312e+01,2.816800117492675781e+01,2.812800216674804688e+01,2.809300041198730469e+01,2.805000114440917969e+01,2.800800132751464844e+01,2.800500106811523438e+01,2.799000167846679688e+01,2.798800086975097656e+01,2.800000190734863281e+01,2.799800109863281250e+01,2.798800086975097656e+01,2.800800132751464844e+01,2.804300117492675781e+01,2.805500221252441406e+01,2.805300140380859375e+01,2.805000114440917969e+01,2.803300094604492188e+01,2.804800224304199219e+01,2.807800102233886719e+01,2.810000038146972656e+01,2.812000083923339844e+01,2.811300086975097656e+01,2.813300132751464844e+01,2.814300155639648438e+01,2.815800094604492188e+01,2.819800186157226562e+01,2.824300193786621094e+01,2.827300071716308594e+01,2.831000137329101562e+01,2.834000205993652344e+01,2.833800125122070312e+01,2.834000205993652344e+01,2.834500122070312500e+01,2.836800193786621094e+01,2.838300132751464844e+01,2.839800071716308594e+01,2.842800140380859375e+01,2.845000076293945312e+01,2.843000221252441406e+01,2.845000076293945312e+01,2.842500114440917969e+01,2.840500068664550781e+01,2.838300132751464844e+01,2.838300132751464844e+01,2.838300132751464844e+01,2.841800117492675781e+01,2.843800163269042969e+01,2.846300125122070312e+01,2.849500083923339844e+01,2.854000091552734375e+01,2.859500122070312500e+01,2.862000083923339844e+01,2.867800140380859375e+01,2.875500106811523438e+01,2.883300209045410156e+01,2.888000106811523438e+01,2.893800163269042969e+01,2.899300193786621094e+01,2.905000114440917969e+01,2.911500167846679688e+01,2.918000221252441406e+01,2.925000190734863281e+01,2.931000137329101562e+01,2.938800048828125000e+01,2.942300224304199219e+01,2.945500183105468750e+01,2.946000099182128906e+01,2.946500205993652344e+01,2.944300079345703125e+01,2.939000129699707031e+01,2.936500167846679688e+01,2.935000228881835938e+01,2.931800079345703125e+01,2.926800155639648438e+01,2.921000099182128906e+01,2.914800071716308594e+01,2.911300086975097656e+01,2.912300109863281250e+01,2.917800140380859375e+01,2.926800155639648438e+01,2.936500167846679688e+01,2.942500114440917969e+01,2.939000129699707031e+01,1.000000020040877343e+20,1.000000020040877343e+20,1.000000020040877343e+20,2.869800186157226562e+01,2.870800209045410156e+01,1.000000020040877343e+20,1.000000020040877343e+20,1.000000020040877343e+20,1.000000020040877343e+20,1.000000020040877343e+20,1.000000020040877343e+20,1.000000020040877343e+20,1.000000020040877343e+20,1.000000020040877343e+20,1.000000020040877343e+20,1.000000020040877343e+20,1.000000020040877343e+20,1.000000020040877343e+20,1.000000020040877343e+20,1.000000020040877343e+20,1.000000020040877343e+20,1.000000020040877343e+20,2.755000114440917969e+01,2.763000106811523438e+01,2.778300094604492188e+01,2.789000129699707031e+01,2.796500205993652344e+01,2.792500114440917969e+01,2.783000183105468750e+01,2.772800064086914062e+01,2.764500045776367188e+01,2.763500213623046875e+01,2.764500045776367188e+01,2.765300178527832031e+01,2.761300086975097656e+01,2.751300048828125000e+01,2.738800048828125000e+01,2.723300170898437500e+01,2.714000129699707031e+01,2.708500099182128906e+01,2.704300117492675781e+01,2.702000045776367188e+01,2.701300048828125000e+01,2.700000190734863281e+01,2.695500183105468750e+01,2.688000106811523438e+01,2.684000205993652344e+01,2.684500122070312500e+01,2.686300086975097656e+01,2.686500167846679688e+01,2.685300064086914062e+01,2.679000091552734375e+01,2.672300148010253906e+01,2.662500190734863281e+01,2.655000114440917969e+01,2.649500083923339844e+01,2.651500129699707031e+01,2.654800033569335938e+01,2.663300132751464844e+01,2.676500129699707031e+01,2.689000129699707031e+01,2.702800178527832031e+01,2.718300056457519531e+01,2.739000129699707031e+01,2.759500122070312500e+01,2.776500129699707031e+01,2.790800094604492188e+01,2.802000045776367188e+01,2.808300209045410156e+01,2.814500045776367188e+01,1.000000020040877343e+20,1.000000020040877343e+20,1.000000020040877343e+20,1.000000020040877343e+20,1.000000020040877343e+20,1.000000020040877343e+20,1.000000020040877343e+20,1.000000020040877343e+20,1.000000020040877343e+20,1.000000020040877343e+20,1.000000020040877343e+20,1.000000020040877343e+20,1.000000020040877343e+20
1.000000020040877343e+20,1.000000020040877343e+20,1.000000020040877343e+20,1.000000020040877343e+20,1.000000020040877343e+20,1.000000020040877343e+20,1.000000020040877343e+20,1.000000020040877343e+20,1.000000020040877343e+20,1.000000020040877343e+20,1.000000020040877343e+20,1.000000020040877343e+20,1.000000020040877343e+20,1.000000020040877343e+20,1.000000020040877343e+20,1.000000020040877343e+20,1.000000020040877343e+20,1.000000020040877343e+20,1.000000020040877343e+20,1.000000020040877343e+20,1.000000020040877343e+20,1.000000020040877343e+20,1.000000020040877343e+20,1.000000020040877343e+20,1.000000020040877343e+20,1.000000020040877343e+20,1.000000020040877343e+20,1.000000020040877343e+20,1.000000020040877343e+20,1.000000020040877343e+20,1.000000020040877343e+20,1.000000020040877343e+20,1.000000020040877343e+20,1.000000020040877343e+20,1.000000020040877343e+20,1.000000020040877343e+20,1.000000020040877343e+20,1.000000020040877343e+20,1.000000020040877343e+20,1.000000020040877343e+20,1.000000020040877343e+20,1.000000020040877343e+20,1.000000020040877343e+20,1.000000020040877343e+20,1.000000020040877343e+20,1.000000020040877343e+20,1.000000020040877343e+20,1.000000020040877343e+20,1.000000020040877343e+20,2.670500183105468750e+01,2.670300102233886719e+01,2.692000198364257812e+01,2.731300163269042969e+01,2.766000175476074219e+01,2.794500160217285156e+01,2.823000144958496094e+01,2.852800178527832031e+01,2.881500053405761719e+01,2.901000213623046875e+01,2.909000205993652344e+01,2.914500045776367188e+01,2.921300125122070312e+01,2.933000183105468750e+01,2.938500213623046875e+01,2.942000198364257812e+01,2.944000053405761719e+01,2.942800140380859375e+01,2.941300201416015625e+01,2.932000160217285156e+01,2.923500061035156250e+01,2.917800140380859375e+01,2.917500114440917969e+01,2.914800071716308594e+01,2.911000061035156250e+01,2.898000144958496094e+01,2.875800132751464844e+01,2.847800064086914062e+01,2.826000213623046875e+01,2.816800117492675781e+01,2.814500045776367188e+01,1.000000020040877343e+20,1.000000020040877343e+20,2.880800056457519531e+01,2.883300209045410156e+01,2.882300186157226562e+01,2.884000205993652344e+01,2.882800102233886719e+01,2.878300094604492188e+01,2.873800086975097656e+01,2.868300056457519531e+01,2.863800048828125000e+01,2.863800048828125000e+01,2.868800163269042969e+01,2.877500152587890625e+01,2.891800117492675781e+01,2.902800178527832031e+01,2.912800216674804688e+01,2.923000144958496094e+01,2.941000175476074219e+01,1.000000020040877343e+20,1.000000020040877343e+20,2.982800102233886719e+01,2.984000205993652344e+01,2.981500053405761719e+01,2.972800064086914062e+01,2.964300155639648438e+01,2.950500106811523438e+01,2.937300109863281250e+01,2.929800224304199219e+01,2.928300094604492188e+01,2.930300140380859375e+01,2.937800216674804688e+01,2.948500061035156250e+01,2.953500175476074219e+01,2.951300048828125000e+01,2.944500160217285156e+01,2.935000228881835938e+01,2.925800132751464844e+01,2.915300178527832031e+01,2.908500099182128906e+01,2.902300071716308594e+01,2.895000076293945312e+01,2.888300132751464844e+01,2.885000228881835938e+01,1.000000020040877343e+20,1.000000020040877343e+20,2.885500144958496094e+01,2.895000076293945312e+01,2.901500129699707031e+01,2.897300148010253906e+01,2.891500091552734375e+01,2.885800170898437500e+01,2.880300140380859375e+01,2.876800155639648438e+01,2.876000213623046875e+01,2.873500061035156250e+01,2.874300193786621094e+01,2.872300148010253906e+01,2.870800209045410156e+01,2.870500183105468750e+01,2.868300056457519531e+01,2.864000129699707031e+01,2.860800170898437500e+01,2.863300132751464844e+01,2.865300178527832031e+01,2.868800163269042969e+01,2.869800186157226562e+01,2.872000122070312500e+01,2.871300125122070312e+01,2.869800186157226562e+01,2.867300224304199219e+01,2.866300201416015625e+01,2.864800071716308594e+01,2.864500045776367188e+01,2.867800140380859375e+01,2.871500205993652344e+01,2.874300193786621094e+01,2.876300048828125000e+01,2.879500198364257812e+01,2.881300163269042969e+01,2.881300163269042969e+01,2.881300163269042969e+01,2.878000068664550781e+01,2.874800109863281250e+01,2.873500061035156250e+01,2.870300102233886719e+01,2.865800094604492188e+01,2.862800216674804688e+01,2.861500167846679688e+01,2.862000083923339844e+01,2.862300109863281250e+01,2.859300041198730469e+01,2.857500076293945312e+01,2.854500198364257812e+01,2.851500129699707031e+01,2.847000122070312500e+01,2.843300056457519531e+01,2.839800071716308594e+01,2.836500167846679688e+01,2.836800193786621094e+01,2.836800193786621094e+01,2.836800193786621094e+01,2.835500144958496094e+01,2.837800216674804688e+01,2.839500045776367188e+01,2.842500114440917969e+01,2.845000076293945312e+01,2.842800140380859375e+01,2.844500160217285156e+01,2.847800064086914062e+01,2.849300193786621094e+01,2.847300148010253906e+01,2.847800064086914062e+01,2.845800209045410156e+01,2.842800140380859375e+01,2.838500213623046875e+01,2.833800125122070312e+01,2.829500198364257812e+01,2.828000068664550781e+01,2.826800155639648438e+01,2.826000213623046875e+01,2.826500129699707031e+01,2.827000045776367188e+01,2.827800178527832031e+01,2.827800178527832031e+01,2.827800178527832031e+01,2.828500175476074219e+01,2.828800201416015625e+01,2.827000045776367188e+01,2.826000213623046875e+01,2.826000213623046875e+01,2.826000213623046875e+01,2.829000091552734375e+01,2.829500198364257812e+01,2.830300140380859375e+01,2.831300163269042969e+01,2.830800056457519531e+01,2.832800102233886719e+01,2.834500122070312500e+01,2.838000106811523438e+01,2.840000152587890625e+01,2.841800117492675781e+01,2.842800140380859375e+01,2.846800041198730469e+01,2.847800064086914062e+01,2.848000144958496094e+01,2.849300193786621094e+01,2.848800086975097656e+01,2.849300193786621094e+01,2.848500061035156250e+01,2.849800109863281250e+01,2.849300193786621094e+01,2.847800064086914062e+01,2.846500205993652344e+01,2.843300056457519531e+01,2.842000198364257812e+01,2.840300178527832031e+01,2.839300155639648438e+01,2.840300178527832031e+01,2.841000175476074219e+01,2.844800186157226562e+01,2.845000076293945312e+01,2.846800041198730469e+01,2.851800155639648438e+01,2.856300163269042969e+01,2.862000083923339844e+01,2.863800048828125000e+01,2.868800163269042969e+01,2.873500061035156250e+01,2.880000114440917969e+01,2.884500122070312500e+01,2.888500213623046875e+01,2.895000076293945312e+01,2.899300193786621094e+01,2.905000114440917969e+01,2.908300209045410156e+01,2.911300086975097656e+01,2.914800071716308594e+01,2.914300155639648438e+01,2.915000152587890625e+01,2.916300201416015625e+01,2.917800140380859375e+01,2.918800163269042969e+01,2.919000053405761719e+01,2.918000221252441406e+01,2.917500114440917969e+01,2.914800071716308594e+01,2.909000205993652344e+01,2.902300071716308594e+01,2.899500083923339844e+01,2.898800086975097656e+01,2.902000045776367188e+01,2.910800170898437500e+01,2.920500183105468750e+01,2.928000068664550781e+01,2.932300186157226562e+01,2.927800178527832031e+01,2.912300109863281250e+01,2.901500129699707031e+01,1.000000020040877343e+20,2.893000221252441406e+01,2.890800094604492188e+01,1.000000020040877343e+20,1.000000020040877343e+20,1.000000020040877343e+20,1.000000020040877343e+20,1.000000020040877343e+20,1.000000020040877343e+20,1.000000020040877343e+20,1.000000020040877343e+20,1.000000020040877343e+20,1.000000020040877343e+20,1.000000020040877343e+20,1.000000020040877343e+20,1.000000020040877343e+20,1.000000020040877343e+20,1.000000020040877343e+20,1.000000020040877343e+20,1.000000020040877343e+20,1.000000020040877343e+20,1.000000020040877343e+20,2.778300094604492188e+01,2.786300086975097656e+01,2.787500190734863281e+01,2.782500076293945312e+01,2.776500129699707031e+01,2.774300193786621094e+01,2.776000213623046875e+01,2.778500175476074219e+01,2.778500175476074219e+01,2.776800155639648438e+01,2.771500205993652344e+01,2.762000083923339844e+01,2.749300193786621094e+01,2.739500045776367188e+01,2.729500198364257812e+01,2.725000190734863281e+01,2.724500083923339844e+01,2.727800178527832031e+01,2.727800178527832031e+01,2.726500129699707031e+01,2.719800186157226562e+01,2.714000129699707031e+01,2.711800193786621094e+01,2.711500167846679688e+01,2.714500045776367188e+01,2.714800071716308594e+01,2.715000152587890625e+01,2.710500144958496094e+01,2.702800178527832031e+01,2.696300125122070312e+01,2.693500137329101562e+01,2.691500091552734375e+01,2.696800041198730469e+01,2.703000068664550781e+01,2.713500213623046875e+01,2.725300216674804688e+01,2.733300209045410156e+01,2.738500213623046875e+01,2.747300148010253906e+01,2.758000183105468750e+01,2.771300125122070312e+01,2.783500099182128906e+01,2.792800140380859375e+01,2.800300216674804688e+01,2.804300117492675781e+01,2.803500175476074219e+01,2.796000099182128906e+01,1.000000020040877343e+20,1.000000020040877343e+20,1.000000020040877343e+20,1.000000020040877343e+20,1.000000020040877343e+20,1.000000020040877343e+20,1.000000020040877343e+20,1.000000020040877343e+20,1.000000020040877343e+20,1.000000020040877343e+20,1.000000020040877343e+20,1.000000020040877343e+20
1.000000020040877343e+20,1.000000020040877343e+20,1.000000020040877343e+20,2.773500061035156250e+01,1.000000020040877343e+20,1.000000020040877343e+20,1.000000020040877343e+20,1.000000020040877343e+20,1.000000020040877343e+20,1.000000020040877343e+20,1.000000020040877343e+20,1.000000020040877343e+20,1.000000020040877343e+20,1.000000020040877343e+20,1.000000020040877343e+20,1.000000020040877343e+20,1.000000020040877343e+20,1.000000020040877343e+20,1.000000020040877343e+20,1.000000020040877343e+20,1.000000020040877343e+20,1.000000020040877343e+20,1.000000020040877343e+20,1.000000020040877343e+20,1.000000020040877343e+20,1.000000020040877343e+20,1.000000020040877343e+20,1.000000020040877343e+20,1.000000020040877343e+20,1.000000020040877343e+20,1.000000020040877343e+20,1.000000020040877343e+20,1.000000020040877343e+20,1.000000020040877343e+20,1.000000020040877343e+20,1.000000020040877343e+20,1.000000020040877343e+20,1.000000020040877343e+20,1.000000020040877343e+20,1.000000020040877343e+20,1.000000020040877343e+20,1.000000020040877343e+20,1.000000020040877343e+20,1.000000020040877343e+20,1.000000020040877343e+20,1.000000020040877343e+20,1.000000020040877343e+20,1.000000020040877343e+20,1.000000020040877343e+20,2.695300102233886719e+01,2.713500213623046875e+01,2.744800186157226562e+01,2.776000213623046875e+01,2.802000045776367188e+01,2.824500083923339844e+01,2.850500106811523438e+01,2.875000190734863281e+01,2.896800231933593750e+01,2.909500122070312500e+01,2.912300109863281250e+01,2.917300224304199219e+01,2.924800109863281250e+01,2.929300117492675781e+01,2.934000205993652344e+01,2.942500114440917969e+01,2.947500228881835938e+01,2.948000144958496094e+01,2.947300148010253906e+01,2.945500183105468750e+01,2.939800071716308594e+01,2.933000183105468750e+01,2.924300193786621094e+01,2.916000175476074219e+01,2.902800178527832031e+01,2.888500213623046875e+01,2.871000099182128906e+01,2.852500152587890625e+01,2.833500099182128906e+01,2.819000053405761719e+01,2.810800170898437500e+01,1.000000020040877343e+20,2.832500076293945312e+01,2.853000068664550781e+01,2.857500076293945312e+01,2.864000129699707031e+01,2.871300125122070312e+01,2.874800109863281250e+01,2.876000213623046875e+01,2.873800086975097656e+01,2.871300125122070312e+01,2.873000144958496094e+01,2.871000099182128906e+01,2.877000045776367188e+01,2.888300132751464844e+01,2.903500175476074219e+01,2.917500114440917969e+01,2.931500053405761719e+01,2.943300056457519531e+01,2.951000213623046875e+01,2.962500190734863281e+01,1.000000020040877343e+20,1.000000020040877343e+20,2.982300186157226562e+01,2.975800132751464844e+01,2.971000099182128906e+01,2.963500213623046875e+01,2.953300094604492188e+01,2.942500114440917969e+01,2.936500167846679688e+01,2.939300155639648438e+01,2.944800186157226562e+01,2.950800132751464844e+01,2.953800201416015625e+01,2.951500129699707031e+01,2.951000213623046875e+01,2.944500160217285156e+01,2.935800170898437500e+01,2.921500205993652344e+01,2.906500053405761719e+01,2.892300224304199219e+01,2.887300109863281250e+01,2.881800079345703125e+01,2.877300071716308594e+01,2.872800064086914062e+01,1.000000020040877343e+20,1.000000020040877343e+20,2.874300193786621094e+01,2.883500099182128906e+01,2.889300155639648438e+01,2.885500144958496094e+01,2.880300140380859375e+01,2.873500061035156250e+01,2.870000076293945312e+01,2.865500068664550781e+01,2.866000175476074219e+01,2.869300079345703125e+01,2.872500228881835938e+01,2.870300102233886719e+01,2.867000198364257812e+01,2.867500114440917969e+01,2.865000152587890625e+01,2.861000061035156250e+01,2.858300209045410156e+01,2.859000205993652344e+01,2.861000061035156250e+01,2.863800048828125000e+01,2.864000129699707031e+01,2.866300201416015625e+01,2.866300201416015625e+01,2.864000129699707031e+01,2.862000083923339844e+01,2.859500122070312500e+01,2.860800170898437500e+01,2.863000106811523438e+01,2.864800071716308594e+01,2.867500114440917969e+01,2.871000099182128906e+01,2.874800109863281250e+01,2.878500175476074219e+01,2.879300117492675781e+01,2.878300094604492188e+01,2.878800201416015625e+01,2.877500152587890625e+01,2.876300048828125000e+01,2.876500129699707031e+01,2.875500106811523438e+01,2.871300125122070312e+01,2.869000053405761719e+01,2.870000076293945312e+01,2.871500205993652344e+01,2.870000076293945312e+01,2.866800117492675781e+01,2.867000198364257812e+01,2.865000152587890625e+01,2.865000152587890625e+01,2.863500213623046875e+01,2.859500122070312500e+01,2.857800102233886719e+01,2.857300186157226562e+01,2.856500053405761719e+01,2.856000137329101562e+01,2.856300163269042969e+01,2.854500198364257812e+01,2.855800056457519531e+01,2.856300163269042969e+01,2.856300163269042969e+01,2.858000183105468750e+01,2.859800148010253906e+01,2.863000106811523438e+01,2.864300155639648438e+01,2.867300224304199219e+01,2.865800094604492188e+01,2.867000198364257812e+01,2.865500068664550781e+01,2.863300132751464844e+01,2.861500167846679688e+01,2.862500190734863281e+01,2.860800170898437500e+01,2.858300209045410156e+01,2.857500076293945312e+01,2.857500076293945312e+01,2.857500076293945312e+01,2.856300163269042969e+01,2.854300117492675781e+01,2.854300117492675781e+01,2.854500198364257812e+01,2.853500175476074219e+01,2.854000091552734375e+01,2.850300216674804688e+01,2.847300148010253906e+01,2.844800186157226562e+01,2.845000076293945312e+01,2.846500205993652344e+01,2.847300148010253906e+01,2.849000167846679688e+01,2.850800132751464844e+01,2.851000213623046875e+01,2.851300048828125000e+01,2.849800109863281250e+01,2.851500129699707031e+01,2.853000068664550781e+01,2.854500198364257812e+01,2.855800056457519531e+01,2.858000183105468750e+01,2.857500076293945312e+01,2.858300209045410156e+01,2.858000183105468750e+01,2.857500076293945312e+01,2.854000091552734375e+01,2.851500129699707031e+01,2.849800109863281250e+01,2.847000122070312500e+01,2.844800186157226562e+01,2.842500114440917969e+01,2.843800163269042969e+01,2.843300056457519531e+01,2.842000198364257812e+01,2.841800117492675781e+01,2.842000198364257812e+01,2.841800117492675781e+01,2.842800140380859375e+01,2.841300201416015625e+01,2.842300224304199219e+01,2.846500205993652344e+01,2.848800086975097656e+01,2.850000190734863281e+01,2.851300048828125000e+01,2.850800132751464844e+01,2.856300163269042969e+01,2.858800125122070312e+01,2.862500190734863281e+01,2.866800117492675781e+01,2.870000076293945312e+01,2.873000144958496094e+01,2.875000190734863281e+01,2.880000114440917969e+01,2.881300163269042969e+01,2.881000137329101562e+01,2.882000160217285156e+01,2.884800148010253906e+01,2.888300132751464844e+01,2.890800094604492188e+01,2.892800140380859375e+01,2.895500183105468750e+01,2.898300170898437500e+01,2.899000167846679688e+01,2.897500228881835938e+01,2.892300224304199219e+01,2.886500167846679688e+01,2.883500099182128906e+01,2.882500076293945312e+01,2.888500213623046875e+01,2.896000099182128906e+01,2.902000045776367188e+01,2.905800056457519531e+01,2.906300163269042969e+01,2.901000213623046875e+01,2.891000175476074219e+01,2.879300117492675781e+01,2.852500152587890625e+01,2.858800125122070312e+01,2.860500144958496094e+01,2.854000091552734375e+01,1.000000020040877343e+20,1.000000020040877343e+20,1.000000020040877343e+20,1.000000020040877343e+20,1.000000020040877343e+20,1.000000020040877343e+20,1.000000020040877343e+20,1.000000020040877343e+20,1.000000020040877343e+20,1.000000020040877343e+20,1.000000020040877343e+20,1.000000020040877343e+20,1.000000020040877343e+20,1.000000020040877343e+20,1.000000020040877343e+20,1.000000020040877343e+20,1.000000020040877343e+20,1.000000020040877343e+20,1.000000020040877343e+20,2.780800056457519531e+01,2.778000068664550781e+01,2.772500038146972656e+01,2.769300079345703125e+01,2.778800201416015625e+01,2.786800193786621094e+01,2.790300178527832031e+01,2.792000198364257812e+01,2.787300109863281250e+01,2.779300117492675781e+01,2.768300056457519531e+01,2.760300064086914062e+01,2.752800178527832031e+01,2.747800064086914062e+01,2.743800163269042969e+01,2.744000053405761719e+01,2.745300102233886719e+01,2.747300148010253906e+01,2.747300148010253906e+01,2.745000076293945312e+01,2.740800094604492188e+01,2.740000152587890625e+01,2.740000152587890625e+01,2.738300132751464844e+01,2.736300086975097656e+01,2.736300086975097656e+01,2.732300186157226562e+01,2.730000114440917969e+01,2.727500152587890625e+01,2.728000068664550781e+01,2.729800224304199219e+01,2.733800125122070312e+01,2.742000198364257812e+01,2.749300193786621094e+01,2.753300094604492188e+01,2.756800079345703125e+01,2.755800056457519531e+01,2.756500053405761719e+01,2.760500144958496094e+01,2.766500091552734375e+01,2.777000045776367188e+01,2.786800193786621094e+01,2.794300079345703125e+01,2.796300125122070312e+01,2.796800041198730469e+01,2.791800117492675781e+01,2.783000183105468750e+01,1.000000020040877343e+20,1.000000020040877343e+20,1.000000020040877343e+20,1.000000020040877343e+20,1.000000020040877343e+20,1.000000020040877343e+20,1.000000020040877343e+20,1.000000020040877343e+20,1.000000020040877343e+20,1.000000020040877343e+20,1.000000020040877343e+20
2.718300056457519531e+01,2.741300201416015625e+01,2.759800148010253906e+01,2.778000068664550781e+01,2.788000106811523438e+01,1.000000020040877343e+20,1.000000020040877343e+20,1.000000020040877343e+20,1.000000020040877343e+20,1.000000020040877343e+20,1.000000020040877343e+20,1.000000020040877343e+20,1.000000020040877343e+20,1.000000020040877343e+20,1.000000020040877343e+20,1.000000020040877343e+20,1.000000020040877343e+20,1.000000020040877343e+20,1.000000020040877343e+20,1.000000020040877343e+20,1.000000020040877343e+20,1.000000020040877343e+20,1.000000020040877343e+20,1.000000020040877343e+20,1.000000020040877343e+20,1.000000020040877343e+20,1.000000020040877343e+20,1.000000020040877343e+20,1.000000020040877343e+20,1.000000020040877343e+20,1.000000020040877343e+20,1.000000020040877343e+20,1.000000020040877343e+20,1.000000020040877343e+20,1.000000020040877343e+20,1.000000020040877343e+20,1.000000020040877343e+20,1.000000020040877343e+20,1.000000020040877343e+20,1.000000020040877343e+20,1.000000020040877343e+20,1.000000020040877343e+20,1.000000020040877343e+20,1.000000020040877343e+20,1.000000020040877343e+20,1.000000020040877343e+20,1.000000020040877343e+20,1.000000020040877343e+20,2.701300048828125000e+01,2.715300178527832031e+01,2.742500114440917969e+01,2.774000167846679688e+01,2.801000213623046875e+01,2.824000167846679688e+01,2.848300170898437500e+01,2.869300079345703125e+01,2.889800071716308594e+01,2.904800224304199219e+01,2.913000106811523438e+01,2.913300132751464844e+01,2.917800140380859375e+01,2.924500083923339844e+01,2.933300209045410156e+01,2.938500213623046875e+01,2.945800209045410156e+01,2.950300216674804688e+01,2.953300094604492188e+01,2.949800109863281250e+01,2.948500061035156250e+01,2.947300148010253906e+01,2.945800209045410156e+01,2.938500213623046875e+01,2.925000190734863281e+01,2.907800102233886719e+01,2.892300224304199219e+01,2.874300193786621094e+01,2.862800216674804688e+01,2.852300071716308594e+01,2.841500091552734375e+01,2.832300186157226562e+01,2.835000228881835938e+01,2.844300079345703125e+01,2.848300170898437500e+01,2.855000114440917969e+01,2.860800170898437500e+01,2.869300079345703125e+01,2.875800132751464844e+01,2.880800056457519531e+01,2.880800056457519531e+01,2.882500076293945312e+01,2.881300163269042969e+01,2.882800102233886719e+01,2.886300086975097656e+01,2.898000144958496094e+01,2.914500045776367188e+01,2.931800079345703125e+01,2.948000144958496094e+01,2.958800125122070312e+01,2.971300125122070312e+01,2.973800086975097656e+01,2.980300140380859375e+01,1.000000020040877343e+20,1.000000020040877343e+20,2.957500076293945312e+01,2.956500053405761719e+01,2.952300071716308594e+01,2.949800109863281250e+01,2.947300148010253906e+01,2.950300216674804688e+01,2.955300140380859375e+01,2.961300086975097656e+01,2.964800071716308594e+01,2.964500045776367188e+01,2.958500099182128906e+01,2.945500183105468750e+01,2.939000129699707031e+01,1.000000020040877343e+20,1.000000020040877343e+20,1.000000020040877343e+20,2.888500213623046875e+01,2.884800148010253906e+01,2.876300048828125000e+01,2.869800186157226562e+01,2.863800048828125000e+01,2.863300132751464844e+01,2.860300064086914062e+01,2.867000198364257812e+01,2.873000144958496094e+01,2.876800155639648438e+01,2.877800178527832031e+01,2.875000190734863281e+01,2.871800041198730469e+01,2.867000198364257812e+01,2.866300201416015625e+01,2.868000221252441406e+01,2.871000099182128906e+01,2.872300148010253906e+01,2.872300148010253906e+01,2.867800140380859375e+01,2.862300109863281250e+01,2.857800102233886719e+01,2.854300117492675781e+01,2.856000137329101562e+01,2.858000183105468750e+01,2.861500167846679688e+01,2.862800216674804688e+01,2.864800071716308594e+01,2.866300201416015625e+01,2.865800094604492188e+01,2.863500213623046875e+01,2.862000083923339844e+01,2.861800193786621094e+01,2.862000083923339844e+01,2.862800216674804688e+01,2.865300178527832031e+01,2.867500114440917969e+01,2.869300079345703125e+01,2.875500106811523438e+01,2.879000091552734375e+01,2.878000068664550781e+01,2.877000045776367188e+01,2.879000091552734375e+01,2.880500221252441406e+01,2.881800079345703125e+01,2.881500053405761719e+01,2.881000137329101562e+01,2.879500198364257812e+01,2.877800178527832031e+01,2.878300094604492188e+01,2.880300140380859375e+01,2.880800056457519531e+01,2.879800224304199219e+01,2.879000091552734375e+01,2.878800201416015625e+01,2.879300117492675781e+01,2.878000068664550781e+01,2.879500198364257812e+01,2.878800201416015625e+01,2.877300071716308594e+01,2.878000068664550781e+01,2.877000045776367188e+01,2.876000213623046875e+01,2.874500083923339844e+01,2.874000167846679688e+01,2.876800155639648438e+01,2.877300071716308594e+01,2.878300094604492188e+01,2.879000091552734375e+01,2.882000160217285156e+01,2.883500099182128906e+01,2.884500122070312500e+01,2.885300064086914062e+01,2.887000083923339844e+01,2.889000129699707031e+01,2.888800048828125000e+01,2.888300132751464844e+01,2.886800193786621094e+01,2.885000228881835938e+01,2.884500122070312500e+01,2.883800125122070312e+01,2.883500099182128906e+01,2.883300209045410156e+01,2.880800056457519531e+01,2.877300071716308594e+01,2.876300048828125000e+01,2.873500061035156250e+01,2.871000099182128906e+01,2.867000198364257812e+01,2.865500068664550781e+01,2.864300155639648438e+01,2.862800216674804688e+01,2.865300178527832031e+01,2.867000198364257812e+01,2.867000198364257812e+01,2.868800163269042969e+01,2.869000053405761719e+01,2.867000198364257812e+01,2.864800071716308594e+01,2.864500045776367188e+01,2.866500091552734375e+01,2.868300056457519531e+01,2.868300056457519531e+01,2.868300056457519531e+01,2.866300201416015625e+01,2.866300201416015625e+01,2.866300201416015625e+01,2.863800048828125000e+01,2.860300064086914062e+01,2.855800056457519531e+01,2.850300216674804688e+01,2.846300125122070312e+01,2.842000198364257812e+01,2.838500213623046875e+01,2.837500190734863281e+01,2.840000152587890625e+01,2.841300201416015625e+01,2.839500045776367188e+01,2.842000198364257812e+01,2.842500114440917969e+01,2.842300224304199219e+01,2.841300201416015625e+01,2.838000106811523438e+01,2.838000106811523438e+01,2.838000106811523438e+01,2.839000129699707031e+01,2.836800193786621094e+01,2.836000061035156250e+01,2.834800148010253906e+01,2.836300086975097656e+01,2.835500144958496094e+01,2.834500122070312500e+01,2.834300041198730469e+01,2.837500190734863281e+01,2.838500213623046875e+01,2.840500068664550781e+01,2.843800163269042969e+01,2.846500205993652344e+01,2.849500083923339844e+01,2.854000091552734375e+01,2.859800148010253906e+01,2.865000152587890625e+01,2.866500091552734375e+01,2.869000053405761719e+01,2.871500205993652344e+01,2.874000167846679688e+01,2.876000213623046875e+01,2.876500129699707031e+01,2.876500129699707031e+01,2.874000167846679688e+01,2.869000053405761719e+01,2.869300079345703125e+01,2.871500205993652344e+01,2.875500106811523438e+01,2.878300094604492188e+01,2.873800086975097656e+01,2.870300102233886719e+01,2.862000083923339844e+01,2.853000068664550781e+01,2.841000175476074219e+01,2.832300186157226562e+01,2.832500076293945312e+01,2.839500045776367188e+01,2.842300224304199219e+01,1.000000020040877343e+20,1.000000020040877343e+20,1.000000020040877343e+20,1.000000020040877343e+20,1.000000020040877343e+20,1.000000020040877343e+20,1.000000020040877343e+20,1.000000020040877343e+20,1.000000020040877343e+20,1.000000020040877343e+20,1.000000020040877343e+20,1.000000020040877343e+20,1.000000020040877343e+20,1.000000020040877343e+20,1.000000020040877343e+20,1.000000020040877343e+20,1.000000020040877343e+20,1.000000020040877343e+20,1.000000020040877343e+20,1.000000020040877343e+20,1.000000020040877343e+20,1.000000020040877343e+20,1.000000020040877343e+20,2.788800048828125000e+01,2.795000076293945312e+01,2.803800201416015625e+01,2.802300071716308594e+01,2.798500061035156250e+01,2.790000152587890625e+01,2.781500053405761719e+01,2.774000167846679688e+01,2.767800140380859375e+01,2.765300178527832031e+01,2.762300109863281250e+01,2.763300132751464844e+01,2.764800071716308594e+01,2.767800140380859375e+01,2.764500045776367188e+01,2.763000106811523438e+01,2.760800170898437500e+01,2.758000183105468750e+01,2.757000160217285156e+01,2.758000183105468750e+01,2.757500076293945312e+01,2.755000114440917969e+01,2.753500175476074219e+01,2.750500106811523438e+01,2.746800041198730469e+01,2.745000076293945312e+01,2.746300125122070312e+01,2.754000091552734375e+01,2.758800125122070312e+01,2.758300209045410156e+01,2.757300186157226562e+01,2.755500221252441406e+01,2.750800132751464844e+01,2.748800086975097656e+01,2.751000213623046875e+01,2.757500076293945312e+01,2.768800163269042969e+01,2.778800201416015625e+01,2.787500190734863281e+01,2.792300224304199219e+01,2.793500137329101562e+01,2.788000106811523438e+01,2.782000160217285156e+01,2.778500175476074219e+01,2.775300216674804688e+01,1.000000020040877343e+20,1.000000020040877343e+20,1.000000020040877343e+20,1.000000020040877343e+20,1.000000020040877343e+20,1.000000020040877343e+20,1.000000020040877343e+20,1.000000020040877343e+20,2.695000076293945312e+01
2.758300209045410156e+01,2.763300132751464844e+01,2.775000190734863281e+01,2.786300086975097656e+01,2.792300224304199219e+01,2.792800140380859375e+01,1.000000020040877343e+20,2.798300170898437500e+01,2.798000144958496094e+01,1.000000020040877343e+20,1.000000020040877343e+20,1.000000020040877343e+20,1.000000020040877343e+20,1.000000020040877343e+20,1.000000020040877343e+20,1.000000020040877343e+20,1.000000020040877343e+20,1.000000020040877343e+20,1.000000020040877343e+20,1.000000020040877343e+20,1.000000020040877343e+20,1.000000020040877343e+20,1.000000020040877343e+20,1.000000020040877343e+20,1.000000020040877343e+20,1.000000020040877343e+20,1.000000020040877343e+20,1.000000020040877343e+20,1.000000020040877343e+20,1.000000020040877343e+20,1.000000020040877343e+20,1.000000020040877343e+20,1.000000020040877343e+20,1.000000020040877343e+20,1.000000020040877343e+20,1.000000020040877343e+20,1.000000020040877343e+20,1.000000020040877343e+20,1.000000020040877343e+20,1.000000020040877343e+20,1.000000020040877343e+20,1.000000020040877343e+20,1.000000020040877343e+20,1.000000020040877343e+20,1.000000020040877343e+20,1.000000020040877343e+20,1.000000020040877343e+20,1.000000020040877343e+20,2.710300064086914062e+01,2.728800201416015625e+01,2.756000137329101562e+01,2.784300041198730469e+01,2.810000038146972656e+01,2.835300064086914062e+01,2.860300064086914062e+01,2.881300163269042969e+01,2.899500083923339844e+01,2.912000083923339844e+01,2.917000198364257812e+01,2.919800186157226562e+01,2.923300170898437500e+01,2.928000068664550781e+01,2.934500122070312500e+01,2.940500068664550781e+01,2.947500228881835938e+01,2.950300216674804688e+01,2.949300193786621094e+01,2.948300170898437500e+01,2.948500061035156250e+01,2.944000053405761719e+01,2.944800186157226562e+01,2.939500045776367188e+01,2.930300140380859375e+01,2.917800140380859375e+01,2.904800224304199219e+01,2.890800094604492188e+01,2.881300163269042969e+01,2.874800109863281250e+01,2.869300079345703125e+01,2.863800048828125000e+01,2.862800216674804688e+01,2.863000106811523438e+01,2.865000152587890625e+01,2.868000221252441406e+01,2.870800209045410156e+01,2.874800109863281250e+01,2.881500053405761719e+01,2.888500213623046875e+01,2.890300178527832031e+01,2.892300224304199219e+01,2.891000175476074219e+01,2.893500137329101562e+01,2.896500205993652344e+01,2.903800201416015625e+01,2.919300079345703125e+01,2.936300086975097656e+01,1.000000020040877343e+20,1.000000020040877343e+20,2.988500213623046875e+01,2.983000183105468750e+01,2.983000183105468750e+01,1.000000020040877343e+20,1.000000020040877343e+20,2.947500228881835938e+01,2.946300125122070312e+01,2.947300148010253906e+01,2.949500083923339844e+01,2.954300117492675781e+01,2.961500167846679688e+01,2.967500114440917969e+01,2.970800209045410156e+01,2.972300148010253906e+01,2.972000122070312500e+01,2.964000129699707031e+01,1.000000020040877343e+20,1.000000020040877343e+20,1.000000020040877343e+20,1.000000020040877343e+20,2.890000152587890625e+01,2.883300209045410156e+01,2.880000114440917969e+01,2.876800155639648438e+01,2.871800041198730469e+01,2.866000175476074219e+01,2.865300178527832031e+01,2.864500045776367188e+01,2.866800117492675781e+01,2.871800041198730469e+01,2.871500205993652344e+01,2.871300125122070312e+01,2.867800140380859375e+01,2.868300056457519531e+01,2.869800186157226562e+01,2.870000076293945312e+01,2.871500205993652344e+01,2.874300193786621094e+01,2.873800086975097656e+01,2.870500183105468750e+01,2.867500114440917969e+01,2.863800048828125000e+01,2.861300086975097656e+01,2.860000228881835938e+01,2.861500167846679688e+01,2.863300132751464844e+01,2.868000221252441406e+01,2.869800186157226562e+01,2.869300079345703125e+01,2.867300224304199219e+01,2.867500114440917969e+01,2.868500137329101562e+01,2.867800140380859375e+01,2.867300224304199219e+01,2.869300079345703125e+01,2.869500160217285156e+01,2.871500205993652344e+01,2.872000122070312500e+01,2.872800064086914062e+01,2.877500152587890625e+01,2.884300231933593750e+01,2.884500122070312500e+01,2.884300231933593750e+01,2.884000205993652344e+01,2.887300109863281250e+01,2.889800071716308594e+01,2.891000175476074219e+01,2.891800117492675781e+01,2.891800117492675781e+01,2.892000198364257812e+01,2.892300224304199219e+01,2.895500183105468750e+01,2.896800231933593750e+01,2.896000099182128906e+01,2.895300102233886719e+01,2.895500183105468750e+01,2.895500183105468750e+01,2.894800186157226562e+01,2.893300056457519531e+01,2.892800140380859375e+01,2.894300079345703125e+01,2.893300056457519531e+01,2.892300224304199219e+01,2.892800140380859375e+01,2.892500114440917969e+01,2.894800186157226562e+01,2.896300125122070312e+01,2.897800064086914062e+01,2.898500061035156250e+01,2.897800064086914062e+01,2.899300193786621094e+01,2.900800132751464844e+01,2.901500129699707031e+01,2.904500198364257812e+01,2.906800079345703125e+01,2.910300064086914062e+01,2.911800193786621094e+01,2.912000083923339844e+01,2.910300064086914062e+01,2.908800125122070312e+01,2.908000183105468750e+01,2.905500221252441406e+01,2.904800224304199219e+01,2.902800178527832031e+01,2.901300048828125000e+01,2.897500228881835938e+01,2.892800140380859375e+01,2.887800216674804688e+01,2.884500122070312500e+01,2.880500221252441406e+01,2.878300094604492188e+01,2.879300117492675781e+01,2.880000114440917969e+01,2.882800102233886719e+01,2.883800125122070312e+01,2.884800148010253906e+01,2.883300209045410156e+01,2.881300163269042969e+01,2.879000091552734375e+01,2.877800178527832031e+01,2.877800178527832031e+01,2.881800079345703125e+01,2.884800148010253906e+01,2.883500099182128906e+01,2.881500053405761719e+01,2.876800155639648438e+01,2.872500228881835938e+01,2.870500183105468750e+01,2.865800094604492188e+01,2.862300109863281250e+01,2.857300186157226562e+01,2.851800155639648438e+01,2.846000099182128906e+01,2.839800071716308594e+01,2.835500144958496094e+01,2.833000183105468750e+01,2.835800170898437500e+01,2.838500213623046875e+01,2.838800048828125000e+01,2.841300201416015625e+01,2.842800140380859375e+01,2.840800094604492188e+01,2.837000083923339844e+01,2.835500144958496094e+01,2.834000205993652344e+01,2.831500053405761719e+01,2.825300216674804688e+01,2.822300148010253906e+01,2.818800163269042969e+01,2.814300155639648438e+01,2.812800216674804688e+01,2.811300086975097656e+01,2.809300041198730469e+01,2.810800170898437500e+01,2.810000038146972656e+01,2.814000129699707031e+01,2.815800094604492188e+01,2.817800140380859375e+01,2.821500205993652344e+01,2.825000190734863281e+01,2.827800178527832031e+01,2.833300209045410156e+01,2.836300086975097656e+01,2.841500091552734375e+01,2.842000198364257812e+01,2.844000053405761719e+01,2.843300056457519531e+01,2.847500228881835938e+01,2.850300216674804688e+01,2.850800132751464844e+01,2.852300071716308594e+01,2.851300048828125000e+01,2.851000213623046875e+01,2.851800155639648438e+01,2.851300048828125000e+01,2.849000167846679688e+01,2.842300224304199219e+01,2.833500099182128906e+01,2.823300170898437500e+01,2.814800071716308594e+01,2.805800056457519531e+01,2.803800201416015625e+01,2.809800148010253906e+01,2.822300148010253906e+01,2.829800224304199219e+01,1.000000020040877343e+20,1.000000020040877343e+20,1.000000020040877343e+20,1.000000020040877343e+20,1.000000020040877343e+20,1.000000020040877343e+20,1.000000020040877343e+20,1.000000020040877343e+20,1.000000020040877343e+20,1.000000020040877343e+20,1.000000020040877343e+20,1.000000020040877343e+20,1.000000020040877343e+20,1.000000020040877343e+20,1.000000020040877343e+20,1.000000020040877343e+20,1.000000020040877343e+20,1.000000020040877343e+20,1.000000020040877343e+20,1.000000020040877343e+20,1.000000020040877343e+20,1.000000020040877343e+20,1.000000020040877343e+20,1.000000020040877343e+20,1.000000020040877343e+20,2.811300086975097656e+01,2.809800148010253906e+01,2.804300117492675781e+01,2.797300148010253906e+01,2.791000175476074219e+01,2.786300086975097656e+01,2.782000160217285156e+01,2.781300163269042969e+01,2.779300117492675781e+01,2.776500129699707031e+01,2.776800155639648438e+01,2.778300094604492188e+01,2.780300140380859375e+01,2.777800178527832031e+01,2.772500038146972656e+01,2.768300056457519531e+01,2.768000221252441406e+01,2.765500068664550781e+01,2.765800094604492188e+01,2.763800048828125000e+01,2.762000083923339844e+01,2.762500190734863281e+01,2.759800148010253906e+01,2.756500053405761719e+01,2.755000114440917969e+01,2.759300041198730469e+01,2.759500122070312500e+01,2.758000183105468750e+01,2.755000114440917969e+01,2.750500106811523438e+01,2.748500061035156250e+01,2.748000144958496094e+01,2.747000122070312500e+01,2.750800132751464844e+01,2.758800125122070312e+01,2.768000221252441406e+01,2.776300048828125000e+01,2.784000205993652344e+01,2.784800148010253906e+01,2.783000183105468750e+01,2.780500221252441406e+01,2.778500175476074219e+01,2.775300216674804688e+01,2.773000144958496094e+01,2.768300056457519531e+01,2.765500068664550781e+01,2.760500144958496094e+01,2.756000137329101562e+01,2.754300117492675781e+01,2.749300193786621094e+01,2.744500160217285156e+01,2.751500129699707031e+01
2.783300209045410156e+01,2.786000061035156250e+01,2.785800170898437500e+01,2.788000106811523438e+01,2.789300155639648438e+01,2.787800216674804688e+01,2.782800102233886719e+01,2.790800094604492188e+01,2.791500091552734375e+01,2.788000106811523438e+01,1.000000020040877343e+20,1.000000020040877343e+20,1.000000020040877343e+20,1.000000020040877343e+20,1.000000020040877343e+20,1.000000020040877343e+20,1.000000020040877343e+20,1.000000020040877343e+20,1.000000020040877343e+20,1.000000020040877343e+20,1.000000020040877343e+20,1.000000020040877343e+20,1.000000020040877343e+20,1.000000020040877343e+20,1.000000020040877343e+20,1.000000020040877343e+20,1.000000020040877343e+20,1.000000020040877343e+20,1.000000020040877343e+20,1.000000020040877343e+20,1.000000020040877343e+20,1.000000020040877343e+20,1.000000020040877343e+20,1.000000020040877343e+20,1.000000020040877343e+20,1.000000020040877343e+20,1.000000020040877343e+20,1.000000020040877343e+20,1.000000020040877343e+20,1.000000020040877343e+20,1.000000020040877343e+20,1.000000020040877343e+20,1.000000020040877343e+20,1.000000020040877343e+20,1.000000020040877343e+20,1.000000020040877343e+20,1.000000020040877343e+20,2.706500053405761719e+01,2.723000144958496094e+01,2.745500183105468750e+01,2.769000053405761719e+01,2.795000076293945312e+01,2.821000099182128906e+01,2.846300125122070312e+01,2.869800186157226562e+01,2.891000175476074219e+01,2.911000061035156250e+01,2.923300170898437500e+01,2.928500175476074219e+01,2.931800079345703125e+01,2.933000183105468750e+01,2.937500190734863281e+01,2.943800163269042969e+01,2.951300048828125000e+01,2.955800056457519531e+01,2.953800201416015625e+01,2.951800155639648438e+01,2.950300216674804688e+01,2.945300102233886719e+01,2.943300056457519531e+01,2.940300178527832031e+01,2.939500045776367188e+01,2.933000183105468750e+01,2.925500106811523438e+01,2.917300224304199219e+01,2.906000137329101562e+01,2.898000144958496094e+01,2.893800163269042969e+01,2.889000129699707031e+01,2.886800193786621094e+01,2.885300064086914062e+01,2.884000205993652344e+01,2.881500053405761719e+01,2.880300140380859375e+01,2.880000114440917969e+01,2.882800102233886719e+01,2.885500144958496094e+01,2.892800140380859375e+01,2.896800231933593750e+01,2.900800132751464844e+01,2.902800178527832031e+01,2.904500198364257812e+01,2.907800102233886719e+01,2.914300155639648438e+01,2.928800201416015625e+01,2.944300079345703125e+01,2.957500076293945312e+01,1.000000020040877343e+20,1.000000020040877343e+20,2.988300132751464844e+01,2.982500076293945312e+01,1.000000020040877343e+20,1.000000020040877343e+20,2.947300148010253906e+01,2.950300216674804688e+01,2.953000068664550781e+01,2.958000183105468750e+01,2.964500045776367188e+01,2.970000076293945312e+01,2.969500160217285156e+01,2.966500091552734375e+01,2.960300064086914062e+01,2.963500213623046875e+01,2.958300209045410156e+01,1.000000020040877343e+20,1.000000020040877343e+20,1.000000020040877343e+20,2.898800086975097656e+01,2.891000175476074219e+01,2.881800079345703125e+01,2.875800132751464844e+01,2.871300125122070312e+01,2.867800140380859375e+01,2.864800071716308594e+01,2.862300109863281250e+01,2.860800170898437500e+01,2.859800148010253906e+01,2.864500045776367188e+01,2.864300155639648438e+01,2.865800094604492188e+01,2.866000175476074219e+01,2.868000221252441406e+01,2.870500183105468750e+01,2.872500228881835938e+01,2.877800178527832031e+01,2.878800201416015625e+01,2.877800178527832031e+01,2.876300048828125000e+01,2.874300193786621094e+01,2.872300148010253906e+01,2.871000099182128906e+01,2.871800041198730469e+01,2.870500183105468750e+01,2.873000144958496094e+01,2.874500083923339844e+01,2.878300094604492188e+01,2.877300071716308594e+01,2.874500083923339844e+01,2.874300193786621094e+01,2.872500228881835938e+01,2.872000122070312500e+01,2.874000167846679688e+01,2.879300117492675781e+01,2.881300163269042969e+01,2.882800102233886719e+01,2.884000205993652344e+01,2.883800125122070312e+01,2.886800193786621094e+01,2.889500045776367188e+01,2.893800163269042969e+01,2.894500160217285156e+01,2.895500183105468750e+01,2.898000144958496094e+01,2.900800132751464844e+01,2.901500129699707031e+01,2.903300094604492188e+01,2.904300117492675781e+01,2.906300163269042969e+01,2.908300209045410156e+01,2.910500144958496094e+01,2.912000083923339844e+01,2.912300109863281250e+01,2.913300132751464844e+01,2.914800071716308594e+01,2.913800048828125000e+01,2.911000061035156250e+01,2.910000228881835938e+01,2.907300186157226562e+01,2.903800201416015625e+01,2.902300071716308594e+01,2.902500152587890625e+01,2.904300117492675781e+01,2.905300140380859375e+01,2.908500099182128906e+01,2.912800216674804688e+01,2.913500213623046875e+01,2.915800094604492188e+01,2.913800048828125000e+01,2.911300086975097656e+01,2.913300132751464844e+01,2.916000175476074219e+01,2.919500160217285156e+01,2.922500228881835938e+01,2.924800109863281250e+01,2.926800155639648438e+01,2.926500129699707031e+01,2.923000144958496094e+01,2.919000053405761719e+01,2.915500068664550781e+01,2.913000106811523438e+01,2.911500167846679688e+01,2.910500144958496094e+01,2.910000228881835938e+01,2.907300186157226562e+01,2.900800132751464844e+01,2.894800186157226562e+01,2.891800117492675781e+01,2.889000129699707031e+01,2.888000106811523438e+01,2.890800094604492188e+01,2.894300079345703125e+01,2.896000099182128906e+01,2.894500160217285156e+01,2.892500114440917969e+01,2.887800216674804688e+01,2.883300209045410156e+01,2.879300117492675781e+01,2.879500198364257812e+01,2.882000160217285156e+01,2.885000228881835938e+01,2.890300178527832031e+01,2.888000106811523438e+01,2.883500099182128906e+01,2.879800224304199219e+01,2.874300193786621094e+01,2.870800209045410156e+01,2.867500114440917969e+01,2.864800071716308594e+01,2.863000106811523438e+01,2.856800079345703125e+01,2.850800132751464844e+01,2.841800117492675781e+01,2.835800170898437500e+01,2.831800079345703125e+01,2.828300094604492188e+01,2.832000160217285156e+01,2.835500144958496094e+01,2.836000061035156250e+01,2.838800048828125000e+01,2.834800148010253906e+01,2.832000160217285156e+01,2.827500152587890625e+01,2.822300148010253906e+01,2.816500091552734375e+01,2.810800170898437500e+01,2.805300140380859375e+01,2.799500083923339844e+01,2.796500205993652344e+01,2.793500137329101562e+01,2.792300224304199219e+01,2.788300132751464844e+01,2.787300109863281250e+01,2.787800216674804688e+01,2.791300201416015625e+01,2.796300125122070312e+01,2.799000167846679688e+01,2.803500175476074219e+01,2.809800148010253906e+01,2.814300155639648438e+01,2.817500114440917969e+01,2.819000053405761719e+01,2.819000053405761719e+01,2.815800094604492188e+01,2.812800216674804688e+01,2.810800170898437500e+01,2.812500190734863281e+01,2.811000061035156250e+01,2.813000106811523438e+01,2.813800048828125000e+01,2.813300132751464844e+01,2.815300178527832031e+01,2.815000152587890625e+01,2.811500167846679688e+01,2.806800079345703125e+01,2.800300216674804688e+01,2.795800209045410156e+01,2.791300201416015625e+01,2.788300132751464844e+01,2.784500122070312500e+01,2.788500213623046875e+01,2.800500106811523438e+01,2.816000175476074219e+01,2.830000114440917969e+01,1.000000020040877343e+20,1.000000020040877343e+20,1.000000020040877343e+20,1.000000020040877343e+20,1.000000020040877343e+20,1.000000020040877343e+20,1.000000020040877343e+20,1.000000020040877343e+20,1.000000020040877343e+20,1.000000020040877343e+20,1.000000020040877343e+20,1.000000020040877343e+20,1.000000020040877343e+20,1.000000020040877343e+20,1.000000020040877343e+20,1.000000020040877343e+20,1.000000020040877343e+20,1.000000020040877343e+20,1.000000020040877343e+20,1.000000020040877343e+20,1.000000020040877343e+20,1.000000020040877343e+20,1.000000020040877343e+20,1.000000020040877343e+20,1.000000020040877343e+20,1.000000020040877343e+20,2.816000175476074219e+01,2.811000061035156250e+01,2.805800056457519531e+01,2.799500083923339844e+01,2.792500114440917969e+01,2.787500190734863281e+01,2.786000061035156250e+01,2.784300041198730469e+01,2.783800125122070312e+01,2.786300086975097656e+01,2.788300132751464844e+01,2.789500045776367188e+01,2.787500190734863281e+01,2.780500221252441406e+01,2.772300148010253906e+01,2.766500091552734375e+01,2.763500213623046875e+01,2.760300064086914062e+01,2.759300041198730469e+01,2.759000205993652344e+01,2.758000183105468750e+01,2.757000160217285156e+01,2.755000114440917969e+01,2.755800056457519531e+01,2.753000068664550781e+01,2.750800132751464844e+01,2.747000122070312500e+01,2.743300056457519531e+01,2.741800117492675781e+01,2.741800117492675781e+01,2.742300224304199219e+01,2.745000076293945312e+01,2.747300148010253906e+01,2.750500106811523438e+01,2.753000068664550781e+01,2.760500144958496094e+01,2.766300201416015625e+01,2.770000076293945312e+01,2.769300079345703125e+01,2.765800094604492188e+01,2.766300201416015625e+01,2.764800071716308594e+01,2.765800094604492188e+01,2.768000221252441406e+01,2.770000076293945312e+01,2.773800086975097656e+01,2.779800224304199219e+01,2.780500221252441406e+01,2.779000091552734375e+01,2.774800109863281250e+01,2.779800224304199219e+01
2.781000137329101562e+01,2.778300094604492188e+01,2.773300170898437500e+01,2.769500160217285156e+01,2.764800071716308594e+01,2.761300086975097656e+01,2.758000183105468750e+01,2.758800125122070312e+01,2.759800148010253906e+01,2.760300064086914062e+01,1.000000020040877343e+20,1.000000020040877343e+20,1.000000020040877343e+20,1.000000020040877343e+20,1.000000020040877343e+20,1.000000020040877343e+20,1.000000020040877343e+20,1.000000020040877343e+20,1.000000020040877343e+20,1.000000020040877343e+20,1.000000020040877343e+20,1.000000020040877343e+20,1.000000020040877343e+20,1.000000020040877343e+20,1.000000020040877343e+20,1.000000020040877343e+20,1.000000020040877343e+20,1.000000020040877343e+20,1.000000020040877343e+20,1.000000020040877343e+20,1.000000020040877343e+20,1.000000020040877343e+20,1.000000020040877343e+20,1.000000020040877343e+20,1.000000020040877343e+20,1.000000020040877343e+20,1.000000020040877343e+20,1.000000020040877343e+20,1.000000020040877343e+20,1.000000020040877343e+20,1.000000020040877343e+20,1.000000020040877343e+20,1.000000020040877343e+20,1.000000020040877343e+20,1.000000020040877343e+20,1.000000020040877343e+20,2.716300201416015625e+01,2.722300148010253906e+01,2.740800094604492188e+01,2.763300132751464844e+01,2.784800148010253906e+01,2.809300041198730469e+01,2.833000183105468750e+01,2.855800056457519531e+01,2.878500175476074219e+01,2.898800086975097656e+01,2.917800140380859375e+01,2.930000114440917969e+01,2.936800193786621094e+01,2.940500068664550781e+01,2.943000221252441406e+01,2.944500160217285156e+01,2.949500083923339844e+01,2.954800224304199219e+01,2.959300231933593750e+01,2.959000205993652344e+01,2.953000068664550781e+01,2.950300216674804688e+01,2.945300102233886719e+01,2.942300224304199219e+01,2.942800140380859375e+01,2.942800140380859375e+01,2.939000129699707031e+01,2.932300186157226562e+01,2.925800132751464844e+01,2.918800163269042969e+01,2.911800193786621094e+01,2.910000228881835938e+01,2.906500053405761719e+01,2.903000068664550781e+01,2.901300048828125000e+01,2.899800109863281250e+01,2.896500205993652344e+01,2.896500205993652344e+01,2.895300102233886719e+01,2.895300102233886719e+01,2.896300125122070312e+01,2.900800132751464844e+01,2.903300094604492188e+01,2.909500122070312500e+01,2.913500213623046875e+01,2.913800048828125000e+01,2.919000053405761719e+01,2.929800224304199219e+01,2.942500114440917969e+01,2.953800201416015625e+01,2.963500213623046875e+01,2.968800163269042969e+01,1.000000020040877343e+20,1.000000020040877343e+20,2.975300216674804688e+01,2.969800186157226562e+01,1.000000020040877343e+20,1.000000020040877343e+20,2.958500099182128906e+01,2.961500167846679688e+01,2.966300201416015625e+01,2.972800064086914062e+01,2.971800231933593750e+01,2.964300155639648438e+01,2.957300186157226562e+01,2.947000122070312500e+01,1.000000020040877343e+20,1.000000020040877343e+20,1.000000020040877343e+20,1.000000020040877343e+20,1.000000020040877343e+20,1.000000020040877343e+20,2.903500175476074219e+01,2.892500114440917969e+01,2.881000137329101562e+01,2.873500061035156250e+01,2.870800209045410156e+01,2.868000221252441406e+01,2.865500068664550781e+01,2.860800170898437500e+01,2.856300163269042969e+01,2.854300117492675781e+01,2.856300163269042969e+01,2.855300140380859375e+01,2.857500076293945312e+01,2.865000152587890625e+01,2.870000076293945312e+01,2.875500106811523438e+01,2.883000183105468750e+01,2.889000129699707031e+01,2.889800071716308594e+01,2.885300064086914062e+01,2.880000114440917969e+01,2.877500152587890625e+01,2.875500106811523438e+01,2.876800155639648438e+01,2.876800155639648438e+01,2.878000068664550781e+01,2.880300140380859375e+01,2.881500053405761719e+01,2.883000183105468750e+01,2.881300163269042969e+01,2.879000091552734375e+01,2.879800224304199219e+01,2.882500076293945312e+01,2.883500099182128906e+01,2.888000106811523438e+01,2.893000221252441406e+01,2.895800209045410156e+01,2.897800064086914062e+01,2.899000167846679688e+01,2.900300216674804688e+01,2.905000114440917969e+01,2.905800056457519531e+01,2.907000160217285156e+01,2.906300163269042969e+01,2.906500053405761719e+01,2.909800148010253906e+01,2.912500190734863281e+01,2.917000198364257812e+01,2.919500160217285156e+01,2.924000167846679688e+01,2.926000213623046875e+01,2.925800132751464844e+01,2.927300071716308594e+01,2.927800178527832031e+01,2.925800132751464844e+01,2.926300048828125000e+01,2.927300071716308594e+01,2.926800155639648438e+01,2.925300216674804688e+01,2.921800231933593750e+01,2.916500091552734375e+01,2.912300109863281250e+01,2.911000061035156250e+01,2.909800148010253906e+01,2.911300086975097656e+01,2.913500213623046875e+01,2.917800140380859375e+01,2.918500137329101562e+01,2.919500160217285156e+01,2.916300201416015625e+01,2.915300178527832031e+01,2.916500091552734375e+01,2.921000099182128906e+01,2.924800109863281250e+01,2.926000213623046875e+01,2.927300071716308594e+01,2.927800178527832031e+01,2.926500129699707031e+01,2.925300216674804688e+01,2.921000099182128906e+01,2.916500091552734375e+01,2.913000106811523438e+01,2.911300086975097656e+01,2.908300209045410156e+01,2.907800102233886719e+01,2.902800178527832031e+01,2.896800231933593750e+01,2.890500068664550781e+01,2.887800216674804688e+01,2.884800148010253906e+01,2.884800148010253906e+01,2.888500213623046875e+01,2.889800071716308594e+01,2.891800117492675781e+01,2.890000152587890625e+01,2.885000228881835938e+01,2.879500198364257812e+01,2.875500106811523438e+01,2.871300125122070312e+01,2.870000076293945312e+01,2.872800064086914062e+01,2.878500175476074219e+01,2.881000137329101562e+01,2.883800125122070312e+01,2.879500198364257812e+01,2.874000167846679688e+01,2.866800117492675781e+01,2.862500190734863281e+01,2.860000228881835938e+01,2.860300064086914062e+01,2.857800102233886719e+01,2.853000068664550781e+01,2.846300125122070312e+01,2.837800216674804688e+01,2.828500175476074219e+01,2.823300170898437500e+01,2.820300102233886719e+01,2.818300056457519531e+01,2.818000221252441406e+01,2.815500068664550781e+01,2.811000061035156250e+01,2.809800148010253906e+01,2.801800155639648438e+01,2.795800209045410156e+01,2.790300178527832031e+01,2.785500144958496094e+01,2.778300094604492188e+01,2.771000099182128906e+01,2.768000221252441406e+01,2.762800216674804688e+01,2.759800148010253906e+01,2.757500076293945312e+01,2.757300186157226562e+01,2.753300094604492188e+01,2.752300071716308594e+01,2.754300117492675781e+01,2.759000205993652344e+01,2.763800048828125000e+01,2.769500160217285156e+01,2.775000190734863281e+01,2.779300117492675781e+01,2.781000137329101562e+01,2.779500198364257812e+01,2.776000213623046875e+01,2.769500160217285156e+01,2.766800117492675781e+01,2.761800193786621094e+01,2.758000183105468750e+01,2.758800125122070312e+01,2.755800056457519531e+01,2.748000144958496094e+01,2.745000076293945312e+01,2.744000053405761719e+01,2.746300125122070312e+01,2.748000144958496094e+01,2.746500205993652344e+01,2.748500061035156250e+01,2.753000068664550781e+01,2.754800224304199219e+01,2.759300041198730469e+01,2.763500213623046875e+01,2.773300170898437500e+01,2.786500167846679688e+01,2.819300079345703125e+01,1.000000020040877343e+20,1.000000020040877343e+20,1.000000020040877343e+20,1.000000020040877343e+20,1.000000020040877343e+20,1.000000020040877343e+20,1.000000020040877343e+20,1.000000020040877343e+20,1.000000020040877343e+20,1.000000020040877343e+20,1.000000020040877343e+20,1.000000020040877343e+20,1.000000020040877343e+20,1.000000020040877343e+20,1.000000020040877343e+20,1.000000020040877343e+20,1.000000020040877343e+20,1.000000020040877343e+20,1.000000020040877343e+20,1.000000020040877343e+20,1.000000020040877343e+20,1.000000020040877343e+20,1.000000020040877343e+20,1.000000020040877343e+20,1.000000020040877343e+20,1.000000020040877343e+20,1.000000020040877343e+20,2.818300056457519531e+01,2.818500137329101562e+01,2.812800216674804688e+01,2.805000114440917969e+01,2.794300079345703125e+01,2.788000106811523438e+01,2.784800148010253906e+01,2.784300041198730469e+01,2.782000160217285156e+01,2.783000183105468750e+01,2.781000137329101562e+01,2.782000160217285156e+01,2.780000114440917969e+01,2.774800109863281250e+01,2.767000198364257812e+01,2.758000183105468750e+01,2.750300216674804688e+01,2.745500183105468750e+01,2.741800117492675781e+01,2.739300155639648438e+01,2.736300086975097656e+01,2.737300109863281250e+01,2.738500213623046875e+01,2.737500190734863281e+01,2.735500144958496094e+01,2.730800056457519531e+01,2.730500221252441406e+01,2.729300117492675781e+01,2.722000122070312500e+01,2.720500183105468750e+01,2.717800140380859375e+01,2.719500160217285156e+01,2.719300079345703125e+01,2.721300125122070312e+01,2.718800163269042969e+01,2.721300125122070312e+01,2.723500061035156250e+01,2.721300125122070312e+01,2.718800163269042969e+01,2.718800163269042969e+01,2.716300201416015625e+01,2.717800140380859375e+01,2.723000144958496094e+01,2.732500076293945312e+01,2.747000122070312500e+01,2.759800148010253906e+01,2.770800209045410156e+01,2.778800201416015625e+01,2.779800224304199219e+01,2.778800201416015625e+01,2.782000160217285156e+01
2.721800041198730469e+01,2.720500183105468750e+01,2.720000076293945312e+01,2.715300178527832031e+01,2.709500122070312500e+01,2.703000068664550781e+01,2.696500205993652344e+01,2.695300102233886719e+01,2.696800041198730469e+01,2.702800178527832031e+01,1.000000020040877343e+20,1.000000020040877343e+20,1.000000020040877343e+20,1.000000020040877343e+20,1.000000020040877343e+20,1.000000020040877343e+20,1.000000020040877343e+20,1.000000020040877343e+20,1.000000020040877343e+20,1.000000020040877343e+20,1.000000020040877343e+20,1.000000020040877343e+20,1.000000020040877343e+20,1.000000020040877343e+20,1.000000020040877343e+20,1.000000020040877343e+20,1.000000020040877343e+20,1.000000020040877343e+20,1.000000020040877343e+20,1.000000020040877343e+20,1.000000020040877343e+20,1.000000020040877343e+20,1.000000020040877343e+20,1.000000020040877343e+20,1.000000020040877343e+20,1.000000020040877343e+20,1.000000020040877343e+20,1.000000020040877343e+20,1.000000020040877343e+20,1.000000020040877343e+20,1.000000020040877343e+20,1.000000020040877343e+20,1.000000020040877343e+20,1.000000020040877343e+20,2.714800071716308594e+01,2.727000045776367188e+01,2.733800125122070312e+01,2.749000167846679688e+01,2.765500068664550781e+01,2.784000205993652344e+01,2.806500053405761719e+01,2.824000167846679688e+01,2.844800186157226562e+01,2.864000129699707031e+01,2.884300231933593750e+01,2.902800178527832031e+01,2.918300056457519531e+01,2.931500053405761719e+01,2.940300178527832031e+01,2.942300224304199219e+01,2.948300170898437500e+01,2.949500083923339844e+01,2.952300071716308594e+01,2.955300140380859375e+01,2.959000205993652344e+01,2.957800102233886719e+01,2.957000160217285156e+01,2.952500152587890625e+01,2.948800086975097656e+01,2.949300193786621094e+01,2.947300148010253906e+01,2.950000190734863281e+01,2.949300193786621094e+01,2.945300102233886719e+01,2.942000198364257812e+01,2.934300231933593750e+01,2.926500129699707031e+01,2.922300148010253906e+01,2.918300056457519531e+01,2.915800094604492188e+01,2.912300109863281250e+01,2.912300109863281250e+01,2.910800170898437500e+01,2.911300086975097656e+01,2.910300064086914062e+01,2.912300109863281250e+01,2.911000061035156250e+01,2.912800216674804688e+01,2.914500045776367188e+01,2.918800163269042969e+01,2.922300148010253906e+01,2.927300071716308594e+01,2.933000183105468750e+01,2.943300056457519531e+01,2.953800201416015625e+01,2.966000175476074219e+01,2.969800186157226562e+01,2.970800209045410156e+01,2.964000129699707031e+01,1.000000020040877343e+20,1.000000020040877343e+20,1.000000020040877343e+20,2.976800155639648438e+01,2.975000190734863281e+01,2.967500114440917969e+01,2.970800209045410156e+01,2.973500061035156250e+01,2.975500106811523438e+01,2.969500160217285156e+01,1.000000020040877343e+20,1.000000020040877343e+20,1.000000020040877343e+20,1.000000020040877343e+20,1.000000020040877343e+20,1.000000020040877343e+20,1.000000020040877343e+20,1.000000020040877343e+20,1.000000020040877343e+20,2.914000129699707031e+01,2.907000160217285156e+01,2.895800209045410156e+01,2.886000061035156250e+01,2.880800056457519531e+01,2.873300170898437500e+01,2.858000183105468750e+01,2.851800155639648438e+01,2.843500137329101562e+01,2.839300155639648438e+01,2.836500167846679688e+01,2.844000053405761719e+01,2.846500205993652344e+01,2.856800079345703125e+01,2.869000053405761719e+01,2.883000183105468750e+01,2.893300056457519531e+01,2.902000045776367188e+01,2.899500083923339844e+01,2.893800163269042969e+01,2.887800216674804688e+01,2.882000160217285156e+01,2.877000045776367188e+01,2.875000190734863281e+01,2.874800109863281250e+01,2.873500061035156250e+01,2.875300216674804688e+01,2.877800178527832031e+01,2.881500053405761719e+01,2.885500144958496094e+01,2.887000083923339844e+01,2.888000106811523438e+01,2.890000152587890625e+01,2.892300224304199219e+01,2.893800163269042969e+01,2.896300125122070312e+01,2.897300148010253906e+01,2.900500106811523438e+01,2.904000091552734375e+01,2.906300163269042969e+01,2.909000205993652344e+01,2.910500144958496094e+01,2.911300086975097656e+01,2.912000083923339844e+01,2.914300155639648438e+01,2.916300201416015625e+01,2.921300125122070312e+01,2.927800178527832031e+01,2.933300209045410156e+01,2.938800048828125000e+01,2.940300178527832031e+01,2.940000152587890625e+01,2.939000129699707031e+01,2.937300109863281250e+01,2.936000061035156250e+01,2.934800148010253906e+01,2.935300064086914062e+01,2.935500144958496094e+01,2.934000205993652344e+01,2.930300140380859375e+01,2.925300216674804688e+01,2.920000076293945312e+01,2.915500068664550781e+01,2.913000106811523438e+01,2.915300178527832031e+01,2.915300178527832031e+01,2.915800094604492188e+01,2.916000175476074219e+01,2.913800048828125000e+01,2.912300109863281250e+01,2.912500190734863281e+01,2.911800193786621094e+01,2.915500068664550781e+01,2.919000053405761719e+01,2.920000076293945312e+01,2.920300102233886719e+01,2.919500160217285156e+01,2.917500114440917969e+01,2.914300155639648438e+01,2.912800216674804688e+01,2.910500144958496094e+01,2.905000114440917969e+01,2.903300094604492188e+01,2.899500083923339844e+01,2.896000099182128906e+01,2.891800117492675781e+01,2.886300086975097656e+01,2.880000114440917969e+01,2.875300216674804688e+01,2.873000144958496094e+01,2.870800209045410156e+01,2.871300125122070312e+01,2.871500205993652344e+01,2.872800064086914062e+01,2.871800041198730469e+01,2.865500068664550781e+01,2.859500122070312500e+01,2.854300117492675781e+01,2.850300216674804688e+01,2.847300148010253906e+01,2.849000167846679688e+01,2.854300117492675781e+01,2.859000205993652344e+01,2.859300041198730469e+01,2.855500221252441406e+01,2.848300170898437500e+01,2.842500114440917969e+01,2.837300109863281250e+01,2.834500122070312500e+01,2.835800170898437500e+01,2.832300186157226562e+01,2.829000091552734375e+01,2.821000099182128906e+01,2.813000106811523438e+01,2.806500053405761719e+01,2.797300148010253906e+01,2.788500213623046875e+01,2.780800056457519531e+01,2.773800086975097656e+01,2.768500137329101562e+01,2.765800094604492188e+01,2.759000205993652344e+01,2.752000045776367188e+01,2.745500183105468750e+01,2.739800071716308594e+01,2.730300140380859375e+01,2.720500183105468750e+01,2.713300132751464844e+01,2.709300041198730469e+01,2.704800033569335938e+01,2.702300071716308594e+01,2.700500106811523438e+01,2.695800209045410156e+01,2.689000129699707031e+01,2.687500190734863281e+01,2.683500099182128906e+01,2.683500099182128906e+01,2.685300064086914062e+01,2.690000152587890625e+01,2.695000076293945312e+01,2.697500038146972656e+01,2.694800186157226562e+01,2.692000198364257812e+01,2.685000038146972656e+01,2.676500129699707031e+01,2.669300079345703125e+01,2.663800048828125000e+01,2.663000106811523438e+01,2.662800216674804688e+01,2.658000183105468750e+01,2.652800178527832031e+01,2.650300216674804688e+01,2.654000091552734375e+01,2.658300209045410156e+01,2.660500144958496094e+01,2.669000053405761719e+01,2.678800201416015625e+01,2.689300155639648438e+01,2.694800186157226562e+01,2.708300209045410156e+01,2.721500205993652344e+01,2.736000061035156250e+01,2.764800071716308594e+01,1.000000020040877343e+20,1.000000020040877343e+20,1.000000020040877343e+20,1.000000020040877343e+20,1.000000020040877343e+20,1.000000020040877343e+20,1.000000020040877343e+20,1.000000020040877343e+20,1.000000020040877343e+20,1.000000020040877343e+20,1.000000020040877343e+20,1.000000020040877343e+20,1.000000020040877343e+20,1.000000020040877343e+20,1.000000020040877343e+20,1.000000020040877343e+20,1.000000020040877343e+20,1.000000020040877343e+20,1.000000020040877343e+20,1.000000020040877343e+20,1.000000020040877343e+20,1.000000020040877343e+20,1.000000020040877343e+20,1.000000020040877343e+20,1.000000020040877343e+20,1.000000020040877343e+20,1.000000020040877343e+20,1.000000020040877343e+20,1.000000020040877343e+20,2.825000190734863281e+01,2.818000221252441406e+01,2.806800079345703125e+01,2.794800186157226562e+01,2.785000038146972656e+01,2.779300117492675781e+01,2.775300216674804688e+01,2.771500205993652344e+01,2.766000175476074219e+01,2.762000083923339844e+01,2.760800170898437500e+01,2.759300041198730469e+01,2.757300186157226562e+01,2.751800155639648438e+01,2.743800163269042969e+01,2.738300132751464844e+01,2.730800056457519531e+01,2.723500061035156250e+01,2.718000221252441406e+01,2.714500045776367188e+01,2.713300132751464844e+01,2.711800193786621094e+01,2.712300109863281250e+01,2.707300186157226562e+01,2.701800155639648438e+01,2.697300148010253906e+01,2.692000198364257812e+01,2.689800071716308594e+01,2.679800033569335938e+01,2.672300148010253906e+01,2.666800117492675781e+01,2.664800071716308594e+01,2.662500190734863281e+01,2.656500053405761719e+01,2.657300186157226562e+01,2.654500198364257812e+01,2.650000190734863281e+01,2.641300201416015625e+01,2.634500122070312500e+01,2.626300048828125000e+01,2.625300216674804688e+01,2.630000114440917969e+01,2.641500091552734375e+01,2.661500167846679688e+01,2.680300140380859375e+01,2.696500205993652344e+01,2.709300041198730469e+01,2.718300056457519531e+01,2.719800186157226562e+01,2.721800041198730469e+01
2.622000122070312500e+01,2.621300125122070312e+01,2.625300216674804688e+01,2.623000144958496094e+01,2.615300178527832031e+01,2.607000160217285156e+01,2.600800132751464844e+01,2.597300148010253906e+01,2.600000190734863281e+01,2.649300193786621094e+01,1.000000020040877343e+20,1.000000020040877343e+20,1.000000020040877343e+20,1.000000020040877343e+20,1.000000020040877343e+20,1.000000020040877343e+20,1.000000020040877343e+20,1.000000020040877343e+20,1.000000020040877343e+20,1.000000020040877343e+20,1.000000020040877343e+20,1.000000020040877343e+20,1.000000020040877343e+20,1.000000020040877343e+20,1.000000020040877343e+20,1.000000020040877343e+20,1.000000020040877343e+20,1.000000020040877343e+20,1.000000020040877343e+20,1.000000020040877343e+20,1.000000020040877343e+20,1.000000020040877343e+20,1.000000020040877343e+20,1.000000020040877343e+20,1.000000020040877343e+20,1.000000020040877343e+20,1.000000020040877343e+20,1.000000020040877343e+20,1.000000020040877343e+20,1.000000020040877343e+20,1.000000020040877343e+20,1.000000020040877343e+20,1.000000020040877343e+20,2.730300140380859375e+01,2.731000137329101562e+01,2.742300224304199219e+01,2.754300117492675781e+01,2.767800140380859375e+01,2.783500099182128906e+01,2.799500083923339844e+01,2.815800094604492188e+01,2.831300163269042969e+01,2.846800041198730469e+01,2.864800071716308594e+01,2.881300163269042969e+01,2.898500061035156250e+01,2.911000061035156250e+01,2.924000167846679688e+01,2.929500198364257812e+01,2.935800170898437500e+01,2.941500091552734375e+01,2.942300224304199219e+01,2.942800140380859375e+01,2.945300102233886719e+01,2.949500083923339844e+01,2.951800155639648438e+01,2.954000091552734375e+01,2.952300071716308594e+01,2.952000045776367188e+01,2.954800224304199219e+01,2.954000091552734375e+01,2.956500053405761719e+01,2.957000160217285156e+01,2.955300140380859375e+01,2.952500152587890625e+01,2.947000122070312500e+01,2.941300201416015625e+01,2.932500076293945312e+01,2.925800132751464844e+01,2.922500228881835938e+01,2.920500183105468750e+01,2.916000175476074219e+01,2.915300178527832031e+01,2.916500091552734375e+01,2.918300056457519531e+01,2.920000076293945312e+01,2.923500061035156250e+01,2.925300216674804688e+01,2.926000213623046875e+01,2.928800201416015625e+01,2.934500122070312500e+01,2.937800216674804688e+01,2.944500160217285156e+01,2.949800109863281250e+01,2.960500144958496094e+01,2.969800186157226562e+01,2.972500228881835938e+01,2.968000221252441406e+01,2.962000083923339844e+01,1.000000020040877343e+20,1.000000020040877343e+20,1.000000020040877343e+20,1.000000020040877343e+20,2.976500129699707031e+01,2.978500175476074219e+01,2.983000183105468750e+01,2.979800224304199219e+01,2.969800186157226562e+01,2.958500099182128906e+01,1.000000020040877343e+20,1.000000020040877343e+20,1.000000020040877343e+20,1.000000020040877343e+20,1.000000020040877343e+20,1.000000020040877343e+20,1.000000020040877343e+20,1.000000020040877343e+20,2.928800201416015625e+01,2.914500045776367188e+01,2.896800231933593750e+01,1.000000020040877343e+20,1.000000020040877343e+20,1.000000020040877343e+20,1.000000020040877343e+20,2.835300064086914062e+01,2.828300094604492188e+01,2.821800041198730469e+01,2.820800209045410156e+01,2.818300056457519531e+01,2.828000068664550781e+01,2.831800079345703125e+01,2.843800163269042969e+01,2.862800216674804688e+01,2.882300186157226562e+01,2.896300125122070312e+01,2.903300094604492188e+01,2.904000091552734375e+01,2.898800086975097656e+01,2.889300155639648438e+01,2.879800224304199219e+01,2.872500228881835938e+01,2.871000099182128906e+01,2.870800209045410156e+01,2.870000076293945312e+01,2.871800041198730469e+01,2.875300216674804688e+01,2.878300094604492188e+01,2.882500076293945312e+01,2.883500099182128906e+01,2.887300109863281250e+01,2.888500213623046875e+01,2.892300224304199219e+01,2.891800117492675781e+01,2.890800094604492188e+01,2.894800186157226562e+01,2.897300148010253906e+01,2.902000045776367188e+01,2.905800056457519531e+01,2.908000183105468750e+01,2.910300064086914062e+01,2.912500190734863281e+01,2.913800048828125000e+01,2.917000198364257812e+01,2.921800231933593750e+01,2.927800178527832031e+01,2.934800148010253906e+01,2.940800094604492188e+01,2.946300125122070312e+01,2.948000144958496094e+01,2.945800209045410156e+01,2.945800209045410156e+01,2.944500160217285156e+01,2.944800186157226562e+01,2.944800186157226562e+01,2.946000099182128906e+01,2.944500160217285156e+01,2.943300056457519531e+01,2.940300178527832031e+01,2.935000228881835938e+01,2.928300094604492188e+01,2.921500205993652344e+01,2.919300079345703125e+01,2.916000175476074219e+01,2.917300224304199219e+01,2.915000152587890625e+01,2.913000106811523438e+01,2.911500167846679688e+01,2.909000205993652344e+01,2.908500099182128906e+01,2.911000061035156250e+01,2.912500190734863281e+01,2.913300132751464844e+01,2.914300155639648438e+01,2.914800071716308594e+01,2.911800193786621094e+01,2.911300086975097656e+01,2.907800102233886719e+01,2.904500198364257812e+01,2.902500152587890625e+01,2.898500061035156250e+01,2.894800186157226562e+01,2.890300178527832031e+01,2.886000061035156250e+01,2.882000160217285156e+01,2.878000068664550781e+01,2.874000167846679688e+01,2.871000099182128906e+01,2.866800117492675781e+01,2.862000083923339844e+01,2.858300209045410156e+01,2.856500053405761719e+01,2.856000137329101562e+01,2.854300117492675781e+01,2.845300102233886719e+01,2.837300109863281250e+01,2.829500198364257812e+01,2.822800064086914062e+01,2.818800163269042969e+01,2.818000221252441406e+01,2.821800041198730469e+01,2.822500228881835938e+01,2.822800064086914062e+01,2.819800186157226562e+01,2.815000152587890625e+01,2.808500099182128906e+01,2.802300071716308594e+01,2.797500038146972656e+01,2.796800041198730469e+01,2.796800041198730469e+01,2.791800117492675781e+01,2.785800170898437500e+01,2.777500152587890625e+01,2.771500205993652344e+01,2.760300064086914062e+01,2.748300170898437500e+01,2.736800193786621094e+01,2.725500106811523438e+01,2.718300056457519531e+01,2.712500190734863281e+01,2.705300140380859375e+01,2.700500106811523438e+01,2.694000053405761719e+01,2.685800170898437500e+01,2.674000167846679688e+01,2.661300086975097656e+01,2.648800086975097656e+01,2.639300155639648438e+01,2.635300064086914062e+01,2.629000091552734375e+01,2.622000122070312500e+01,2.615800094604492188e+01,2.610300064086914062e+01,2.604000091552734375e+01,2.603500175476074219e+01,2.601300048828125000e+01,2.601000213623046875e+01,2.602300071716308594e+01,2.605500030517578125e+01,2.604000091552734375e+01,2.595800209045410156e+01,2.587300109863281250e+01,2.577300071716308594e+01,2.568800163269042969e+01,2.561500167846679688e+01,2.555500030517578125e+01,2.553000068664550781e+01,2.552000045776367188e+01,2.550800132751464844e+01,2.548500061035156250e+01,2.547800064086914062e+01,2.552800178527832031e+01,2.555800056457519531e+01,2.562800216674804688e+01,2.573300170898437500e+01,2.590000152587890625e+01,2.604000091552734375e+01,2.618500137329101562e+01,2.643300056457519531e+01,2.672800064086914062e+01,2.691800117492675781e+01,1.000000020040877343e+20,1.000000020040877343e+20,1.000000020040877343e+20,1.000000020040877343e+20,1.000000020040877343e+20,1.000000020040877343e+20,1.000000020040877343e+20,1.000000020040877343e+20,1.000000020040877343e+20,1.000000020040877343e+20,1.000000020040877343e+20,1.000000020040877343e+20,1.000000020040877343e+20,1.000000020040877343e+20,1.000000020040877343e+20,1.000000020040877343e+20,1.000000020040877343e+20,1.000000020040877343e+20,1.000000020040877343e+20,1.000000020040877343e+20,1.000000020040877343e+20,1.000000020040877343e+20,1.000000020040877343e+20,1.000000020040877343e+20,1.000000020040877343e+20,1.000000020040877343e+20,1.000000020040877343e+20,1.000000020040877343e+20,1.000000020040877343e+20,1.000000020040877343e+20,2.828000068664550781e+01,2.826000213623046875e+01,2.815000152587890625e+01,2.800300216674804688e+01,2.788300132751464844e+01,2.779800224304199219e+01,2.771000099182128906e+01,2.762300109863281250e+01,2.755000114440917969e+01,2.748300170898437500e+01,2.743300056457519531e+01,2.741800117492675781e+01,2.742000198364257812e+01,2.740300178527832031e+01,2.737800216674804688e+01,2.732500076293945312e+01,2.723500061035156250e+01,2.714800071716308594e+01,2.705300140380859375e+01,2.701000213623046875e+01,2.696800041198730469e+01,2.696500205993652344e+01,2.695300102233886719e+01,2.687300109863281250e+01,2.679300117492675781e+01,2.669500160217285156e+01,2.658000183105468750e+01,2.649300193786621094e+01,2.636800193786621094e+01,2.627000045776367188e+01,2.621000099182128906e+01,2.616000175476074219e+01,2.611800193786621094e+01,2.603000068664550781e+01,2.596000099182128906e+01,2.591000175476074219e+01,2.581800079345703125e+01,2.567800140380859375e+01,2.549000167846679688e+01,2.528500175476074219e+01,2.518500137329101562e+01,2.517800140380859375e+01,2.531800079345703125e+01,2.548000144958496094e+01,2.568000030517578125e+01,2.585500144958496094e+01,2.599800109863281250e+01,2.611500167846679688e+01,2.619300079345703125e+01,2.621800041198730469e+01
2.515800094604492188e+01,2.510300064086914062e+01,2.511000061035156250e+01,2.508300209045410156e+01,2.502800178527832031e+01,2.493300056457519531e+01,2.486300086975097656e+01,2.484000205993652344e+01,2.480300140380859375e+01,1.000000020040877343e+20,1.000000020040877343e+20,1.000000020040877343e+20,1.000000020040877343e+20,1.000000020040877343e+20,1.000000020040877343e+20,1.000000020040877343e+20,1.000000020040877343e+20,1.000000020040877343e+20,1.000000020040877343e+20,1.000000020040877343e+20,1.000000020040877343e+20,1.000000020040877343e+20,1.000000020040877343e+20,1.000000020040877343e+20,1.000000020040877343e+20,1.000000020040877343e+20,1.000000020040877343e+20,1.000000020040877343e+20,1.000000020040877343e+20,1.000000020040877343e+20,1.000000020040877343e+20,1.000000020040877343e+20,1.000000020040877343e+20,1.000000020040877343e+20,1.000000020040877343e+20,1.000000020040877343e+20,1.000000020040877343e+20,1.000000020040877343e+20,1.000000020040877343e+20,1.000000020040877343e+20,1.000000020040877343e+20,1.000000020040877343e+20,2.729800224304199219e+01,2.728800201416015625e+01,2.733800125122070312e+01,2.742300224304199219e+01,2.751500129699707031e+01,2.761000061035156250e+01,2.772800064086914062e+01,2.786800193786621094e+01,2.798800086975097656e+01,2.812300109863281250e+01,2.828000068664550781e+01,2.845300102233886719e+01,2.862800216674804688e+01,2.877500152587890625e+01,2.890800094604492188e+01,2.902500152587890625e+01,2.910800170898437500e+01,2.917800140380859375e+01,2.922800064086914062e+01,2.926300048828125000e+01,2.929800224304199219e+01,2.934000205993652344e+01,2.935800170898437500e+01,2.939800071716308594e+01,2.946000099182128906e+01,2.947300148010253906e+01,2.950300216674804688e+01,2.951300048828125000e+01,2.952300071716308594e+01,2.951300048828125000e+01,2.952300071716308594e+01,2.951800155639648438e+01,2.951300048828125000e+01,2.947500228881835938e+01,2.941300201416015625e+01,2.937500190734863281e+01,2.934300231933593750e+01,2.929300117492675781e+01,2.922500228881835938e+01,2.917000198364257812e+01,2.915500068664550781e+01,2.917300224304199219e+01,2.920300102233886719e+01,2.925300216674804688e+01,2.930000114440917969e+01,2.933500099182128906e+01,2.935500144958496094e+01,2.937300109863281250e+01,2.938000106811523438e+01,2.939500045776367188e+01,2.944000053405761719e+01,2.946800231933593750e+01,2.954300117492675781e+01,2.963300132751464844e+01,2.967500114440917969e+01,2.963300132751464844e+01,2.956800079345703125e+01,2.951500129699707031e+01,1.000000020040877343e+20,1.000000020040877343e+20,1.000000020040877343e+20,2.976300048828125000e+01,2.980800056457519531e+01,2.983300209045410156e+01,2.975800132751464844e+01,2.959000205993652344e+01,2.940800094604492188e+01,1.000000020040877343e+20,1.000000020040877343e+20,1.000000020040877343e+20,1.000000020040877343e+20,1.000000020040877343e+20,1.000000020040877343e+20,1.000000020040877343e+20,1.000000020040877343e+20,2.927000045776367188e+01,2.909000205993652344e+01,2.889000129699707031e+01,2.853500175476074219e+01,2.830300140380859375e+01,2.811800193786621094e+01,2.805800056457519531e+01,2.809500122070312500e+01,2.806800079345703125e+01,2.805500221252441406e+01,2.805500221252441406e+01,2.806300163269042969e+01,2.808300209045410156e+01,2.817300224304199219e+01,2.832300186157226562e+01,2.861800193786621094e+01,2.886300086975097656e+01,2.893800163269042969e+01,2.897500228881835938e+01,2.899000167846679688e+01,2.895800209045410156e+01,2.890300178527832031e+01,2.883000183105468750e+01,2.872800064086914062e+01,2.865000152587890625e+01,2.861800193786621094e+01,2.860000228881835938e+01,2.859800148010253906e+01,2.863000106811523438e+01,2.866800117492675781e+01,2.871500205993652344e+01,2.875500106811523438e+01,2.877500152587890625e+01,2.881300163269042969e+01,2.884500122070312500e+01,2.885500144958496094e+01,2.887500190734863281e+01,2.890800094604492188e+01,2.895300102233886719e+01,2.900800132751464844e+01,2.906300163269042969e+01,2.910500144958496094e+01,2.916000175476074219e+01,2.920300102233886719e+01,2.924800109863281250e+01,2.927800178527832031e+01,2.933300209045410156e+01,2.936800193786621094e+01,2.944000053405761719e+01,2.949800109863281250e+01,2.953500175476074219e+01,2.954500198364257812e+01,2.954300117492675781e+01,2.953300094604492188e+01,2.952000045776367188e+01,2.953000068664550781e+01,2.953800201416015625e+01,2.956000137329101562e+01,2.953500175476074219e+01,2.950300216674804688e+01,2.948300170898437500e+01,2.943300056457519531e+01,2.939000129699707031e+01,2.934300231933593750e+01,2.930800056457519531e+01,2.928300094604492188e+01,2.926300048828125000e+01,2.925000190734863281e+01,2.923000144958496094e+01,2.920000076293945312e+01,2.917800140380859375e+01,2.916500091552734375e+01,2.915000152587890625e+01,2.917000198364257812e+01,2.917500114440917969e+01,2.919000053405761719e+01,2.918800163269042969e+01,2.921000099182128906e+01,2.918500137329101562e+01,2.914800071716308594e+01,2.909800148010253906e+01,2.906000137329101562e+01,2.903500175476074219e+01,2.898000144958496094e+01,2.894300079345703125e+01,2.890300178527832031e+01,2.885300064086914062e+01,2.884300231933593750e+01,2.881300163269042969e+01,2.877000045776367188e+01,2.870300102233886719e+01,2.862000083923339844e+01,2.856500053405761719e+01,2.854300117492675781e+01,2.851500129699707031e+01,2.846300125122070312e+01,2.839300155639648438e+01,2.830500221252441406e+01,2.822300148010253906e+01,2.814800071716308594e+01,2.810300064086914062e+01,2.808500099182128906e+01,2.811800193786621094e+01,2.811000061035156250e+01,2.809800148010253906e+01,2.807500076293945312e+01,2.803500175476074219e+01,2.796000099182128906e+01,2.786800193786621094e+01,2.780300140380859375e+01,2.778000068664550781e+01,2.775000190734863281e+01,2.772800064086914062e+01,2.767000198364257812e+01,2.761300086975097656e+01,2.754300117492675781e+01,2.744000053405761719e+01,2.730800056457519531e+01,2.715500068664550781e+01,2.704300117492675781e+01,2.695300102233886719e+01,2.689300155639648438e+01,2.680800056457519531e+01,2.673300170898437500e+01,2.667000198364257812e+01,2.659500122070312500e+01,2.645800209045410156e+01,2.632500076293945312e+01,2.617500114440917969e+01,2.604800033569335938e+01,2.596000099182128906e+01,2.586800193786621094e+01,2.579300117492675781e+01,2.573800086975097656e+01,2.568000030517578125e+01,2.562300109863281250e+01,2.555800056457519531e+01,2.554000091552734375e+01,2.550300025939941406e+01,2.549300193786621094e+01,2.550000190734863281e+01,2.548500061035156250e+01,2.538000106811523438e+01,2.522300148010253906e+01,2.507800102233886719e+01,2.497000122070312500e+01,2.487500190734863281e+01,2.482500076293945312e+01,2.482300186157226562e+01,2.482500076293945312e+01,2.481300163269042969e+01,2.477000045776367188e+01,2.478500175476074219e+01,2.475800132751464844e+01,2.473300170898437500e+01,2.474800109863281250e+01,2.484500122070312500e+01,2.499500083923339844e+01,2.514500045776367188e+01,2.535500144958496094e+01,2.566800117492675781e+01,2.599800109863281250e+01,2.659300041198730469e+01,1.000000020040877343e+20,1.000000020040877343e+20,1.000000020040877343e+20,1.000000020040877343e+20,1.000000020040877343e+20,1.000000020040877343e+20,1.000000020040877343e+20,1.000000020040877343e+20,1.000000020040877343e+20,1.000000020040877343e+20,1.000000020040877343e+20,1.000000020040877343e+20,1.000000020040877343e+20,1.000000020040877343e+20,1.000000020040877343e+20,1.000000020040877343e+20,1.000000020040877343e+20,1.000000020040877343e+20,1.000000020040877343e+20,1.000000020040877343e+20,1.000000020040877343e+20,1.000000020040877343e+20,1.000000020040877343e+20,1.000000020040877343e+20,1.000000020040877343e+20,1.000000020040877343e+20,1.000000020040877343e+20,1.000000020040877343e+20,1.000000020040877343e+20,1.000000020040877343e+20,1.000000020040877343e+20,2.836000061035156250e+01,2.824500083923339844e+01,2.809500122070312500e+01,2.795800209045410156e+01,2.788000106811523438e+01,2.777500152587890625e+01,2.767800140380859375e+01,2.757800102233886719e+01,2.749800109863281250e+01,2.743500137329101562e+01,2.738500213623046875e+01,2.737000083923339844e+01,2.736500167846679688e+01,2.733500099182128906e+01,2.726800155639648438e+01,2.720000076293945312e+01,2.712000083923339844e+01,2.703300094604492188e+01,2.696300125122070312e+01,2.693500137329101562e+01,2.692300033569335938e+01,2.690800094604492188e+01,2.683000183105468750e+01,2.671000099182128906e+01,2.657500076293945312e+01,2.644000053405761719e+01,2.632500076293945312e+01,2.621500205993652344e+01,2.608000183105468750e+01,2.601500129699707031e+01,2.590000152587890625e+01,2.580500030517578125e+01,2.574000167846679688e+01,2.562300109863281250e+01,2.549800109863281250e+01,2.532300186157226562e+01,2.513000106811523438e+01,2.494500160217285156e+01,2.471800041198730469e+01,2.454800033569335938e+01,2.448800086975097656e+01,2.455800056457519531e+01,2.467500114440917969e+01,2.487300109863281250e+01,2.499800109863281250e+01,2.507500076293945312e+01,2.515800094604492188e+01,2.521500205993652344e+01,2.520500183105468750e+01
2.440000152587890625e+01,2.430000114440917969e+01,2.428000068664550781e+01,2.423000144958496094e+01,2.417000198364257812e+01,2.408800125122070312e+01,2.400800132751464844e+01,2.387800025939941406e+01,2.375300025939941406e+01,1.000000020040877343e+20,1.000000020040877343e+20,1.000000020040877343e+20,1.000000020040877343e+20,1.000000020040877343e+20,1.000000020040877343e+20,1.000000020040877343e+20,1.000000020040877343e+20,1.000000020040877343e+20,1.000000020040877343e+20,1.000000020040877343e+20,1.000000020040877343e+20,1.000000020040877343e+20,1.000000020040877343e+20,1.000000020040877343e+20,1.000000020040877343e+20,1.000000020040877343e+20,1.000000020040877343e+20,1.000000020040877343e+20,1.000000020040877343e+20,1.000000020040877343e+20,1.000000020040877343e+20,1.000000020040877343e+20,1.000000020040877343e+20,1.000000020040877343e+20,1.000000020040877343e+20,1.000000020040877343e+20,1.000000020040877343e+20,1.000000020040877343e+20,1.000000020040877343e+20,1.000000020040877343e+20,1.000000020040877343e+20,2.717800140380859375e+01,2.718800163269042969e+01,2.718500137329101562e+01,2.718500137329101562e+01,2.721800041198730469e+01,2.728500175476074219e+01,2.736300086975097656e+01,2.747000122070312500e+01,2.759300041198730469e+01,2.767800140380859375e+01,2.780300140380859375e+01,2.794000053405761719e+01,2.811500167846679688e+01,2.827000045776367188e+01,2.842800140380859375e+01,2.859800148010253906e+01,2.874000167846679688e+01,2.884000205993652344e+01,2.892000198364257812e+01,2.896500205993652344e+01,2.904300117492675781e+01,2.911500167846679688e+01,2.916000175476074219e+01,2.919800186157226562e+01,2.921000099182128906e+01,2.924300193786621094e+01,2.926800155639648438e+01,2.931300163269042969e+01,2.934300231933593750e+01,2.934500122070312500e+01,2.934000205993652344e+01,2.934500122070312500e+01,2.932800102233886719e+01,2.933000183105468750e+01,2.931000137329101562e+01,2.931300163269042969e+01,2.929800224304199219e+01,2.927500152587890625e+01,2.921800231933593750e+01,2.920500183105468750e+01,2.915800094604492188e+01,2.913000106811523438e+01,2.916800117492675781e+01,2.922500228881835938e+01,2.929800224304199219e+01,2.931500053405761719e+01,2.933300209045410156e+01,2.935300064086914062e+01,2.937300109863281250e+01,2.936300086975097656e+01,2.938500213623046875e+01,2.941800117492675781e+01,2.945800209045410156e+01,2.950800132751464844e+01,2.955500221252441406e+01,2.959300231933593750e+01,2.957800102233886719e+01,2.950800132751464844e+01,2.947500228881835938e+01,2.946000099182128906e+01,1.000000020040877343e+20,1.000000020040877343e+20,1.000000020040877343e+20,2.973500061035156250e+01,2.974000167846679688e+01,2.966000175476074219e+01,2.949500083923339844e+01,2.931800079345703125e+01,2.913500213623046875e+01,1.000000020040877343e+20,1.000000020040877343e+20,1.000000020040877343e+20,1.000000020040877343e+20,1.000000020040877343e+20,1.000000020040877343e+20,1.000000020040877343e+20,2.921800231933593750e+01,2.917000198364257812e+01,2.903000068664550781e+01,1.000000020040877343e+20,1.000000020040877343e+20,2.814500045776367188e+01,2.805800056457519531e+01,2.797000122070312500e+01,2.789000129699707031e+01,2.782300186157226562e+01,2.780000114440917969e+01,2.777500152587890625e+01,2.780300140380859375e+01,2.789300155639648438e+01,2.802300071716308594e+01,1.000000020040877343e+20,1.000000020040877343e+20,2.866500091552734375e+01,2.866000175476074219e+01,2.887500190734863281e+01,2.889000129699707031e+01,2.885300064086914062e+01,2.879800224304199219e+01,2.860800170898437500e+01,2.854300117492675781e+01,2.847800064086914062e+01,2.845500183105468750e+01,2.846300125122070312e+01,2.850500106811523438e+01,2.854000091552734375e+01,2.857000160217285156e+01,2.864000129699707031e+01,2.867500114440917969e+01,2.871000099182128906e+01,2.875300216674804688e+01,2.880500221252441406e+01,2.882500076293945312e+01,2.884000205993652344e+01,2.888800048828125000e+01,2.895300102233886719e+01,2.901000213623046875e+01,2.908000183105468750e+01,2.915000152587890625e+01,2.922300148010253906e+01,2.928500175476074219e+01,2.936000061035156250e+01,2.942300224304199219e+01,2.948000144958496094e+01,2.950800132751464844e+01,2.954000091552734375e+01,2.957800102233886719e+01,2.960500144958496094e+01,2.961500167846679688e+01,2.960500144958496094e+01,2.956800079345703125e+01,2.958000183105468750e+01,2.960500144958496094e+01,2.960300064086914062e+01,2.960300064086914062e+01,2.957800102233886719e+01,2.954300117492675781e+01,2.953300094604492188e+01,2.950800132751464844e+01,2.948800086975097656e+01,2.944800186157226562e+01,2.944500160217285156e+01,2.944000053405761719e+01,2.943300056457519531e+01,2.942800140380859375e+01,2.939800071716308594e+01,2.936800193786621094e+01,2.934300231933593750e+01,2.933500099182128906e+01,2.933300209045410156e+01,2.934300231933593750e+01,2.936800193786621094e+01,2.938300132751464844e+01,2.939000129699707031e+01,2.936800193786621094e+01,2.932000160217285156e+01,2.928300094604492188e+01,2.923300170898437500e+01,2.919800186157226562e+01,2.914300155639648438e+01,2.909800148010253906e+01,2.905300140380859375e+01,2.903300094604492188e+01,2.901000213623046875e+01,2.895800209045410156e+01,2.888500213623046875e+01,2.880800056457519531e+01,2.875500106811523438e+01,2.871500205993652344e+01,2.869000053405761719e+01,2.867300224304199219e+01,2.863000106811523438e+01,2.856300163269042969e+01,2.848300170898437500e+01,2.842300224304199219e+01,2.836300086975097656e+01,2.830300140380859375e+01,2.830000114440917969e+01,2.828500175476074219e+01,2.828300094604492188e+01,2.827800178527832031e+01,2.827300071716308594e+01,2.823300170898437500e+01,2.815000152587890625e+01,2.805500221252441406e+01,2.795500183105468750e+01,2.787500190734863281e+01,2.781800079345703125e+01,2.778300094604492188e+01,2.776300048828125000e+01,2.771500205993652344e+01,2.765800094604492188e+01,2.758500099182128906e+01,2.746800041198730469e+01,2.733500099182128906e+01,2.720300102233886719e+01,2.710300064086914062e+01,2.702800178527832031e+01,2.696500205993652344e+01,2.689000129699707031e+01,2.679800033569335938e+01,2.668800163269042969e+01,2.656000137329101562e+01,2.638800048828125000e+01,2.623300170898437500e+01,2.612000083923339844e+01,2.604800033569335938e+01,2.597800064086914062e+01,2.592800140380859375e+01,2.587500190734863281e+01,2.582800102233886719e+01,2.573500061035156250e+01,2.563500213623046875e+01,2.555800056457519531e+01,2.548800086975097656e+01,2.543500137329101562e+01,2.539500045776367188e+01,2.535300064086914062e+01,2.522300148010253906e+01,2.506000137329101562e+01,2.490500068664550781e+01,2.477800178527832031e+01,2.468800163269042969e+01,2.465300178527832031e+01,2.463500022888183594e+01,2.463800048828125000e+01,2.461800193786621094e+01,2.460000038146972656e+01,2.456000137329101562e+01,2.446800041198730469e+01,2.434800148010253906e+01,2.429300117492675781e+01,2.432300186157226562e+01,2.436800193786621094e+01,2.444000053405761719e+01,2.453500175476074219e+01,2.476300048828125000e+01,2.501000213623046875e+01,1.000000020040877343e+20,1.000000020040877343e+20,1.000000020040877343e+20,1.000000020040877343e+20,1.000000020040877343e+20,1.000000020040877343e+20,1.000000020040877343e+20,1.000000020040877343e+20,1.000000020040877343e+20,1.000000020040877343e+20,1.000000020040877343e+20,1.000000020040877343e+20,1.000000020040877343e+20,1.000000020040877343e+20,1.000000020040877343e+20,1.000000020040877343e+20,1.000000020040877343e+20,1.000000020040877343e+20,1.000000020040877343e+20,1.000000020040877343e+20,1.000000020040877343e+20,1.000000020040877343e+20,1.000000020040877343e+20,1.000000020040877343e+20,1.000000020040877343e+20,1.000000020040877343e+20,1.000000020040877343e+20,1.000000020040877343e+20,1.000000020040877343e+20,1.000000020040877343e+20,1.000000020040877343e+20,1.000000020040877343e+20,1.000000020040877343e+20,1.000000020040877343e+20,1.000000020040877343e+20,1.000000020040877343e+20,2.793300056457519531e+01,2.786500167846679688e+01,2.778000068664550781e+01,2.767800140380859375e+01,2.758500099182128906e+01,2.752500152587890625e+01,2.749300193786621094e+01,2.745500183105468750e+01,2.743000221252441406e+01,2.739800071716308594e+01,2.734300041198730469e+01,2.726500129699707031e+01,2.720300102233886719e+01,2.711500167846679688e+01,2.704000091552734375e+01,2.702500152587890625e+01,2.700800132751464844e+01,2.695500183105468750e+01,2.687800216674804688e+01,2.675800132751464844e+01,2.664000129699707031e+01,2.651300048828125000e+01,2.637000083923339844e+01,2.625800132751464844e+01,2.614500045776367188e+01,2.602800178527832031e+01,2.590500068664550781e+01,2.577300071716308594e+01,2.565500068664550781e+01,2.554800033569335938e+01,2.541800117492675781e+01,2.529300117492675781e+01,2.511000061035156250e+01,2.490800094604492188e+01,2.471000099182128906e+01,2.452800178527832031e+01,2.442300033569335938e+01,2.439800071716308594e+01,2.445300102233886719e+01,2.454000091552734375e+01,2.461800193786621094e+01,2.462000083923339844e+01,2.462300109863281250e+01,2.459800148010253906e+01,2.449800109863281250e+01
2.420500183105468750e+01,2.405800056457519531e+01,2.404000091552734375e+01,2.398300170898437500e+01,2.386500167846679688e+01,2.372000122070312500e+01,2.357000160217285156e+01,2.335800170898437500e+01,2.308500099182128906e+01,2.275800132751464844e+01,1.000000020040877343e+20,1.000000020040877343e+20,1.000000020040877343e+20,1.000000020040877343e+20,1.000000020040877343e+20,1.000000020040877343e+20,1.000000020040877343e+20,1.000000020040877343e+20,1.000000020040877343e+20,1.000000020040877343e+20,1.000000020040877343e+20,1.000000020040877343e+20,1.000000020040877343e+20,1.000000020040877343e+20,1.000000020040877343e+20,1.000000020040877343e+20,1.000000020040877343e+20,1.000000020040877343e+20,1.000000020040877343e+20,1.000000020040877343e+20,1.000000020040877343e+20,1.000000020040877343e+20,1.000000020040877343e+20,1.000000020040877343e+20,1.000000020040877343e+20,1.000000020040877343e+20,1.000000020040877343e+20,1.000000020040877343e+20,1.000000020040877343e+20,1.000000020040877343e+20,2.719000053405761719e+01,2.712300109863281250e+01,2.706300163269042969e+01,2.702300071716308594e+01,2.700800132751464844e+01,2.701800155639648438e+01,2.707300186157226562e+01,2.716300201416015625e+01,2.725000190734863281e+01,2.734300041198730469e+01,2.743500137329101562e+01,2.752500152587890625e+01,2.765500068664550781e+01,2.779300117492675781e+01,2.794000053405761719e+01,2.809000205993652344e+01,2.824000167846679688e+01,2.839500045776367188e+01,2.850800132751464844e+01,2.859300041198730469e+01,2.867300224304199219e+01,2.875500106811523438e+01,2.884000205993652344e+01,2.890500068664550781e+01,2.896500205993652344e+01,2.898800086975097656e+01,2.904500198364257812e+01,2.903000068664550781e+01,2.904500198364257812e+01,2.907000160217285156e+01,2.910800170898437500e+01,2.913800048828125000e+01,2.917000198364257812e+01,2.919500160217285156e+01,2.917300224304199219e+01,2.918300056457519531e+01,2.916500091552734375e+01,2.913300132751464844e+01,2.907800102233886719e+01,2.907800102233886719e+01,2.903300094604492188e+01,2.904000091552734375e+01,2.905000114440917969e+01,2.908500099182128906e+01,2.913300132751464844e+01,2.919800186157226562e+01,2.924800109863281250e+01,2.928500175476074219e+01,2.931500053405761719e+01,2.932000160217285156e+01,2.932800102233886719e+01,2.936000061035156250e+01,2.941000175476074219e+01,2.942800140380859375e+01,2.947000122070312500e+01,2.952800178527832031e+01,2.953800201416015625e+01,2.948500061035156250e+01,2.944800186157226562e+01,2.939000129699707031e+01,2.936000061035156250e+01,1.000000020040877343e+20,1.000000020040877343e+20,1.000000020040877343e+20,1.000000020040877343e+20,1.000000020040877343e+20,2.958800125122070312e+01,2.948800086975097656e+01,2.931500053405761719e+01,2.917300224304199219e+01,1.000000020040877343e+20,1.000000020040877343e+20,1.000000020040877343e+20,1.000000020040877343e+20,1.000000020040877343e+20,1.000000020040877343e+20,2.902000045776367188e+01,2.909300231933593750e+01,2.911000061035156250e+01,1.000000020040877343e+20,1.000000020040877343e+20,1.000000020040877343e+20,2.816800117492675781e+01,2.804500198364257812e+01,2.786500167846679688e+01,2.773800086975097656e+01,2.762300109863281250e+01,2.750800132751464844e+01,2.738500213623046875e+01,2.740300178527832031e+01,2.744500160217285156e+01,2.751800155639648438e+01,2.740800094604492188e+01,1.000000020040877343e+20,2.830800056457519531e+01,2.826800155639648438e+01,1.000000020040877343e+20,1.000000020040877343e+20,1.000000020040877343e+20,1.000000020040877343e+20,2.828800201416015625e+01,2.829500198364257812e+01,2.832800102233886719e+01,2.837000083923339844e+01,2.832500076293945312e+01,2.835500144958496094e+01,2.843500137329101562e+01,2.847800064086914062e+01,2.853800201416015625e+01,2.858000183105468750e+01,2.862300109863281250e+01,2.868000221252441406e+01,2.873000144958496094e+01,2.876500129699707031e+01,2.879300117492675781e+01,2.882800102233886719e+01,2.888800048828125000e+01,2.894000053405761719e+01,2.901500129699707031e+01,2.911300086975097656e+01,2.920000076293945312e+01,2.929300117492675781e+01,2.937500190734863281e+01,2.944500160217285156e+01,2.949800109863281250e+01,2.951500129699707031e+01,2.956300163269042969e+01,2.960500144958496094e+01,2.962500190734863281e+01,2.963800048828125000e+01,2.963300132751464844e+01,2.961800193786621094e+01,2.959000205993652344e+01,2.957000160217285156e+01,2.957800102233886719e+01,2.958500099182128906e+01,2.957500076293945312e+01,2.957300186157226562e+01,2.955300140380859375e+01,2.955500221252441406e+01,2.955000114440917969e+01,2.954800224304199219e+01,2.955300140380859375e+01,2.955500221252441406e+01,2.957300186157226562e+01,2.956800079345703125e+01,2.955300140380859375e+01,2.955500221252441406e+01,2.955500221252441406e+01,2.954500198364257812e+01,2.954000091552734375e+01,2.955800056457519531e+01,2.955000114440917969e+01,2.958000183105468750e+01,2.956800079345703125e+01,2.953800201416015625e+01,2.950800132751464844e+01,2.946000099182128906e+01,2.943300056457519531e+01,2.937800216674804688e+01,2.931800079345703125e+01,2.925800132751464844e+01,2.921500205993652344e+01,2.921000099182128906e+01,2.919000053405761719e+01,2.912000083923339844e+01,2.904800224304199219e+01,2.897000122070312500e+01,2.891000175476074219e+01,2.887500190734863281e+01,2.885800170898437500e+01,2.883500099182128906e+01,2.879000091552734375e+01,2.874000167846679688e+01,2.867800140380859375e+01,2.861800193786621094e+01,2.855500221252441406e+01,2.852800178527832031e+01,2.851500129699707031e+01,2.849800109863281250e+01,2.849300193786621094e+01,2.850000190734863281e+01,2.849300193786621094e+01,2.845500183105468750e+01,2.839300155639648438e+01,2.830000114440917969e+01,2.821300125122070312e+01,2.814300155639648438e+01,2.806000137329101562e+01,2.802300071716308594e+01,2.800000190734863281e+01,2.795800209045410156e+01,2.790300178527832031e+01,2.783000183105468750e+01,2.773500061035156250e+01,2.763500213623046875e+01,2.750800132751464844e+01,2.741300201416015625e+01,2.735500144958496094e+01,2.729000091552734375e+01,2.719500160217285156e+01,2.707000160217285156e+01,2.695800209045410156e+01,2.680500221252441406e+01,2.664300155639648438e+01,2.650500106811523438e+01,2.639000129699707031e+01,2.630300140380859375e+01,2.623800086975097656e+01,2.618000030517578125e+01,2.612800216674804688e+01,2.605000114440917969e+01,2.595300102233886719e+01,2.583800125122070312e+01,2.573300170898437500e+01,2.565800094604492188e+01,2.559000205993652344e+01,2.552300071716308594e+01,2.546800041198730469e+01,2.535300064086914062e+01,2.522000122070312500e+01,2.506300163269042969e+01,2.493000030517578125e+01,2.481300163269042969e+01,2.476000022888183594e+01,2.478300094604492188e+01,2.481500053405761719e+01,2.485000038146972656e+01,2.479300117492675781e+01,2.469500160217285156e+01,2.456300163269042969e+01,2.440300178527832031e+01,2.422000122070312500e+01,2.406300163269042969e+01,2.392000198364257812e+01,2.381000137329101562e+01,2.373800086975097656e+01,2.380300140380859375e+01,2.400000190734863281e+01,2.390000152587890625e+01,1.000000020040877343e+20,1.000000020040877343e+20,1.000000020040877343e+20,1.000000020040877343e+20,1.000000020040877343e+20,1.000000020040877343e+20,1.000000020040877343e+20,1.000000020040877343e+20,1.000000020040877343e+20,1.000000020040877343e+20,1.000000020040877343e+20,1.000000020040877343e+20,1.000000020040877343e+20,1.000000020040877343e+20,1.000000020040877343e+20,1.000000020040877343e+20,1.000000020040877343e+20,1.000000020040877343e+20,1.000000020040877343e+20,1.000000020040877343e+20,1.000000020040877343e+20,1.000000020040877343e+20,1.000000020040877343e+20,1.000000020040877343e+20,1.000000020040877343e+20,1.000000020040877343e+20,1.000000020040877343e+20,1.000000020040877343e+20,1.000000020040877343e+20,1.000000020040877343e+20,1.000000020040877343e+20,1.000000020040877343e+20,1.000000020040877343e+20,1.000000020040877343e+20,1.000000020040877343e+20,1.000000020040877343e+20,2.792000198364257812e+01,2.783500099182128906e+01,2.772500038146972656e+01,2.763500213623046875e+01,2.756000137329101562e+01,2.754300117492675781e+01,2.752300071716308594e+01,2.749800109863281250e+01,2.746300125122070312e+01,2.742000198364257812e+01,2.738000106811523438e+01,2.731300163269042969e+01,2.724300193786621094e+01,2.720000076293945312e+01,2.717000198364257812e+01,2.712300109863281250e+01,2.704800033569335938e+01,2.697500038146972656e+01,2.687500190734863281e+01,2.675300216674804688e+01,2.663800048828125000e+01,2.652000045776367188e+01,2.644800186157226562e+01,2.634500122070312500e+01,2.624000167846679688e+01,2.611800193786621094e+01,2.600000190734863281e+01,2.590300178527832031e+01,2.580500030517578125e+01,2.572800064086914062e+01,2.564000129699707031e+01,2.550800132751464844e+01,2.530500030517578125e+01,2.511000061035156250e+01,2.495800209045410156e+01,2.479300117492675781e+01,2.469300079345703125e+01,2.462800025939941406e+01,2.461300086975097656e+01,2.459300041198730469e+01,2.454800033569335938e+01,2.450300025939941406e+01,2.442300033569335938e+01,2.432800102233886719e+01
2.435800170898437500e+01,2.419800186157226562e+01,2.418500137329101562e+01,2.412500190734863281e+01,2.398800086975097656e+01,2.381800079345703125e+01,2.358800125122070312e+01,2.332000160217285156e+01,2.298300170898437500e+01,2.269800186157226562e+01,2.258000183105468750e+01,1.000000020040877343e+20,1.000000020040877343e+20,1.000000020040877343e+20,1.000000020040877343e+20,1.000000020040877343e+20,1.000000020040877343e+20,1.000000020040877343e+20,1.000000020040877343e+20,1.000000020040877343e+20,1.000000020040877343e+20,1.000000020040877343e+20,1.000000020040877343e+20,1.000000020040877343e+20,1.000000020040877343e+20,1.000000020040877343e+20,1.000000020040877343e+20,1.000000020040877343e+20,1.000000020040877343e+20,1.000000020040877343e+20,1.000000020040877343e+20,1.000000020040877343e+20,1.000000020040877343e+20,1.000000020040877343e+20,1.000000020040877343e+20,1.000000020040877343e+20,1.000000020040877343e+20,1.000000020040877343e+20,1.000000020040877343e+20,1.000000020040877343e+20,2.712500190734863281e+01,2.706500053405761719e+01,2.699800109863281250e+01,2.696500205993652344e+01,2.694800186157226562e+01,2.695800209045410156e+01,2.699800109863281250e+01,2.705300140380859375e+01,2.713300132751464844e+01,2.721300125122070312e+01,2.729000091552734375e+01,2.735300064086914062e+01,2.746000099182128906e+01,2.759000205993652344e+01,2.771300125122070312e+01,2.784000205993652344e+01,2.795300102233886719e+01,2.803800201416015625e+01,2.814000129699707031e+01,2.825300216674804688e+01,2.834800148010253906e+01,2.846500205993652344e+01,2.856800079345703125e+01,2.865300178527832031e+01,2.872500228881835938e+01,2.878300094604492188e+01,2.880500221252441406e+01,2.879500198364257812e+01,2.883300209045410156e+01,2.884300231933593750e+01,2.887500190734863281e+01,2.891800117492675781e+01,2.897800064086914062e+01,2.898800086975097656e+01,2.901300048828125000e+01,2.900300216674804688e+01,2.895300102233886719e+01,2.894800186157226562e+01,2.891800117492675781e+01,2.892000198364257812e+01,2.892300224304199219e+01,2.893300056457519531e+01,2.893300056457519531e+01,2.895000076293945312e+01,2.901000213623046875e+01,2.906300163269042969e+01,2.910500144958496094e+01,2.914300155639648438e+01,2.919000053405761719e+01,2.924300193786621094e+01,2.926300048828125000e+01,2.930300140380859375e+01,2.933500099182128906e+01,2.935500144958496094e+01,2.937800216674804688e+01,2.940500068664550781e+01,2.944500160217285156e+01,2.942000198364257812e+01,2.940800094604492188e+01,2.934800148010253906e+01,2.926500129699707031e+01,2.920000076293945312e+01,1.000000020040877343e+20,1.000000020040877343e+20,1.000000020040877343e+20,1.000000020040877343e+20,2.945000076293945312e+01,2.936000061035156250e+01,2.920300102233886719e+01,2.903500175476074219e+01,2.884300231933593750e+01,2.872500228881835938e+01,2.872000122070312500e+01,2.868500137329101562e+01,2.866300201416015625e+01,1.000000020040877343e+20,2.893500137329101562e+01,2.888300132751464844e+01,2.884300231933593750e+01,1.000000020040877343e+20,2.841800117492675781e+01,1.000000020040877343e+20,2.825500106811523438e+01,2.803800201416015625e+01,2.786300086975097656e+01,2.768300056457519531e+01,2.752800178527832031e+01,2.735300064086914062e+01,2.722300148010253906e+01,2.714300155639648438e+01,2.713500213623046875e+01,2.713300132751464844e+01,2.708300209045410156e+01,1.000000020040877343e+20,1.000000020040877343e+20,1.000000020040877343e+20,1.000000020040877343e+20,1.000000020040877343e+20,1.000000020040877343e+20,1.000000020040877343e+20,1.000000020040877343e+20,1.000000020040877343e+20,1.000000020040877343e+20,1.000000020040877343e+20,2.818300056457519531e+01,2.812300109863281250e+01,2.819000053405761719e+01,2.824500083923339844e+01,2.828000068664550781e+01,2.837000083923339844e+01,2.846500205993652344e+01,2.854000091552734375e+01,2.857300186157226562e+01,2.862800216674804688e+01,2.871000099182128906e+01,2.878800201416015625e+01,2.886300086975097656e+01,2.891000175476074219e+01,2.895000076293945312e+01,2.904300117492675781e+01,2.915000152587890625e+01,2.925300216674804688e+01,2.932000160217285156e+01,2.938800048828125000e+01,2.942300224304199219e+01,2.946800231933593750e+01,2.950500106811523438e+01,2.954500198364257812e+01,2.958800125122070312e+01,2.960500144958496094e+01,2.961000061035156250e+01,2.960500144958496094e+01,2.958000183105468750e+01,2.955500221252441406e+01,2.955500221252441406e+01,2.955500221252441406e+01,2.953800201416015625e+01,2.953300094604492188e+01,2.955300140380859375e+01,2.956300163269042969e+01,2.957000160217285156e+01,2.957800102233886719e+01,2.962300109863281250e+01,2.964300155639648438e+01,2.965300178527832031e+01,2.967800140380859375e+01,2.970000076293945312e+01,2.970800209045410156e+01,2.972300148010253906e+01,2.972300148010253906e+01,2.970300102233886719e+01,2.970500183105468750e+01,2.971500205993652344e+01,2.972500228881835938e+01,2.973500061035156250e+01,2.970000076293945312e+01,2.967500114440917969e+01,2.963000106811523438e+01,2.957500076293945312e+01,2.950500106811523438e+01,2.944800186157226562e+01,2.939000129699707031e+01,2.935300064086914062e+01,2.933500099182128906e+01,2.931000137329101562e+01,2.925500106811523438e+01,2.917800140380859375e+01,2.911500167846679688e+01,2.907000160217285156e+01,2.901500129699707031e+01,2.898500061035156250e+01,2.894500160217285156e+01,2.890000152587890625e+01,2.883300209045410156e+01,2.876300048828125000e+01,2.871800041198730469e+01,2.867300224304199219e+01,2.866300201416015625e+01,2.866000175476074219e+01,2.864500045776367188e+01,2.862800216674804688e+01,2.861000061035156250e+01,2.857000160217285156e+01,2.853800201416015625e+01,2.848500061035156250e+01,2.843800163269042969e+01,2.837500190734863281e+01,2.830800056457519531e+01,2.824500083923339844e+01,2.820500183105468750e+01,2.815500068664550781e+01,2.810300064086914062e+01,2.803300094604492188e+01,2.796300125122070312e+01,2.787000083923339844e+01,2.779000091552734375e+01,2.768800163269042969e+01,2.759800148010253906e+01,2.751500129699707031e+01,2.745300102233886719e+01,2.735300064086914062e+01,2.723300170898437500e+01,2.711500167846679688e+01,2.697500038146972656e+01,2.681500053405761719e+01,2.666000175476074219e+01,2.656300163269042969e+01,2.646500205993652344e+01,2.638800048828125000e+01,2.632500076293945312e+01,2.624800109863281250e+01,2.618300056457519531e+01,2.607800102233886719e+01,2.598800086975097656e+01,2.587300109863281250e+01,2.580500030517578125e+01,2.573800086975097656e+01,2.567000198364257812e+01,2.558000183105468750e+01,2.550000190734863281e+01,2.537300109863281250e+01,2.527500152587890625e+01,2.517800140380859375e+01,2.510800170898437500e+01,2.504800033569335938e+01,2.505500030517578125e+01,2.511300086975097656e+01,2.513000106811523438e+01,2.509000205993652344e+01,2.497300148010253906e+01,2.478000068664550781e+01,2.454800033569335938e+01,2.430500030517578125e+01,2.400800132751464844e+01,2.368500137329101562e+01,2.333800125122070312e+01,2.300000190734863281e+01,2.275300025939941406e+01,2.281500053405761719e+01,2.346300125122070312e+01,1.000000020040877343e+20,1.000000020040877343e+20,1.000000020040877343e+20,1.000000020040877343e+20,1.000000020040877343e+20,1.000000020040877343e+20,1.000000020040877343e+20,1.000000020040877343e+20,1.000000020040877343e+20,1.000000020040877343e+20,1.000000020040877343e+20,1.000000020040877343e+20,1.000000020040877343e+20,1.000000020040877343e+20,1.000000020040877343e+20,1.000000020040877343e+20,1.000000020040877343e+20,1.000000020040877343e+20,1.000000020040877343e+20,1.000000020040877343e+20,1.000000020040877343e+20,1.000000020040877343e+20,1.000000020040877343e+20,1.000000020040877343e+20,1.000000020040877343e+20,1.000000020040877343e+20,1.000000020040877343e+20,1.000000020040877343e+20,1.000000020040877343e+20,1.000000020040877343e+20,1.000000020040877343e+20,1.000000020040877343e+20,1.000000020040877343e+20,1.000000020040877343e+20,1.000000020040877343e+20,1.000000020040877343e+20,1.000000020040877343e+20,1.000000020040877343e+20,1.000000020040877343e+20,1.000000020040877343e+20,1.000000020040877343e+20,2.751800155639648438e+01,2.750000190734863281e+01,2.748800086975097656e+01,2.745800209045410156e+01,2.743300056457519531e+01,2.739500045776367188e+01,2.735000038146972656e+01,2.731500053405761719e+01,2.729000091552734375e+01,2.727000045776367188e+01,2.723300170898437500e+01,2.717500114440917969e+01,2.710800170898437500e+01,2.699500083923339844e+01,2.689000129699707031e+01,2.681800079345703125e+01,2.672300148010253906e+01,2.667000198364257812e+01,2.662300109863281250e+01,2.656800079345703125e+01,2.647500038146972656e+01,2.636300086975097656e+01,2.629300117492675781e+01,2.620000076293945312e+01,2.609300041198730469e+01,2.600000190734863281e+01,2.588800048828125000e+01,2.575000190734863281e+01,2.557000160217285156e+01,2.538800048828125000e+01,2.520800209045410156e+01,2.507300186157226562e+01,2.498300170898437500e+01,2.490800094604492188e+01,2.481800079345703125e+01,2.475800132751464844e+01,2.469000053405761719e+01,2.461500167846679688e+01,2.449000167846679688e+01
2.451800155639648438e+01,2.434800148010253906e+01,2.434000205993652344e+01,2.428800201416015625e+01,2.421300125122070312e+01,2.406500053405761719e+01,2.383800125122070312e+01,2.358800125122070312e+01,2.324000167846679688e+01,2.291500091552734375e+01,2.262800025939941406e+01,2.253300094604492188e+01,1.000000020040877343e+20,1.000000020040877343e+20,1.000000020040877343e+20,1.000000020040877343e+20,1.000000020040877343e+20,1.000000020040877343e+20,1.000000020040877343e+20,1.000000020040877343e+20,1.000000020040877343e+20,1.000000020040877343e+20,1.000000020040877343e+20,1.000000020040877343e+20,1.000000020040877343e+20,1.000000020040877343e+20,1.000000020040877343e+20,1.000000020040877343e+20,1.000000020040877343e+20,1.000000020040877343e+20,1.000000020040877343e+20,1.000000020040877343e+20,1.000000020040877343e+20,1.000000020040877343e+20,1.000000020040877343e+20,1.000000020040877343e+20,1.000000020040877343e+20,1.000000020040877343e+20,1.000000020040877343e+20,2.711500167846679688e+01,2.706800079345703125e+01,2.701300048828125000e+01,2.696500205993652344e+01,2.694800186157226562e+01,2.696000099182128906e+01,2.698000144958496094e+01,2.702300071716308594e+01,2.706500053405761719e+01,2.712500190734863281e+01,2.717000198364257812e+01,2.723000144958496094e+01,2.729000091552734375e+01,2.737300109863281250e+01,2.743800163269042969e+01,2.753800201416015625e+01,2.760500144958496094e+01,2.770300102233886719e+01,2.779800224304199219e+01,2.789800071716308594e+01,2.798000144958496094e+01,2.810800170898437500e+01,2.826000213623046875e+01,2.839300155639648438e+01,2.848800086975097656e+01,2.856800079345703125e+01,2.860300064086914062e+01,2.860800170898437500e+01,2.860500144958496094e+01,2.859800148010253906e+01,2.864300155639648438e+01,2.866000175476074219e+01,2.867300224304199219e+01,2.872500228881835938e+01,2.876500129699707031e+01,2.879300117492675781e+01,2.879300117492675781e+01,2.875000190734863281e+01,2.871000099182128906e+01,2.870300102233886719e+01,2.868800163269042969e+01,2.874300193786621094e+01,2.875800132751464844e+01,2.878000068664550781e+01,2.880000114440917969e+01,2.883800125122070312e+01,2.889300155639648438e+01,2.894800186157226562e+01,2.899800109863281250e+01,2.906000137329101562e+01,2.909000205993652344e+01,2.911800193786621094e+01,2.913500213623046875e+01,2.914000129699707031e+01,2.914300155639648438e+01,2.915000152587890625e+01,2.919000053405761719e+01,2.925300216674804688e+01,2.928300094604492188e+01,2.930300140380859375e+01,2.928800201416015625e+01,2.923000144958496094e+01,2.917800140380859375e+01,2.912000083923339844e+01,1.000000020040877343e+20,1.000000020040877343e+20,1.000000020040877343e+20,2.930000114440917969e+01,2.923000144958496094e+01,2.911300086975097656e+01,2.900800132751464844e+01,2.889800071716308594e+01,2.880000114440917969e+01,2.872300148010253906e+01,2.869300079345703125e+01,2.871500205993652344e+01,2.868800163269042969e+01,2.876000213623046875e+01,2.868800163269042969e+01,2.860500144958496094e+01,2.839300155639648438e+01,2.838500213623046875e+01,2.815800094604492188e+01,1.000000020040877343e+20,2.797300148010253906e+01,2.789300155639648438e+01,2.774500083923339844e+01,2.757500076293945312e+01,2.738800048828125000e+01,2.717500114440917969e+01,2.697500038146972656e+01,2.685800170898437500e+01,2.682500076293945312e+01,2.674000167846679688e+01,2.644800186157226562e+01,2.633300209045410156e+01,2.628000068664550781e+01,1.000000020040877343e+20,1.000000020040877343e+20,1.000000020040877343e+20,1.000000020040877343e+20,1.000000020040877343e+20,1.000000020040877343e+20,1.000000020040877343e+20,1.000000020040877343e+20,1.000000020040877343e+20,2.788500213623046875e+01,2.785300064086914062e+01,2.787500190734863281e+01,2.788800048828125000e+01,2.797300148010253906e+01,2.822800064086914062e+01,2.833800125122070312e+01,2.827500152587890625e+01,2.837000083923339844e+01,2.851500129699707031e+01,2.865500068664550781e+01,2.874500083923339844e+01,2.879300117492675781e+01,2.884000205993652344e+01,2.894000053405761719e+01,2.904000091552734375e+01,2.913000106811523438e+01,2.920800209045410156e+01,2.925300216674804688e+01,2.928500175476074219e+01,2.934000205993652344e+01,2.938000106811523438e+01,2.941800117492675781e+01,2.946500205993652344e+01,2.950000190734863281e+01,2.952300071716308594e+01,2.952800178527832031e+01,2.952500152587890625e+01,2.953000068664550781e+01,2.954000091552734375e+01,2.954000091552734375e+01,2.953000068664550781e+01,2.953300094604492188e+01,2.954300117492675781e+01,2.957500076293945312e+01,2.960800170898437500e+01,2.963300132751464844e+01,2.965000152587890625e+01,2.968000221252441406e+01,2.970300102233886719e+01,2.974000167846679688e+01,2.976800155639648438e+01,2.977500152587890625e+01,2.978300094604492188e+01,2.977800178527832031e+01,2.978800201416015625e+01,2.979800224304199219e+01,2.978800201416015625e+01,2.977000236511230469e+01,2.977300071716308594e+01,2.976000213623046875e+01,2.975500106811523438e+01,2.970800209045410156e+01,2.964300155639648438e+01,2.960000228881835938e+01,2.955800056457519531e+01,2.951500129699707031e+01,2.947800064086914062e+01,2.945000076293945312e+01,2.942800140380859375e+01,2.935300064086914062e+01,2.928800201416015625e+01,2.921800231933593750e+01,2.915300178527832031e+01,2.910800170898437500e+01,2.906500053405761719e+01,2.901000213623046875e+01,2.895500183105468750e+01,2.887800216674804688e+01,2.881500053405761719e+01,2.875500106811523438e+01,2.872800064086914062e+01,2.871500205993652344e+01,2.871300125122070312e+01,2.869800186157226562e+01,2.866000175476074219e+01,2.862500190734863281e+01,2.857000160217285156e+01,2.852800178527832031e+01,2.848300170898437500e+01,2.844300079345703125e+01,2.838300132751464844e+01,2.832000160217285156e+01,2.826000213623046875e+01,2.821300125122070312e+01,2.814500045776367188e+01,2.808500099182128906e+01,2.801000213623046875e+01,2.795000076293945312e+01,2.788300132751464844e+01,2.779800224304199219e+01,2.770800209045410156e+01,2.761300086975097656e+01,2.754800224304199219e+01,2.745000076293945312e+01,2.735300064086914062e+01,2.723800086975097656e+01,2.712000083923339844e+01,2.701300048828125000e+01,2.688500213623046875e+01,2.675300216674804688e+01,2.664500045776367188e+01,2.655500221252441406e+01,2.645800209045410156e+01,2.638300132751464844e+01,2.630800056457519531e+01,2.623300170898437500e+01,2.616300201416015625e+01,2.609000205993652344e+01,2.599500083923339844e+01,2.592800140380859375e+01,2.584500122070312500e+01,2.575300216674804688e+01,2.567500114440917969e+01,2.558300209045410156e+01,2.549800109863281250e+01,2.543300056457519531e+01,2.536000061035156250e+01,2.531000137329101562e+01,2.529500198364257812e+01,2.530500030517578125e+01,2.533500099182128906e+01,2.531800079345703125e+01,2.527000045776367188e+01,2.515800094604492188e+01,2.500300025939941406e+01,2.477800178527832031e+01,2.447800064086914062e+01,2.405500030517578125e+01,2.356800079345703125e+01,2.302800178527832031e+01,2.245000076293945312e+01,2.188800048828125000e+01,2.164800071716308594e+01,1.000000020040877343e+20,1.000000020040877343e+20,1.000000020040877343e+20,1.000000020040877343e+20,1.000000020040877343e+20,1.000000020040877343e+20,1.000000020040877343e+20,1.000000020040877343e+20,1.000000020040877343e+20,1.000000020040877343e+20,1.000000020040877343e+20,1.000000020040877343e+20,1.000000020040877343e+20,1.000000020040877343e+20,1.000000020040877343e+20,1.000000020040877343e+20,1.000000020040877343e+20,1.000000020040877343e+20,1.000000020040877343e+20,1.000000020040877343e+20,1.000000020040877343e+20,1.000000020040877343e+20,1.000000020040877343e+20,1.000000020040877343e+20,1.000000020040877343e+20,1.000000020040877343e+20,1.000000020040877343e+20,1.000000020040877343e+20,1.000000020040877343e+20,1.000000020040877343e+20,1.000000020040877343e+20,1.000000020040877343e+20,1.000000020040877343e+20,1.000000020040877343e+20,1.000000020040877343e+20,1.000000020040877343e+20,1.000000020040877343e+20,1.000000020040877343e+20,1.000000020040877343e+20,1.000000020040877343e+20,1.000000020040877343e+20,1.000000020040877343e+20,1.000000020040877343e+20,2.743300056457519531e+01,2.741500091552734375e+01,2.741300201416015625e+01,2.736800193786621094e+01,2.735500144958496094e+01,2.735500144958496094e+01,2.734300041198730469e+01,2.731500053405761719e+01,2.729300117492675781e+01,2.727300071716308594e+01,2.724300193786621094e+01,2.717500114440917969e+01,2.709500122070312500e+01,2.703500175476074219e+01,2.699300193786621094e+01,2.693800163269042969e+01,2.689000129699707031e+01,2.686800193786621094e+01,2.681800079345703125e+01,2.676000213623046875e+01,2.668300056457519531e+01,2.658300209045410156e+01,2.647000122070312500e+01,2.636300086975097656e+01,2.625500106811523438e+01,2.616000175476074219e+01,2.603800201416015625e+01,2.592800140380859375e+01,2.577800178527832031e+01,2.561800193786621094e+01,2.546000099182128906e+01,2.534500122070312500e+01,2.524800109863281250e+01,2.514300155639648438e+01,2.501800155639648438e+01,2.491000175476074219e+01,2.480800056457519531e+01,2.465800094604492188e+01
2.461800193786621094e+01,2.443000030517578125e+01,2.441800117492675781e+01,2.438300132751464844e+01,2.431500053405761719e+01,2.422000122070312500e+01,2.403800201416015625e+01,2.384500122070312500e+01,2.354300117492675781e+01,2.319000053405761719e+01,2.285500144958496094e+01,2.259500122070312500e+01,1.000000020040877343e+20,1.000000020040877343e+20,1.000000020040877343e+20,1.000000020040877343e+20,1.000000020040877343e+20,1.000000020040877343e+20,1.000000020040877343e+20,1.000000020040877343e+20,1.000000020040877343e+20,1.000000020040877343e+20,1.000000020040877343e+20,1.000000020040877343e+20,1.000000020040877343e+20,1.000000020040877343e+20,1.000000020040877343e+20,1.000000020040877343e+20,1.000000020040877343e+20,1.000000020040877343e+20,1.000000020040877343e+20,1.000000020040877343e+20,1.000000020040877343e+20,1.000000020040877343e+20,1.000000020040877343e+20,1.000000020040877343e+20,1.000000020040877343e+20,1.000000020040877343e+20,1.000000020040877343e+20,2.707500076293945312e+01,2.702500152587890625e+01,2.697800064086914062e+01,2.693300056457519531e+01,2.694300079345703125e+01,2.695500183105468750e+01,2.698500061035156250e+01,2.702500152587890625e+01,2.709000205993652344e+01,2.716800117492675781e+01,2.721000099182128906e+01,2.723800086975097656e+01,2.727500152587890625e+01,2.730800056457519531e+01,2.735000038146972656e+01,2.740000152587890625e+01,2.744500160217285156e+01,2.751800155639648438e+01,2.760000038146972656e+01,2.771500205993652344e+01,2.784300041198730469e+01,2.798800086975097656e+01,2.809500122070312500e+01,2.822500228881835938e+01,2.833500099182128906e+01,2.839300155639648438e+01,2.843800163269042969e+01,2.842000198364257812e+01,2.840800094604492188e+01,2.841300201416015625e+01,2.840500068664550781e+01,2.840000152587890625e+01,2.839800071716308594e+01,2.839800071716308594e+01,2.845800209045410156e+01,2.848800086975097656e+01,2.850000190734863281e+01,2.849300193786621094e+01,2.846800041198730469e+01,2.846800041198730469e+01,2.846800041198730469e+01,2.847300148010253906e+01,2.853500175476074219e+01,2.854800224304199219e+01,2.858000183105468750e+01,2.862800216674804688e+01,2.869800186157226562e+01,2.877000045776367188e+01,2.884300231933593750e+01,2.888300132751464844e+01,2.892000198364257812e+01,2.892800140380859375e+01,2.891300201416015625e+01,2.890800094604492188e+01,2.888800048828125000e+01,2.888500213623046875e+01,2.890800094604492188e+01,2.897500228881835938e+01,2.905800056457519531e+01,2.910800170898437500e+01,2.913500213623046875e+01,2.911500167846679688e+01,2.908300209045410156e+01,2.906300163269042969e+01,2.898000144958496094e+01,2.894000053405761719e+01,1.000000020040877343e+20,2.933000183105468750e+01,2.923800086975097656e+01,2.915000152587890625e+01,2.907500076293945312e+01,2.900300216674804688e+01,2.893300056457519531e+01,2.881300163269042969e+01,2.872000122070312500e+01,2.868500137329101562e+01,2.868300056457519531e+01,2.869000053405761719e+01,2.864500045776367188e+01,2.858000183105468750e+01,2.848500061035156250e+01,2.840500068664550781e+01,2.829500198364257812e+01,2.818800163269042969e+01,2.805300140380859375e+01,2.795800209045410156e+01,2.781800079345703125e+01,2.763800048828125000e+01,2.743500137329101562e+01,2.717300224304199219e+01,2.691800117492675781e+01,2.671300125122070312e+01,2.658000183105468750e+01,2.649300193786621094e+01,2.644800186157226562e+01,2.638800048828125000e+01,2.630500030517578125e+01,2.609300041198730469e+01,2.600800132751464844e+01,1.000000020040877343e+20,1.000000020040877343e+20,1.000000020040877343e+20,1.000000020040877343e+20,1.000000020040877343e+20,1.000000020040877343e+20,1.000000020040877343e+20,1.000000020040877343e+20,2.769800186157226562e+01,2.764500045776367188e+01,2.748500061035156250e+01,2.749500083923339844e+01,1.000000020040877343e+20,1.000000020040877343e+20,2.785300064086914062e+01,2.798500061035156250e+01,2.817800140380859375e+01,2.847000122070312500e+01,2.849800109863281250e+01,2.857500076293945312e+01,2.866300201416015625e+01,2.876500129699707031e+01,2.887800216674804688e+01,2.896500205993652344e+01,2.901800155639648438e+01,2.906500053405761719e+01,2.910300064086914062e+01,2.914500045776367188e+01,2.920300102233886719e+01,2.924500083923339844e+01,2.929300117492675781e+01,2.935300064086914062e+01,2.937300109863281250e+01,2.939300155639648438e+01,2.942300224304199219e+01,2.945500183105468750e+01,2.947000122070312500e+01,2.948800086975097656e+01,2.950500106811523438e+01,2.951300048828125000e+01,2.952800178527832031e+01,2.957300186157226562e+01,2.960500144958496094e+01,2.963300132751464844e+01,2.966300201416015625e+01,2.968800163269042969e+01,2.970800209045410156e+01,2.973000144958496094e+01,2.977500152587890625e+01,2.978800201416015625e+01,2.979000091552734375e+01,2.978800201416015625e+01,2.976800155639648438e+01,2.980300140380859375e+01,2.978500175476074219e+01,2.978800201416015625e+01,2.976500129699707031e+01,2.976000213623046875e+01,2.974800109863281250e+01,2.971300125122070312e+01,2.967800140380859375e+01,2.963800048828125000e+01,2.962000083923339844e+01,2.961300086975097656e+01,2.959300231933593750e+01,2.957000160217285156e+01,2.954300117492675781e+01,2.948800086975097656e+01,2.940000152587890625e+01,2.932000160217285156e+01,2.925300216674804688e+01,2.919800186157226562e+01,2.914000129699707031e+01,2.907800102233886719e+01,2.902000045776367188e+01,2.893300056457519531e+01,2.886000061035156250e+01,2.880500221252441406e+01,2.877300071716308594e+01,2.875300216674804688e+01,2.874000167846679688e+01,2.871000099182128906e+01,2.866500091552734375e+01,2.861300086975097656e+01,2.856000137329101562e+01,2.850500106811523438e+01,2.846300125122070312e+01,2.840000152587890625e+01,2.837000083923339844e+01,2.832500076293945312e+01,2.826000213623046875e+01,2.820500183105468750e+01,2.813300132751464844e+01,2.807300186157226562e+01,2.801300048828125000e+01,2.794500160217285156e+01,2.788000106811523438e+01,2.781000137329101562e+01,2.774300193786621094e+01,2.765000152587890625e+01,2.756500053405761719e+01,2.749800109863281250e+01,2.739800071716308594e+01,2.729300117492675781e+01,2.719500160217285156e+01,2.710300064086914062e+01,2.697500038146972656e+01,2.688300132751464844e+01,2.676500129699707031e+01,2.666500091552734375e+01,2.656000137329101562e+01,2.646500205993652344e+01,2.639500045776367188e+01,2.634000205993652344e+01,2.627000045776367188e+01,2.620800209045410156e+01,2.613300132751464844e+01,2.602300071716308594e+01,2.593000030517578125e+01,2.584000205993652344e+01,2.575800132751464844e+01,2.569300079345703125e+01,2.564000129699707031e+01,2.559300041198730469e+01,2.553300094604492188e+01,2.546800041198730469e+01,2.542800140380859375e+01,2.542500114440917969e+01,2.545000076293945312e+01,2.545000076293945312e+01,2.541000175476074219e+01,2.536800193786621094e+01,2.526000213623046875e+01,2.502800178527832031e+01,2.465000152587890625e+01,2.413800048828125000e+01,2.353000068664550781e+01,2.287500190734863281e+01,2.214800071716308594e+01,2.138000106811523438e+01,2.087800025939941406e+01,1.000000020040877343e+20,1.000000020040877343e+20,1.000000020040877343e+20,1.000000020040877343e+20,1.000000020040877343e+20,1.000000020040877343e+20,1.000000020040877343e+20,1.000000020040877343e+20,1.000000020040877343e+20,1.000000020040877343e+20,1.000000020040877343e+20,1.000000020040877343e+20,1.000000020040877343e+20,1.000000020040877343e+20,1.000000020040877343e+20,1.000000020040877343e+20,1.000000020040877343e+20,1.000000020040877343e+20,1.000000020040877343e+20,1.000000020040877343e+20,1.000000020040877343e+20,1.000000020040877343e+20,1.000000020040877343e+20,1.000000020040877343e+20,1.000000020040877343e+20,1.000000020040877343e+20,1.000000020040877343e+20,1.000000020040877343e+20,1.000000020040877343e+20,1.000000020040877343e+20,1.000000020040877343e+20,1.000000020040877343e+20,1.000000020040877343e+20,1.000000020040877343e+20,1.000000020040877343e+20,1.000000020040877343e+20,1.000000020040877343e+20,1.000000020040877343e+20,1.000000020040877343e+20,1.000000020040877343e+20,1.000000020040877343e+20,1.000000020040877343e+20,1.000000020040877343e+20,1.000000020040877343e+20,1.000000020040877343e+20,1.000000020040877343e+20,2.729300117492675781e+01,2.730800056457519531e+01,2.733000183105468750e+01,2.733300209045410156e+01,2.732300186157226562e+01,2.731300163269042969e+01,2.730800056457519531e+01,2.730300140380859375e+01,2.726500129699707031e+01,2.719800186157226562e+01,2.713500213623046875e+01,2.710000038146972656e+01,2.705000114440917969e+01,2.702300071716308594e+01,2.701000213623046875e+01,2.699000167846679688e+01,2.693800163269042969e+01,2.686500167846679688e+01,2.681000137329101562e+01,2.675000190734863281e+01,2.663800048828125000e+01,2.656800079345703125e+01,2.647500038146972656e+01,2.636300086975097656e+01,2.626800155639648438e+01,2.610300064086914062e+01,2.593300056457519531e+01,2.577800178527832031e+01,2.564300155639648438e+01,2.552500152587890625e+01,2.538500213623046875e+01,2.523500061035156250e+01,2.509800148010253906e+01,2.497000122070312500e+01,2.478500175476074219e+01
2.466000175476074219e+01,2.446300125122070312e+01,2.444000053405761719e+01,2.439800071716308594e+01,2.434000205993652344e+01,2.422300148010253906e+01,2.407300186157226562e+01,2.392000198364257812e+01,2.367000198364257812e+01,2.337000083923339844e+01,2.299800109863281250e+01,2.264300155639648438e+01,2.237800025939941406e+01,1.000000020040877343e+20,1.000000020040877343e+20,1.000000020040877343e+20,1.000000020040877343e+20,1.000000020040877343e+20,1.000000020040877343e+20,1.000000020040877343e+20,1.000000020040877343e+20,1.000000020040877343e+20,1.000000020040877343e+20,1.000000020040877343e+20,1.000000020040877343e+20,1.000000020040877343e+20,1.000000020040877343e+20,1.000000020040877343e+20,1.000000020040877343e+20,1.000000020040877343e+20,1.000000020040877343e+20,1.000000020040877343e+20,1.000000020040877343e+20,1.000000020040877343e+20,1.000000020040877343e+20,1.000000020040877343e+20,1.000000020040877343e+20,1.000000020040877343e+20,1.000000020040877343e+20,2.712000083923339844e+01,2.706800079345703125e+01,2.700300216674804688e+01,2.696000099182128906e+01,2.692500114440917969e+01,2.691500091552734375e+01,2.690500068664550781e+01,2.692500114440917969e+01,2.700500106811523438e+01,2.709500122070312500e+01,2.715300178527832031e+01,2.720300102233886719e+01,2.720800209045410156e+01,2.724300193786621094e+01,2.731000137329101562e+01,2.734300041198730469e+01,2.739500045776367188e+01,2.744300079345703125e+01,2.753300094604492188e+01,2.762500190734863281e+01,2.772500038146972656e+01,2.784800148010253906e+01,2.796300125122070312e+01,2.805800056457519531e+01,2.815300178527832031e+01,2.818300056457519531e+01,2.819800186157226562e+01,2.820000076293945312e+01,2.816800117492675781e+01,2.814500045776367188e+01,2.813000106811523438e+01,2.810300064086914062e+01,2.808000183105468750e+01,2.807300186157226562e+01,2.807800102233886719e+01,2.809000205993652344e+01,2.811500167846679688e+01,2.813800048828125000e+01,2.816800117492675781e+01,2.818500137329101562e+01,2.820300102233886719e+01,2.822800064086914062e+01,2.825500106811523438e+01,2.829000091552734375e+01,2.835000228881835938e+01,2.840300178527832031e+01,2.846800041198730469e+01,2.852500152587890625e+01,2.855500221252441406e+01,2.860800170898437500e+01,2.863300132751464844e+01,2.863500213623046875e+01,2.866800117492675781e+01,2.867800140380859375e+01,2.866800117492675781e+01,2.866800117492675781e+01,2.869800186157226562e+01,2.873300170898437500e+01,2.879300117492675781e+01,2.885300064086914062e+01,2.889800071716308594e+01,2.892000198364257812e+01,2.893300056457519531e+01,2.893000221252441406e+01,2.892500114440917969e+01,2.888300132751464844e+01,2.881500053405761719e+01,1.000000020040877343e+20,1.000000020040877343e+20,2.917300224304199219e+01,2.913300132751464844e+01,2.909300231933593750e+01,2.899300193786621094e+01,2.887000083923339844e+01,2.864800071716308594e+01,2.858800125122070312e+01,2.861000061035156250e+01,2.860300064086914062e+01,2.859000205993652344e+01,2.856300163269042969e+01,2.852000045776367188e+01,2.849300193786621094e+01,2.839500045776367188e+01,2.829500198364257812e+01,2.820300102233886719e+01,2.811300086975097656e+01,2.798300170898437500e+01,2.783300209045410156e+01,2.763800048828125000e+01,2.737500190734863281e+01,2.710500144958496094e+01,2.687000083923339844e+01,2.671000099182128906e+01,2.657300186157226562e+01,2.647300148010253906e+01,2.641800117492675781e+01,2.639000129699707031e+01,2.633300209045410156e+01,2.621500205993652344e+01,2.588000106811523438e+01,1.000000020040877343e+20,1.000000020040877343e+20,1.000000020040877343e+20,1.000000020040877343e+20,1.000000020040877343e+20,1.000000020040877343e+20,1.000000020040877343e+20,1.000000020040877343e+20,1.000000020040877343e+20,2.722300148010253906e+01,2.717800140380859375e+01,2.703800201416015625e+01,2.716500091552734375e+01,2.749000167846679688e+01,2.766000175476074219e+01,2.780800056457519531e+01,1.000000020040877343e+20,2.810800170898437500e+01,2.822500228881835938e+01,2.837500190734863281e+01,2.852300071716308594e+01,2.864000129699707031e+01,2.875500106811523438e+01,2.878300094604492188e+01,2.883500099182128906e+01,2.886500167846679688e+01,2.893300056457519531e+01,2.898500061035156250e+01,2.905300140380859375e+01,2.911500167846679688e+01,2.917300224304199219e+01,2.919500160217285156e+01,2.923500061035156250e+01,2.926800155639648438e+01,2.931000137329101562e+01,2.935000228881835938e+01,2.939300155639648438e+01,2.942300224304199219e+01,2.943500137329101562e+01,2.944300079345703125e+01,2.947000122070312500e+01,2.951800155639648438e+01,2.955500221252441406e+01,2.959800148010253906e+01,2.963000106811523438e+01,2.967500114440917969e+01,2.970800209045410156e+01,2.973500061035156250e+01,2.973800086975097656e+01,2.974300193786621094e+01,2.975300216674804688e+01,2.975300216674804688e+01,2.975800132751464844e+01,2.976800155639648438e+01,2.975800132751464844e+01,2.975800132751464844e+01,2.974300193786621094e+01,2.972800064086914062e+01,2.970000076293945312e+01,2.967000198364257812e+01,2.967500114440917969e+01,2.966800117492675781e+01,2.967300224304199219e+01,2.967800140380859375e+01,2.967300224304199219e+01,2.964500045776367188e+01,2.959300231933593750e+01,2.952300071716308594e+01,2.942300224304199219e+01,2.936000061035156250e+01,2.930300140380859375e+01,2.924300193786621094e+01,2.919000053405761719e+01,2.912500190734863281e+01,2.903500175476074219e+01,2.896300125122070312e+01,2.888800048828125000e+01,2.885800170898437500e+01,2.884800148010253906e+01,2.881000137329101562e+01,2.877800178527832031e+01,2.869800186157226562e+01,2.864500045776367188e+01,2.859000205993652344e+01,2.852800178527832031e+01,2.848300170898437500e+01,2.842800140380859375e+01,2.838000106811523438e+01,2.832300186157226562e+01,2.826300048828125000e+01,2.820800209045410156e+01,2.814800071716308594e+01,2.808000183105468750e+01,2.802800178527832031e+01,2.796800041198730469e+01,2.791300201416015625e+01,2.783800125122070312e+01,2.777500152587890625e+01,2.770800209045410156e+01,2.761800193786621094e+01,2.753000068664550781e+01,2.744300079345703125e+01,2.737300109863281250e+01,2.730000114440917969e+01,2.721000099182128906e+01,2.710500144958496094e+01,2.699000167846679688e+01,2.690300178527832031e+01,2.680500221252441406e+01,2.669800186157226562e+01,2.662500190734863281e+01,2.657800102233886719e+01,2.651800155639648438e+01,2.644800186157226562e+01,2.637800216674804688e+01,2.629300117492675781e+01,2.620000076293945312e+01,2.608800125122070312e+01,2.599300193786621094e+01,2.591500091552734375e+01,2.587000083923339844e+01,2.584000205993652344e+01,2.578500175476074219e+01,2.572000122070312500e+01,2.562300109863281250e+01,2.553000068664550781e+01,2.548500061035156250e+01,2.545300102233886719e+01,2.547000122070312500e+01,2.549000167846679688e+01,2.548800086975097656e+01,2.543300056457519531e+01,2.525000190734863281e+01,2.486800193786621094e+01,2.433000183105468750e+01,2.369800186157226562e+01,2.299000167846679688e+01,2.221300125122070312e+01,2.140300178527832031e+01,2.073300170898437500e+01,2.018000030517578125e+01,1.000000020040877343e+20,1.000000020040877343e+20,1.000000020040877343e+20,1.000000020040877343e+20,1.000000020040877343e+20,1.000000020040877343e+20,1.000000020040877343e+20,1.000000020040877343e+20,1.000000020040877343e+20,1.000000020040877343e+20,1.000000020040877343e+20,1.000000020040877343e+20,1.000000020040877343e+20,1.000000020040877343e+20,1.000000020040877343e+20,1.000000020040877343e+20,1.000000020040877343e+20,1.000000020040877343e+20,1.000000020040877343e+20,1.000000020040877343e+20,1.000000020040877343e+20,1.000000020040877343e+20,1.000000020040877343e+20,1.000000020040877343e+20,1.000000020040877343e+20,1.000000020040877343e+20,1.000000020040877343e+20,1.000000020040877343e+20,1.000000020040877343e+20,1.000000020040877343e+20,1.000000020040877343e+20,1.000000020040877343e+20,1.000000020040877343e+20,1.000000020040877343e+20,1.000000020040877343e+20,1.000000020040877343e+20,1.000000020040877343e+20,1.000000020040877343e+20,1.000000020040877343e+20,1.000000020040877343e+20,1.000000020040877343e+20,1.000000020040877343e+20,1.000000020040877343e+20,1.000000020040877343e+20,1.000000020040877343e+20,2.719000053405761719e+01,2.721800041198730469e+01,2.728000068664550781e+01,2.733000183105468750e+01,2.733000183105468750e+01,2.733000183105468750e+01,2.735500144958496094e+01,2.734300041198730469e+01,2.732800102233886719e+01,2.728000068664550781e+01,2.724000167846679688e+01,2.719500160217285156e+01,2.714000129699707031e+01,2.712300109863281250e+01,2.709300041198730469e+01,2.704800033569335938e+01,2.701800155639648438e+01,2.696500205993652344e+01,2.690500068664550781e+01,2.682800102233886719e+01,2.676000213623046875e+01,2.671500205993652344e+01,2.663500213623046875e+01,2.655800056457519531e+01,2.644000053405761719e+01,2.627500152587890625e+01,2.609000205993652344e+01,2.588000106811523438e+01,2.572800064086914062e+01,2.558300209045410156e+01,2.545300102233886719e+01,2.531500053405761719e+01,2.514000129699707031e+01,2.501300048828125000e+01,2.482800102233886719e+01
2.456000137329101562e+01,2.436300086975097656e+01,2.431000137329101562e+01,2.426800155639648438e+01,2.420500183105468750e+01,2.414800071716308594e+01,2.401500129699707031e+01,2.386500167846679688e+01,2.358800125122070312e+01,2.331000137329101562e+01,2.297000122070312500e+01,2.257800102233886719e+01,2.231000137329101562e+01,1.000000020040877343e+20,1.000000020040877343e+20,1.000000020040877343e+20,1.000000020040877343e+20,1.000000020040877343e+20,1.000000020040877343e+20,1.000000020040877343e+20,1.000000020040877343e+20,1.000000020040877343e+20,1.000000020040877343e+20,1.000000020040877343e+20,1.000000020040877343e+20,1.000000020040877343e+20,1.000000020040877343e+20,1.000000020040877343e+20,1.000000020040877343e+20,1.000000020040877343e+20,1.000000020040877343e+20,1.000000020040877343e+20,1.000000020040877343e+20,1.000000020040877343e+20,1.000000020040877343e+20,1.000000020040877343e+20,1.000000020040877343e+20,1.000000020040877343e+20,1.000000020040877343e+20,2.724800109863281250e+01,2.717500114440917969e+01,2.706500053405761719e+01,2.697300148010253906e+01,2.688500213623046875e+01,2.680500221252441406e+01,2.673800086975097656e+01,2.671800041198730469e+01,2.674800109863281250e+01,2.684300041198730469e+01,2.689800071716308594e+01,2.695800209045410156e+01,2.703000068664550781e+01,2.709300041198730469e+01,2.718500137329101562e+01,2.727000045776367188e+01,2.732800102233886719e+01,2.738300132751464844e+01,2.746000099182128906e+01,2.753300094604492188e+01,2.760300064086914062e+01,2.771000099182128906e+01,2.781800079345703125e+01,2.791000175476074219e+01,2.794800186157226562e+01,2.794800186157226562e+01,2.791500091552734375e+01,2.789300155639648438e+01,2.788300132751464844e+01,2.785500144958496094e+01,2.785300064086914062e+01,2.784000205993652344e+01,2.781800079345703125e+01,2.777000045776367188e+01,2.774800109863281250e+01,2.771500205993652344e+01,2.774300193786621094e+01,2.777000045776367188e+01,2.782000160217285156e+01,2.787800216674804688e+01,2.791500091552734375e+01,2.796000099182128906e+01,2.801000213623046875e+01,2.804800224304199219e+01,2.809800148010253906e+01,2.814800071716308594e+01,2.821000099182128906e+01,2.826300048828125000e+01,2.829000091552734375e+01,2.832300186157226562e+01,2.833300209045410156e+01,2.836000061035156250e+01,2.839800071716308594e+01,2.843800163269042969e+01,2.844300079345703125e+01,2.846000099182128906e+01,2.849000167846679688e+01,2.852500152587890625e+01,2.859300041198730469e+01,2.863500213623046875e+01,2.867000198364257812e+01,2.872500228881835938e+01,2.874800109863281250e+01,2.876800155639648438e+01,2.874300193786621094e+01,2.869000053405761719e+01,2.858500099182128906e+01,2.834500122070312500e+01,2.830000114440917969e+01,1.000000020040877343e+20,1.000000020040877343e+20,1.000000020040877343e+20,1.000000020040877343e+20,1.000000020040877343e+20,2.849800109863281250e+01,2.851300048828125000e+01,2.838000106811523438e+01,2.834500122070312500e+01,2.830000114440917969e+01,2.829800224304199219e+01,2.828500175476074219e+01,2.825800132751464844e+01,2.821300125122070312e+01,2.814500045776367188e+01,2.808000183105468750e+01,2.799800109863281250e+01,2.792300224304199219e+01,2.784300041198730469e+01,2.771300125122070312e+01,2.753800201416015625e+01,2.733500099182128906e+01,2.709000205993652344e+01,2.690500068664550781e+01,2.673500061035156250e+01,2.662000083923339844e+01,2.655500221252441406e+01,2.653500175476074219e+01,2.651000213623046875e+01,2.647800064086914062e+01,1.000000020040877343e+20,1.000000020040877343e+20,1.000000020040877343e+20,1.000000020040877343e+20,1.000000020040877343e+20,1.000000020040877343e+20,1.000000020040877343e+20,1.000000020040877343e+20,1.000000020040877343e+20,2.721500205993652344e+01,2.702300071716308594e+01,2.692800140380859375e+01,2.688000106811523438e+01,2.698000144958496094e+01,2.719800186157226562e+01,2.739300155639648438e+01,2.755300140380859375e+01,2.758300209045410156e+01,2.782800102233886719e+01,2.800300216674804688e+01,2.814800071716308594e+01,2.831500053405761719e+01,2.842000198364257812e+01,2.849000167846679688e+01,2.852300071716308594e+01,2.855300140380859375e+01,2.859300041198730469e+01,2.864000129699707031e+01,2.871500205993652344e+01,2.879800224304199219e+01,2.887300109863281250e+01,2.896300125122070312e+01,2.903000068664550781e+01,2.906800079345703125e+01,2.911000061035156250e+01,2.915500068664550781e+01,2.920500183105468750e+01,2.927500152587890625e+01,2.933300209045410156e+01,2.934500122070312500e+01,2.938000106811523438e+01,2.940000152587890625e+01,2.943500137329101562e+01,2.948300170898437500e+01,2.951500129699707031e+01,2.955000114440917969e+01,2.961000061035156250e+01,2.964800071716308594e+01,2.966300201416015625e+01,2.967300224304199219e+01,2.967800140380859375e+01,2.969300079345703125e+01,2.969500160217285156e+01,2.970300102233886719e+01,2.973300170898437500e+01,2.972300148010253906e+01,2.971500205993652344e+01,2.970300102233886719e+01,2.968000221252441406e+01,2.966500091552734375e+01,2.965000152587890625e+01,2.964300155639648438e+01,2.963800048828125000e+01,2.965500068664550781e+01,2.969500160217285156e+01,2.971300125122070312e+01,2.970300102233886719e+01,2.964000129699707031e+01,2.956800079345703125e+01,2.950800132751464844e+01,2.945000076293945312e+01,2.942000198364257812e+01,2.936000061035156250e+01,2.932500076293945312e+01,2.925000190734863281e+01,2.918500137329101562e+01,2.910500144958496094e+01,2.905000114440917969e+01,2.900500106811523438e+01,2.896300125122070312e+01,2.890800094604492188e+01,2.885300064086914062e+01,2.879300117492675781e+01,2.873300170898437500e+01,2.865800094604492188e+01,2.858500099182128906e+01,2.852000045776367188e+01,2.845300102233886719e+01,2.840000152587890625e+01,2.835000228881835938e+01,2.832500076293945312e+01,2.826800155639648438e+01,2.820300102233886719e+01,2.814300155639648438e+01,2.808300209045410156e+01,2.801800155639648438e+01,2.793000221252441406e+01,2.783800125122070312e+01,2.775800132751464844e+01,2.769300079345703125e+01,2.760500144958496094e+01,2.751300048828125000e+01,2.743800163269042969e+01,2.738300132751464844e+01,2.733800125122070312e+01,2.726000213623046875e+01,2.716300201416015625e+01,2.705300140380859375e+01,2.696800041198730469e+01,2.689000129699707031e+01,2.679500198364257812e+01,2.671500205993652344e+01,2.665500068664550781e+01,2.662300109863281250e+01,2.655800056457519531e+01,2.646300125122070312e+01,2.636300086975097656e+01,2.626800155639648438e+01,2.615300178527832031e+01,2.604800033569335938e+01,2.598300170898437500e+01,2.594500160217285156e+01,2.589800071716308594e+01,2.585000038146972656e+01,2.580500030517578125e+01,2.569500160217285156e+01,2.556800079345703125e+01,2.546800041198730469e+01,2.541300201416015625e+01,2.539500045776367188e+01,2.541000175476074219e+01,2.542500114440917969e+01,2.541300201416015625e+01,2.531300163269042969e+01,2.501300048828125000e+01,2.454300117492675781e+01,2.395000076293945312e+01,2.326500129699707031e+01,2.253800201416015625e+01,2.178300094604492188e+01,2.108500099182128906e+01,2.055800056457519531e+01,2.030300140380859375e+01,1.000000020040877343e+20,1.000000020040877343e+20,1.000000020040877343e+20,1.000000020040877343e+20,1.000000020040877343e+20,1.000000020040877343e+20,1.000000020040877343e+20,1.000000020040877343e+20,1.000000020040877343e+20,1.000000020040877343e+20,1.000000020040877343e+20,1.000000020040877343e+20,1.000000020040877343e+20,1.000000020040877343e+20,1.000000020040877343e+20,1.000000020040877343e+20,1.000000020040877343e+20,1.000000020040877343e+20,1.000000020040877343e+20,1.000000020040877343e+20,1.000000020040877343e+20,1.000000020040877343e+20,1.000000020040877343e+20,1.000000020040877343e+20,1.000000020040877343e+20,1.000000020040877343e+20,1.000000020040877343e+20,1.000000020040877343e+20,1.000000020040877343e+20,1.000000020040877343e+20,1.000000020040877343e+20,1.000000020040877343e+20,1.000000020040877343e+20,1.000000020040877343e+20,1.000000020040877343e+20,1.000000020040877343e+20,1.000000020040877343e+20,1.000000020040877343e+20,1.000000020040877343e+20,1.000000020040877343e+20,1.000000020040877343e+20,1.000000020040877343e+20,1.000000020040877343e+20,1.000000020040877343e+20,2.706000137329101562e+01,2.714000129699707031e+01,2.723000144958496094e+01,2.728000068664550781e+01,2.729000091552734375e+01,2.728800201416015625e+01,2.730000114440917969e+01,2.729800224304199219e+01,2.728500175476074219e+01,2.724300193786621094e+01,2.719800186157226562e+01,2.715500068664550781e+01,2.710800170898437500e+01,2.706300163269042969e+01,2.700000190734863281e+01,2.694800186157226562e+01,2.689500045776367188e+01,2.686000061035156250e+01,2.678800201416015625e+01,2.670500183105468750e+01,2.665800094604492188e+01,2.660800170898437500e+01,2.653500175476074219e+01,2.645800209045410156e+01,2.634000205993652344e+01,2.616500091552734375e+01,2.597000122070312500e+01,2.581300163269042969e+01,2.566300201416015625e+01,2.551800155639648438e+01,2.538000106811523438e+01,2.521800041198730469e+01,2.505000114440917969e+01,2.490300178527832031e+01,2.471500205993652344e+01
2.432000160217285156e+01,2.410800170898437500e+01,2.406000137329101562e+01,2.400800132751464844e+01,2.393300056457519531e+01,2.389800071716308594e+01,2.381300163269042969e+01,2.368800163269042969e+01,2.348500061035156250e+01,2.323800086975097656e+01,2.292000198364257812e+01,2.255000114440917969e+01,2.226500129699707031e+01,1.000000020040877343e+20,1.000000020040877343e+20,1.000000020040877343e+20,1.000000020040877343e+20,1.000000020040877343e+20,1.000000020040877343e+20,1.000000020040877343e+20,1.000000020040877343e+20,1.000000020040877343e+20,1.000000020040877343e+20,1.000000020040877343e+20,1.000000020040877343e+20,1.000000020040877343e+20,1.000000020040877343e+20,1.000000020040877343e+20,1.000000020040877343e+20,1.000000020040877343e+20,1.000000020040877343e+20,1.000000020040877343e+20,1.000000020040877343e+20,1.000000020040877343e+20,1.000000020040877343e+20,1.000000020040877343e+20,1.000000020040877343e+20,1.000000020040877343e+20,1.000000020040877343e+20,2.728000068664550781e+01,2.716000175476074219e+01,2.705000114440917969e+01,2.693500137329101562e+01,2.682000160217285156e+01,2.668800163269042969e+01,2.658300209045410156e+01,2.653300094604492188e+01,2.650300216674804688e+01,2.653800201416015625e+01,2.655000114440917969e+01,2.660000038146972656e+01,2.668300056457519531e+01,2.681300163269042969e+01,2.696000099182128906e+01,2.710300064086914062e+01,2.723500061035156250e+01,2.736000061035156250e+01,2.743500137329101562e+01,2.749300193786621094e+01,2.756500053405761719e+01,2.762800216674804688e+01,2.768500137329101562e+01,2.770500183105468750e+01,2.770300102233886719e+01,2.768800163269042969e+01,2.763300132751464844e+01,2.759800148010253906e+01,2.755500221252441406e+01,2.753000068664550781e+01,2.751500129699707031e+01,2.749800109863281250e+01,2.750300216674804688e+01,2.748300170898437500e+01,2.744500160217285156e+01,2.743000221252441406e+01,2.743800163269042969e+01,2.748800086975097656e+01,2.755300140380859375e+01,2.758000183105468750e+01,2.761000061035156250e+01,2.762800216674804688e+01,2.769800186157226562e+01,2.779000091552734375e+01,2.783500099182128906e+01,2.790000152587890625e+01,2.795000076293945312e+01,2.802000045776367188e+01,2.809300041198730469e+01,2.810000038146972656e+01,2.811000061035156250e+01,2.809800148010253906e+01,2.812000083923339844e+01,2.814300155639648438e+01,2.818500137329101562e+01,2.822800064086914062e+01,2.827500152587890625e+01,2.833800125122070312e+01,2.837300109863281250e+01,2.839500045776367188e+01,2.840300178527832031e+01,2.844300079345703125e+01,2.844800186157226562e+01,2.844000053405761719e+01,2.838800048828125000e+01,2.830500221252441406e+01,2.820500183105468750e+01,2.814000129699707031e+01,2.809300041198730469e+01,2.797800064086914062e+01,2.796000099182128906e+01,2.794500160217285156e+01,2.793800163269042969e+01,2.795800209045410156e+01,2.810000038146972656e+01,2.810800170898437500e+01,2.809500122070312500e+01,2.807500076293945312e+01,2.803800201416015625e+01,2.803000068664550781e+01,2.803300094604492188e+01,2.806300163269042969e+01,2.807800102233886719e+01,2.789500045776367188e+01,2.785300064086914062e+01,2.790000152587890625e+01,2.779800224304199219e+01,2.774300193786621094e+01,2.787800216674804688e+01,2.778000068664550781e+01,2.764300155639648438e+01,2.744300079345703125e+01,2.729000091552734375e+01,2.716800117492675781e+01,2.705000114440917969e+01,2.701500129699707031e+01,2.701800155639648438e+01,2.708300209045410156e+01,2.711500167846679688e+01,2.706500053405761719e+01,2.697800064086914062e+01,2.688000106811523438e+01,1.000000020040877343e+20,1.000000020040877343e+20,2.678800201416015625e+01,2.592800140380859375e+01,2.600800132751464844e+01,1.000000020040877343e+20,1.000000020040877343e+20,2.694500160217285156e+01,2.669000053405761719e+01,2.667500114440917969e+01,2.676800155639648438e+01,2.691800117492675781e+01,2.710800170898437500e+01,2.729800224304199219e+01,2.749500083923339844e+01,2.768800163269042969e+01,2.783800125122070312e+01,2.797500038146972656e+01,2.805300140380859375e+01,2.816500091552734375e+01,2.822800064086914062e+01,2.825000190734863281e+01,2.826300048828125000e+01,2.831800079345703125e+01,2.839800071716308594e+01,2.847800064086914062e+01,2.855800056457519531e+01,2.862000083923339844e+01,2.869800186157226562e+01,2.876000213623046875e+01,2.883500099182128906e+01,2.889800071716308594e+01,2.894000053405761719e+01,2.902800178527832031e+01,2.908500099182128906e+01,2.913300132751464844e+01,2.917800140380859375e+01,2.922500228881835938e+01,2.926800155639648438e+01,2.930800056457519531e+01,2.934500122070312500e+01,2.939000129699707031e+01,2.945800209045410156e+01,2.949300193786621094e+01,2.953300094604492188e+01,2.955000114440917969e+01,2.956300163269042969e+01,2.959000205993652344e+01,2.960500144958496094e+01,2.963000106811523438e+01,2.965800094604492188e+01,2.967300224304199219e+01,2.965800094604492188e+01,2.964300155639648438e+01,2.963000106811523438e+01,2.962000083923339844e+01,2.960300064086914062e+01,2.959500122070312500e+01,2.960500144958496094e+01,2.961800193786621094e+01,2.966300201416015625e+01,2.968800163269042969e+01,2.971300125122070312e+01,2.969500160217285156e+01,2.963000106811523438e+01,2.958500099182128906e+01,2.954300117492675781e+01,2.950800132751464844e+01,2.947800064086914062e+01,2.944800186157226562e+01,2.942300224304199219e+01,2.939000129699707031e+01,2.932800102233886719e+01,2.927800178527832031e+01,2.921500205993652344e+01,2.914300155639648438e+01,2.908500099182128906e+01,2.899300193786621094e+01,2.892300224304199219e+01,2.886300086975097656e+01,2.879300117492675781e+01,2.871500205993652344e+01,2.864300155639648438e+01,2.855500221252441406e+01,2.849300193786621094e+01,2.843300056457519531e+01,2.837800216674804688e+01,2.832500076293945312e+01,2.827000045776367188e+01,2.820800209045410156e+01,2.813500213623046875e+01,2.807500076293945312e+01,2.799800109863281250e+01,2.790500068664550781e+01,2.782000160217285156e+01,2.772300148010253906e+01,2.763300132751464844e+01,2.754500198364257812e+01,2.746800041198730469e+01,2.739500045776367188e+01,2.732500076293945312e+01,2.726000213623046875e+01,2.719800186157226562e+01,2.712500190734863281e+01,2.704500198364257812e+01,2.695300102233886719e+01,2.687000083923339844e+01,2.678000068664550781e+01,2.670300102233886719e+01,2.664500045776367188e+01,2.657500076293945312e+01,2.649800109863281250e+01,2.641000175476074219e+01,2.631800079345703125e+01,2.620800209045410156e+01,2.609500122070312500e+01,2.598300170898437500e+01,2.589800071716308594e+01,2.584500122070312500e+01,2.578000068664550781e+01,2.574500083923339844e+01,2.569300079345703125e+01,2.560800170898437500e+01,2.550000190734863281e+01,2.535800170898437500e+01,2.527000045776367188e+01,2.518300056457519531e+01,2.515000152587890625e+01,2.512500190734863281e+01,2.511800193786621094e+01,2.509500122070312500e+01,2.492500114440917969e+01,2.457300186157226562e+01,2.410300064086914062e+01,2.356800079345703125e+01,2.294300079345703125e+01,2.229500198364257812e+01,2.165500068664550781e+01,2.108800125122070312e+01,2.065800094604492188e+01,1.000000020040877343e+20,1.000000020040877343e+20,1.000000020040877343e+20,1.000000020040877343e+20,1.000000020040877343e+20,1.000000020040877343e+20,1.000000020040877343e+20,1.000000020040877343e+20,1.000000020040877343e+20,1.000000020040877343e+20,1.000000020040877343e+20,1.000000020040877343e+20,1.000000020040877343e+20,1.000000020040877343e+20,1.000000020040877343e+20,1.000000020040877343e+20,1.000000020040877343e+20,1.000000020040877343e+20,1.000000020040877343e+20,1.000000020040877343e+20,1.000000020040877343e+20,1.000000020040877343e+20,1.000000020040877343e+20,1.000000020040877343e+20,1.000000020040877343e+20,1.000000020040877343e+20,1.000000020040877343e+20,1.000000020040877343e+20,1.000000020040877343e+20,1.000000020040877343e+20,1.000000020040877343e+20,1.000000020040877343e+20,1.000000020040877343e+20,1.000000020040877343e+20,1.000000020040877343e+20,1.000000020040877343e+20,1.000000020040877343e+20,1.000000020040877343e+20,1.000000020040877343e+20,1.000000020040877343e+20,1.000000020040877343e+20,1.000000020040877343e+20,1.000000020040877343e+20,1.000000020040877343e+20,2.697300148010253906e+01,2.707500076293945312e+01,2.716000175476074219e+01,2.720500183105468750e+01,2.719300079345703125e+01,2.717000198364257812e+01,2.717300224304199219e+01,2.716500091552734375e+01,2.713300132751464844e+01,2.708300209045410156e+01,2.704300117492675781e+01,2.699000167846679688e+01,2.693000221252441406e+01,2.686800193786621094e+01,2.679800033569335938e+01,2.672000122070312500e+01,2.663800048828125000e+01,2.658300209045410156e+01,2.650800132751464844e+01,2.647800064086914062e+01,2.640800094604492188e+01,2.632500076293945312e+01,2.625500106811523438e+01,2.617300033569335938e+01,2.603300094604492188e+01,2.586500167846679688e+01,2.570800209045410156e+01,2.555300140380859375e+01,2.544300079345703125e+01,2.534000205993652344e+01,2.520500183105468750e+01,2.504300117492675781e+01,2.485000038146972656e+01,2.468000030517578125e+01,2.450300025939941406e+01
2.401300048828125000e+01,2.381800079345703125e+01,2.375800132751464844e+01,2.371500205993652344e+01,2.366500091552734375e+01,2.358300018310546875e+01,2.350800132751464844e+01,2.339300155639648438e+01,2.325300025939941406e+01,2.306800079345703125e+01,2.285000038146972656e+01,2.252800178527832031e+01,2.224300193786621094e+01,1.000000020040877343e+20,1.000000020040877343e+20,1.000000020040877343e+20,1.000000020040877343e+20,1.000000020040877343e+20,1.000000020040877343e+20,1.000000020040877343e+20,1.000000020040877343e+20,1.000000020040877343e+20,1.000000020040877343e+20,1.000000020040877343e+20,1.000000020040877343e+20,1.000000020040877343e+20,1.000000020040877343e+20,1.000000020040877343e+20,1.000000020040877343e+20,1.000000020040877343e+20,1.000000020040877343e+20,1.000000020040877343e+20,1.000000020040877343e+20,1.000000020040877343e+20,1.000000020040877343e+20,1.000000020040877343e+20,1.000000020040877343e+20,1.000000020040877343e+20,1.000000020040877343e+20,1.000000020040877343e+20,2.704800033569335938e+01,2.699500083923339844e+01,2.690500068664550781e+01,2.679800033569335938e+01,2.668500137329101562e+01,2.657500076293945312e+01,2.648800086975097656e+01,2.642300033569335938e+01,2.639000129699707031e+01,2.635000038146972656e+01,2.633000183105468750e+01,2.640000152587890625e+01,2.649500083923339844e+01,2.668000221252441406e+01,2.685300064086914062e+01,2.705300140380859375e+01,2.723300170898437500e+01,2.734300041198730469e+01,2.740500068664550781e+01,2.746800041198730469e+01,2.748300170898437500e+01,2.750800132751464844e+01,2.750000190734863281e+01,2.748000144958496094e+01,2.744000053405761719e+01,2.739500045776367188e+01,2.735300064086914062e+01,2.731300163269042969e+01,2.726800155639648438e+01,2.723800086975097656e+01,2.721000099182128906e+01,2.721500205993652344e+01,2.722800064086914062e+01,2.722000122070312500e+01,2.723300170898437500e+01,2.725500106811523438e+01,2.726800155639648438e+01,2.729300117492675781e+01,2.729800224304199219e+01,2.733000183105468750e+01,2.737000083923339844e+01,2.741000175476074219e+01,2.748300170898437500e+01,2.757000160217285156e+01,2.766500091552734375e+01,2.772300148010253906e+01,2.779800224304199219e+01,2.784300041198730469e+01,2.785800170898437500e+01,2.786800193786621094e+01,2.787500190734863281e+01,2.791500091552734375e+01,2.794800186157226562e+01,2.800500106811523438e+01,2.805500221252441406e+01,2.808800125122070312e+01,2.812500190734863281e+01,2.814500045776367188e+01,2.816500091552734375e+01,2.816300201416015625e+01,2.817800140380859375e+01,2.816000175476074219e+01,2.814300155639648438e+01,2.807300186157226562e+01,2.797800064086914062e+01,2.789300155639648438e+01,2.783300209045410156e+01,2.782000160217285156e+01,2.779500198364257812e+01,2.776800155639648438e+01,2.770500183105468750e+01,2.765500068664550781e+01,2.763000106811523438e+01,2.759300041198730469e+01,2.758500099182128906e+01,2.757800102233886719e+01,2.757800102233886719e+01,2.753300094604492188e+01,2.753000068664550781e+01,2.756000137329101562e+01,2.764000129699707031e+01,2.772000122070312500e+01,2.776800155639648438e+01,2.778500175476074219e+01,1.000000020040877343e+20,2.787300109863281250e+01,2.787300109863281250e+01,2.784000205993652344e+01,2.777800178527832031e+01,2.766300201416015625e+01,2.750800132751464844e+01,2.733800125122070312e+01,2.722500038146972656e+01,2.708300209045410156e+01,2.699300193786621094e+01,2.698000144958496094e+01,2.700000190734863281e+01,2.702800178527832031e+01,2.702500152587890625e+01,2.695500183105468750e+01,2.681300163269042969e+01,2.663800048828125000e+01,2.652500152587890625e+01,2.665800094604492188e+01,2.598500061035156250e+01,2.607000160217285156e+01,2.597000122070312500e+01,1.000000020040877343e+20,1.000000020040877343e+20,2.641800117492675781e+01,2.645500183105468750e+01,2.656000137329101562e+01,2.669500160217285156e+01,2.688300132751464844e+01,2.707300186157226562e+01,2.727000045776367188e+01,2.744300079345703125e+01,2.760000038146972656e+01,2.770000076293945312e+01,2.780300140380859375e+01,2.790800094604492188e+01,2.798800086975097656e+01,2.802300071716308594e+01,2.803800201416015625e+01,2.807800102233886719e+01,2.813500213623046875e+01,2.821500205993652344e+01,2.830300140380859375e+01,2.836300086975097656e+01,2.843500137329101562e+01,2.850800132751464844e+01,2.855300140380859375e+01,2.858300209045410156e+01,2.865800094604492188e+01,2.873000144958496094e+01,2.881800079345703125e+01,2.890000152587890625e+01,2.893800163269042969e+01,2.899300193786621094e+01,2.906000137329101562e+01,2.911800193786621094e+01,2.915300178527832031e+01,2.922800064086914062e+01,2.930500221252441406e+01,2.936300086975097656e+01,2.939300155639648438e+01,2.942000198364257812e+01,2.943800163269042969e+01,2.945800209045410156e+01,2.948800086975097656e+01,2.951500129699707031e+01,2.952500152587890625e+01,2.955500221252441406e+01,2.954800224304199219e+01,2.952000045776367188e+01,2.952000045776367188e+01,2.948500061035156250e+01,2.948300170898437500e+01,2.949300193786621094e+01,2.952300071716308594e+01,2.954800224304199219e+01,2.957800102233886719e+01,2.960300064086914062e+01,2.961300086975097656e+01,2.960300064086914062e+01,2.956000137329101562e+01,2.951500129699707031e+01,2.949500083923339844e+01,2.947000122070312500e+01,2.947300148010253906e+01,2.944500160217285156e+01,2.943000221252441406e+01,2.940000152587890625e+01,2.936500167846679688e+01,2.930800056457519531e+01,2.926300048828125000e+01,2.919000053405761719e+01,2.910800170898437500e+01,2.902300071716308594e+01,2.892000198364257812e+01,2.885000228881835938e+01,2.876800155639648438e+01,2.869000053405761719e+01,2.861800193786621094e+01,2.852800178527832031e+01,2.843800163269042969e+01,2.837800216674804688e+01,2.830500221252441406e+01,2.823000144958496094e+01,2.817300224304199219e+01,2.810500144958496094e+01,2.801800155639648438e+01,2.793800163269042969e+01,2.785500144958496094e+01,2.777800178527832031e+01,2.769800186157226562e+01,2.761300086975097656e+01,2.753300094604492188e+01,2.744500160217285156e+01,2.734500122070312500e+01,2.725500106811523438e+01,2.717800140380859375e+01,2.712000083923339844e+01,2.707000160217285156e+01,2.700500106811523438e+01,2.693500137329101562e+01,2.687300109863281250e+01,2.678800201416015625e+01,2.669800186157226562e+01,2.659800148010253906e+01,2.649300193786621094e+01,2.641300201416015625e+01,2.632000160217285156e+01,2.622800064086914062e+01,2.613500213623046875e+01,2.603500175476074219e+01,2.593000030517578125e+01,2.581000137329101562e+01,2.571000099182128906e+01,2.562000083923339844e+01,2.552800178527832031e+01,2.546300125122070312e+01,2.539500045776367188e+01,2.534500122070312500e+01,2.524800109863281250e+01,2.512300109863281250e+01,2.499300193786621094e+01,2.485500144958496094e+01,2.471500205993652344e+01,2.466300201416015625e+01,2.467300033569335938e+01,2.466000175476074219e+01,2.460500144958496094e+01,2.438000106811523438e+01,2.402000045776367188e+01,2.360300064086914062e+01,2.312800025939941406e+01,2.261500167846679688e+01,2.212000083923339844e+01,2.151300048828125000e+01,2.089800071716308594e+01,2.037500190734863281e+01,1.000000020040877343e+20,1.000000020040877343e+20,1.000000020040877343e+20,1.000000020040877343e+20,1.000000020040877343e+20,1.000000020040877343e+20,1.000000020040877343e+20,1.000000020040877343e+20,1.000000020040877343e+20,1.000000020040877343e+20,1.000000020040877343e+20,1.000000020040877343e+20,1.000000020040877343e+20,1.000000020040877343e+20,1.000000020040877343e+20,1.000000020040877343e+20,1.000000020040877343e+20,1.000000020040877343e+20,1.000000020040877343e+20,1.000000020040877343e+20,1.000000020040877343e+20,1.000000020040877343e+20,1.000000020040877343e+20,1.000000020040877343e+20,1.000000020040877343e+20,1.000000020040877343e+20,1.000000020040877343e+20,1.000000020040877343e+20,1.000000020040877343e+20,1.000000020040877343e+20,1.000000020040877343e+20,1.000000020040877343e+20,1.000000020040877343e+20,1.000000020040877343e+20,1.000000020040877343e+20,1.000000020040877343e+20,1.000000020040877343e+20,1.000000020040877343e+20,1.000000020040877343e+20,1.000000020040877343e+20,1.000000020040877343e+20,1.000000020040877343e+20,2.675500106811523438e+01,2.688500213623046875e+01,2.698300170898437500e+01,2.705000114440917969e+01,2.706800079345703125e+01,2.704300117492675781e+01,2.700800132751464844e+01,2.698800086975097656e+01,2.694800186157226562e+01,2.691500091552734375e+01,2.687300109863281250e+01,2.682000160217285156e+01,2.676000213623046875e+01,2.670000076293945312e+01,2.664800071716308594e+01,2.655000114440917969e+01,2.646000099182128906e+01,2.639300155639648438e+01,2.631500053405761719e+01,2.624000167846679688e+01,2.619300079345703125e+01,2.613000106811523438e+01,2.605000114440917969e+01,2.593800163269042969e+01,2.580300140380859375e+01,2.566800117492675781e+01,2.549300193786621094e+01,2.534000205993652344e+01,2.524000167846679688e+01,2.513800048828125000e+01,2.505800056457519531e+01,2.492300033569335938e+01,2.477000045776367188e+01,2.458500099182128906e+01,2.440800094604492188e+01,2.421300125122070312e+01
2.370800018310546875e+01,2.349000167846679688e+01,2.342500114440917969e+01,2.336000061035156250e+01,2.328800201416015625e+01,2.319500160217285156e+01,2.308000183105468750e+01,2.297000122070312500e+01,2.289300155639648438e+01,2.278300094604492188e+01,2.264800071716308594e+01,2.241800117492675781e+01,2.219500160217285156e+01,2.194300079345703125e+01,1.000000020040877343e+20,1.000000020040877343e+20,1.000000020040877343e+20,1.000000020040877343e+20,1.000000020040877343e+20,1.000000020040877343e+20,1.000000020040877343e+20,1.000000020040877343e+20,1.000000020040877343e+20,1.000000020040877343e+20,1.000000020040877343e+20,1.000000020040877343e+20,1.000000020040877343e+20,1.000000020040877343e+20,1.000000020040877343e+20,1.000000020040877343e+20,1.000000020040877343e+20,1.000000020040877343e+20,1.000000020040877343e+20,1.000000020040877343e+20,1.000000020040877343e+20,1.000000020040877343e+20,1.000000020040877343e+20,1.000000020040877343e+20,1.000000020040877343e+20,1.000000020040877343e+20,2.699800109863281250e+01,2.700000190734863281e+01,2.696300125122070312e+01,2.689800071716308594e+01,2.680800056457519531e+01,2.673500061035156250e+01,2.663300132751464844e+01,2.653800201416015625e+01,2.643800163269042969e+01,2.634500122070312500e+01,2.628500175476074219e+01,2.630000114440917969e+01,2.636500167846679688e+01,2.650000190734863281e+01,2.666800117492675781e+01,2.686300086975097656e+01,2.703000068664550781e+01,2.714800071716308594e+01,2.721500205993652344e+01,2.726300048828125000e+01,2.729500198364257812e+01,2.728300094604492188e+01,2.726800155639648438e+01,2.725500106811523438e+01,2.719300079345703125e+01,2.716500091552734375e+01,2.711800193786621094e+01,2.706800079345703125e+01,2.701800155639648438e+01,2.699500083923339844e+01,2.696800041198730469e+01,2.696300125122070312e+01,2.697300148010253906e+01,2.698500061035156250e+01,2.696300125122070312e+01,2.697800064086914062e+01,2.697800064086914062e+01,2.699500083923339844e+01,2.702300071716308594e+01,2.704800033569335938e+01,2.710300064086914062e+01,2.713800048828125000e+01,2.723000144958496094e+01,2.731300163269042969e+01,2.736800193786621094e+01,2.742300224304199219e+01,2.748300170898437500e+01,2.751300048828125000e+01,2.755300140380859375e+01,2.759800148010253906e+01,2.767500114440917969e+01,2.772500038146972656e+01,2.775000190734863281e+01,2.777800178527832031e+01,2.785300064086914062e+01,2.787500190734863281e+01,2.794000053405761719e+01,2.796000099182128906e+01,2.798000144958496094e+01,2.798300170898437500e+01,2.798000144958496094e+01,2.796000099182128906e+01,2.796300125122070312e+01,2.790300178527832031e+01,2.781800079345703125e+01,2.775800132751464844e+01,2.768300056457519531e+01,2.764800071716308594e+01,2.759300041198730469e+01,2.754000091552734375e+01,2.748300170898437500e+01,2.744800186157226562e+01,2.739300155639648438e+01,2.733500099182128906e+01,2.730300140380859375e+01,2.729800224304199219e+01,2.729300117492675781e+01,2.726300048828125000e+01,2.724500083923339844e+01,2.725300216674804688e+01,2.731000137329101562e+01,2.740800094604492188e+01,2.749000167846679688e+01,2.760300064086914062e+01,2.771300125122070312e+01,2.782000160217285156e+01,2.785300064086914062e+01,2.784000205993652344e+01,2.778000068664550781e+01,2.767300224304199219e+01,2.753800201416015625e+01,2.739300155639648438e+01,2.728300094604492188e+01,2.712500190734863281e+01,2.701000213623046875e+01,2.693800163269042969e+01,2.692000198364257812e+01,2.693800163269042969e+01,2.694800186157226562e+01,2.689800071716308594e+01,2.674500083923339844e+01,2.659300041198730469e+01,2.646000099182128906e+01,2.559800148010253906e+01,2.583300209045410156e+01,2.593000030517578125e+01,2.601000213623046875e+01,2.594300079345703125e+01,2.599300193786621094e+01,2.621500205993652344e+01,2.628300094604492188e+01,2.635800170898437500e+01,2.646500205993652344e+01,2.658300209045410156e+01,2.675000190734863281e+01,2.693800163269042969e+01,2.713500213623046875e+01,2.730500221252441406e+01,2.742300224304199219e+01,2.756500053405761719e+01,2.767300224304199219e+01,2.775000190734863281e+01,2.779000091552734375e+01,2.780800056457519531e+01,2.781800079345703125e+01,2.785000038146972656e+01,2.793000221252441406e+01,2.800500106811523438e+01,2.807500076293945312e+01,2.816500091552734375e+01,2.823500061035156250e+01,2.827300071716308594e+01,2.829800224304199219e+01,2.834300041198730469e+01,2.842800140380859375e+01,2.851300048828125000e+01,2.858500099182128906e+01,2.864800071716308594e+01,2.872300148010253906e+01,2.880800056457519531e+01,2.889000129699707031e+01,2.896500205993652344e+01,2.906300163269042969e+01,2.914800071716308594e+01,2.922800064086914062e+01,2.928000068664550781e+01,2.928500175476074219e+01,2.930800056457519531e+01,2.933000183105468750e+01,2.935800170898437500e+01,2.937300109863281250e+01,2.940800094604492188e+01,2.942500114440917969e+01,2.943300056457519531e+01,2.942800140380859375e+01,2.939500045776367188e+01,2.936800193786621094e+01,2.932500076293945312e+01,2.933800125122070312e+01,2.938300132751464844e+01,2.942500114440917969e+01,2.944500160217285156e+01,2.946500205993652344e+01,2.947500228881835938e+01,2.943300056457519531e+01,2.941500091552734375e+01,2.940000152587890625e+01,2.938800048828125000e+01,2.938300132751464844e+01,2.938300132751464844e+01,2.937000083923339844e+01,2.935000228881835938e+01,2.931500053405761719e+01,2.927000045776367188e+01,2.921300125122070312e+01,2.915800094604492188e+01,2.907300186157226562e+01,2.897800064086914062e+01,2.890500068664550781e+01,2.881300163269042969e+01,2.872000122070312500e+01,2.865000152587890625e+01,2.856800079345703125e+01,2.847000122070312500e+01,2.837000083923339844e+01,2.828800201416015625e+01,2.821300125122070312e+01,2.815300178527832031e+01,2.808300209045410156e+01,2.800000190734863281e+01,2.792000198364257812e+01,2.783500099182128906e+01,2.775800132751464844e+01,2.768800163269042969e+01,2.760300064086914062e+01,2.752500152587890625e+01,2.744300079345703125e+01,2.735800170898437500e+01,2.726800155639648438e+01,2.716300201416015625e+01,2.708300209045410156e+01,2.700000190734863281e+01,2.694500160217285156e+01,2.688800048828125000e+01,2.682800102233886719e+01,2.676000213623046875e+01,2.667800140380859375e+01,2.660300064086914062e+01,2.650300216674804688e+01,2.639000129699707031e+01,2.628300094604492188e+01,2.617300033569335938e+01,2.605500030517578125e+01,2.595800209045410156e+01,2.586000061035156250e+01,2.575300216674804688e+01,2.565500068664550781e+01,2.554500198364257812e+01,2.543800163269042969e+01,2.533500099182128906e+01,2.522000122070312500e+01,2.513300132751464844e+01,2.506800079345703125e+01,2.499800109863281250e+01,2.491500091552734375e+01,2.479500198364257812e+01,2.462800025939941406e+01,2.444000053405761719e+01,2.425300025939941406e+01,2.414800071716308594e+01,2.412500190734863281e+01,2.415000152587890625e+01,2.413300132751464844e+01,2.401000022888183594e+01,2.376300048828125000e+01,2.343500137329101562e+01,2.308000183105468750e+01,2.266800117492675781e+01,2.223300170898437500e+01,2.166300010681152344e+01,2.093300056457519531e+01,2.032500076293945312e+01,1.000000020040877343e+20,1.000000020040877343e+20,1.000000020040877343e+20,1.000000020040877343e+20,1.000000020040877343e+20,1.000000020040877343e+20,1.000000020040877343e+20,1.000000020040877343e+20,1.000000020040877343e+20,1.000000020040877343e+20,1.000000020040877343e+20,1.000000020040877343e+20,1.000000020040877343e+20,1.000000020040877343e+20,1.000000020040877343e+20,1.000000020040877343e+20,1.000000020040877343e+20,1.000000020040877343e+20,1.000000020040877343e+20,1.000000020040877343e+20,1.000000020040877343e+20,1.000000020040877343e+20,1.000000020040877343e+20,1.000000020040877343e+20,1.000000020040877343e+20,1.000000020040877343e+20,1.000000020040877343e+20,1.000000020040877343e+20,1.000000020040877343e+20,1.000000020040877343e+20,1.000000020040877343e+20,1.000000020040877343e+20,1.000000020040877343e+20,1.000000020040877343e+20,1.000000020040877343e+20,1.000000020040877343e+20,1.000000020040877343e+20,1.000000020040877343e+20,1.000000020040877343e+20,1.000000020040877343e+20,1.000000020040877343e+20,2.666300201416015625e+01,2.671300125122070312e+01,2.678300094604492188e+01,2.686300086975097656e+01,2.688300132751464844e+01,2.686300086975097656e+01,2.683300209045410156e+01,2.679500198364257812e+01,2.675800132751464844e+01,2.672300148010253906e+01,2.665300178527832031e+01,2.661000061035156250e+01,2.656000137329101562e+01,2.649000167846679688e+01,2.644800186157226562e+01,2.639800071716308594e+01,2.631800079345703125e+01,2.622300148010253906e+01,2.609500122070312500e+01,2.600000190734863281e+01,2.591000175476074219e+01,2.583800125122070312e+01,2.579000091552734375e+01,2.569300079345703125e+01,2.562000083923339844e+01,2.549000167846679688e+01,2.533300209045410156e+01,2.514500045776367188e+01,2.499500083923339844e+01,2.483000183105468750e+01,2.471800041198730469e+01,2.462300109863281250e+01,2.452300071716308594e+01,2.440800094604492188e+01,2.426800155639648438e+01,2.411000061035156250e+01,2.389800071716308594e+01
2.330800056457519531e+01,2.309300041198730469e+01,2.295800018310546875e+01,2.283800125122070312e+01,2.273800086975097656e+01,2.265500068664550781e+01,2.253300094604492188e+01,2.243500137329101562e+01,2.234300041198730469e+01,2.225500106811523438e+01,2.217300033569335938e+01,2.204800033569335938e+01,2.191800117492675781e+01,2.197300148010253906e+01,1.000000020040877343e+20,1.000000020040877343e+20,1.000000020040877343e+20,1.000000020040877343e+20,1.000000020040877343e+20,1.000000020040877343e+20,1.000000020040877343e+20,1.000000020040877343e+20,1.000000020040877343e+20,1.000000020040877343e+20,1.000000020040877343e+20,1.000000020040877343e+20,1.000000020040877343e+20,1.000000020040877343e+20,1.000000020040877343e+20,1.000000020040877343e+20,1.000000020040877343e+20,1.000000020040877343e+20,1.000000020040877343e+20,1.000000020040877343e+20,1.000000020040877343e+20,1.000000020040877343e+20,1.000000020040877343e+20,1.000000020040877343e+20,1.000000020040877343e+20,1.000000020040877343e+20,2.700300216674804688e+01,2.703000068664550781e+01,2.708300209045410156e+01,2.709500122070312500e+01,2.707000160217285156e+01,2.701500129699707031e+01,2.693000221252441406e+01,2.678300094604492188e+01,2.663500213623046875e+01,2.648300170898437500e+01,2.638800048828125000e+01,2.637500190734863281e+01,2.639800071716308594e+01,2.646000099182128906e+01,2.656000137329101562e+01,2.667500114440917969e+01,2.680500221252441406e+01,2.692300033569335938e+01,2.699500083923339844e+01,2.703500175476074219e+01,2.705300140380859375e+01,2.707800102233886719e+01,2.705800056457519531e+01,2.700300216674804688e+01,2.693800163269042969e+01,2.687800216674804688e+01,2.682500076293945312e+01,2.678300094604492188e+01,2.674800109863281250e+01,2.674000167846679688e+01,2.675000190734863281e+01,2.673800086975097656e+01,2.673500061035156250e+01,2.671300125122070312e+01,2.669800186157226562e+01,2.669000053405761719e+01,2.667800140380859375e+01,2.670300102233886719e+01,2.671800041198730469e+01,2.675800132751464844e+01,2.679000091552734375e+01,2.682000160217285156e+01,2.685300064086914062e+01,2.692000198364257812e+01,2.696800041198730469e+01,2.701000213623046875e+01,2.709300041198730469e+01,2.713800048828125000e+01,2.722000122070312500e+01,2.731500053405761719e+01,2.738300132751464844e+01,2.745000076293945312e+01,2.751800155639648438e+01,2.757300186157226562e+01,2.761800193786621094e+01,2.766000175476074219e+01,2.771500205993652344e+01,2.775800132751464844e+01,2.777800178527832031e+01,2.778800201416015625e+01,2.779500198364257812e+01,2.779500198364257812e+01,2.775800132751464844e+01,2.770500183105468750e+01,2.766500091552734375e+01,2.762800216674804688e+01,2.758800125122070312e+01,2.757300186157226562e+01,2.750800132751464844e+01,2.747800064086914062e+01,2.744500160217285156e+01,2.743300056457519531e+01,2.743300056457519531e+01,2.743000221252441406e+01,2.743000221252441406e+01,2.743000221252441406e+01,2.741500091552734375e+01,2.734000205993652344e+01,2.728300094604492188e+01,2.727500152587890625e+01,2.729500198364257812e+01,2.737800216674804688e+01,2.748800086975097656e+01,2.763000106811523438e+01,2.776300048828125000e+01,2.788000106811523438e+01,2.794000053405761719e+01,2.789800071716308594e+01,2.777500152587890625e+01,2.759500122070312500e+01,2.743000221252441406e+01,2.741000175476074219e+01,2.731300163269042969e+01,2.712000083923339844e+01,2.698500061035156250e+01,2.690000152587890625e+01,2.686300086975097656e+01,2.683500099182128906e+01,2.685000038146972656e+01,2.682300186157226562e+01,2.672300148010253906e+01,2.661800193786621094e+01,1.000000020040877343e+20,2.528800201416015625e+01,2.540300178527832031e+01,2.556500053405761719e+01,2.571000099182128906e+01,2.581800079345703125e+01,2.588300132751464844e+01,2.594300079345703125e+01,2.599800109863281250e+01,2.605000114440917969e+01,2.613300132751464844e+01,2.624500083923339844e+01,2.640500068664550781e+01,2.660500144958496094e+01,2.681300163269042969e+01,2.697800064086914062e+01,2.714800071716308594e+01,2.727500152587890625e+01,2.739300155639648438e+01,2.747800064086914062e+01,2.751000213623046875e+01,2.754800224304199219e+01,2.753300094604492188e+01,2.755500221252441406e+01,2.761000061035156250e+01,2.768500137329101562e+01,2.775500106811523438e+01,2.783500099182128906e+01,2.789800071716308594e+01,2.793300056457519531e+01,2.794000053405761719e+01,2.799000167846679688e+01,2.807300186157226562e+01,2.815800094604492188e+01,2.824300193786621094e+01,2.832300186157226562e+01,2.842000198364257812e+01,2.852800178527832031e+01,2.862800216674804688e+01,2.872000122070312500e+01,2.884000205993652344e+01,2.895300102233886719e+01,2.904300117492675781e+01,2.908800125122070312e+01,2.912000083923339844e+01,2.912300109863281250e+01,2.914300155639648438e+01,2.919500160217285156e+01,2.921800231933593750e+01,2.926300048828125000e+01,2.928300094604492188e+01,2.929500198364257812e+01,2.928000068664550781e+01,2.923800086975097656e+01,2.922000122070312500e+01,2.921800231933593750e+01,2.922800064086914062e+01,2.926300048828125000e+01,2.928500175476074219e+01,2.931000137329101562e+01,2.932000160217285156e+01,2.929800224304199219e+01,2.927800178527832031e+01,2.923800086975097656e+01,2.922800064086914062e+01,2.923800086975097656e+01,2.923000144958496094e+01,2.922300148010253906e+01,2.921500205993652344e+01,2.919800186157226562e+01,2.913800048828125000e+01,2.908500099182128906e+01,2.900000190734863281e+01,2.893800163269042969e+01,2.885800170898437500e+01,2.877500152587890625e+01,2.869300079345703125e+01,2.860800170898437500e+01,2.852000045776367188e+01,2.844300079345703125e+01,2.835000228881835938e+01,2.826300048828125000e+01,2.815300178527832031e+01,2.808000183105468750e+01,2.801300048828125000e+01,2.796300125122070312e+01,2.790000152587890625e+01,2.785300064086914062e+01,2.777000045776367188e+01,2.770000076293945312e+01,2.761800193786621094e+01,2.753500175476074219e+01,2.745500183105468750e+01,2.735800170898437500e+01,2.727500152587890625e+01,2.716300201416015625e+01,2.707300186157226562e+01,2.698300170898437500e+01,2.690800094604492188e+01,2.683500099182128906e+01,2.676500129699707031e+01,2.670500183105468750e+01,2.662000083923339844e+01,2.653800201416015625e+01,2.647000122070312500e+01,2.637800216674804688e+01,2.628000068664550781e+01,2.615500068664550781e+01,2.603500175476074219e+01,2.591500091552734375e+01,2.579300117492675781e+01,2.567000198364257812e+01,2.554800033569335938e+01,2.545000076293945312e+01,2.535500144958496094e+01,2.525300025939941406e+01,2.513800048828125000e+01,2.501300048828125000e+01,2.487500190734863281e+01,2.476800155639648438e+01,2.468000030517578125e+01,2.459300041198730469e+01,2.449300193786621094e+01,2.437300109863281250e+01,2.420800209045410156e+01,2.401000022888183594e+01,2.381800079345703125e+01,2.365800094604492188e+01,2.359000205993652344e+01,2.353800201416015625e+01,2.347000122070312500e+01,2.338800048828125000e+01,2.322000122070312500e+01,2.300300025939941406e+01,2.274500083923339844e+01,2.242500114440917969e+01,2.201300048828125000e+01,2.145000076293945312e+01,2.072800064086914062e+01,2.002800178527832031e+01,1.942500114440917969e+01,1.000000020040877343e+20,1.000000020040877343e+20,1.000000020040877343e+20,1.000000020040877343e+20,1.000000020040877343e+20,1.000000020040877343e+20,1.000000020040877343e+20,1.000000020040877343e+20,1.000000020040877343e+20,1.000000020040877343e+20,1.000000020040877343e+20,1.000000020040877343e+20,1.000000020040877343e+20,1.000000020040877343e+20,1.000000020040877343e+20,1.000000020040877343e+20,1.000000020040877343e+20,1.000000020040877343e+20,1.000000020040877343e+20,1.000000020040877343e+20,1.000000020040877343e+20,1.000000020040877343e+20,1.000000020040877343e+20,1.000000020040877343e+20,1.000000020040877343e+20,1.000000020040877343e+20,1.000000020040877343e+20,1.000000020040877343e+20,1.000000020040877343e+20,1.000000020040877343e+20,1.000000020040877343e+20,1.000000020040877343e+20,1.000000020040877343e+20,1.000000020040877343e+20,1.000000020040877343e+20,1.000000020040877343e+20,1.000000020040877343e+20,1.000000020040877343e+20,1.000000020040877343e+20,2.661500167846679688e+01,2.665000152587890625e+01,2.666800117492675781e+01,2.669000053405761719e+01,2.670800209045410156e+01,2.667800140380859375e+01,2.663300132751464844e+01,2.657000160217285156e+01,2.652500152587890625e+01,2.645800209045410156e+01,2.638800048828125000e+01,2.631000137329101562e+01,2.623500061035156250e+01,2.616800117492675781e+01,2.612300109863281250e+01,2.610000038146972656e+01,2.604300117492675781e+01,2.595800209045410156e+01,2.584300041198730469e+01,2.574000167846679688e+01,2.562500190734863281e+01,2.551800155639648438e+01,2.543500137329101562e+01,2.538500213623046875e+01,2.529500198364257812e+01,2.521500205993652344e+01,2.511500167846679688e+01,2.497000122070312500e+01,2.478300094604492188e+01,2.457500076293945312e+01,2.437800025939941406e+01,2.424500083923339844e+01,2.414800071716308594e+01,2.407300186157226562e+01,2.400000190734863281e+01,2.387000083923339844e+01,2.372300148010253906e+01,2.351800155639648438e+01
2.288300132751464844e+01,2.266000175476074219e+01,2.252800178527832031e+01,2.238300132751464844e+01,2.224300193786621094e+01,2.210500144958496094e+01,2.195300102233886719e+01,2.178800010681152344e+01,2.168000030517578125e+01,2.157000160217285156e+01,2.145300102233886719e+01,2.136500167846679688e+01,2.130000114440917969e+01,1.000000020040877343e+20,1.000000020040877343e+20,1.000000020040877343e+20,1.000000020040877343e+20,1.000000020040877343e+20,1.000000020040877343e+20,1.000000020040877343e+20,1.000000020040877343e+20,1.000000020040877343e+20,1.000000020040877343e+20,1.000000020040877343e+20,1.000000020040877343e+20,1.000000020040877343e+20,1.000000020040877343e+20,1.000000020040877343e+20,1.000000020040877343e+20,1.000000020040877343e+20,1.000000020040877343e+20,1.000000020040877343e+20,1.000000020040877343e+20,1.000000020040877343e+20,1.000000020040877343e+20,1.000000020040877343e+20,1.000000020040877343e+20,1.000000020040877343e+20,1.000000020040877343e+20,1.000000020040877343e+20,2.701500129699707031e+01,2.710800170898437500e+01,2.722500038146972656e+01,2.729000091552734375e+01,2.730500221252441406e+01,2.726500129699707031e+01,2.717300224304199219e+01,2.705300140380859375e+01,2.678000068664550781e+01,2.661000061035156250e+01,2.651500129699707031e+01,2.649300193786621094e+01,2.647800064086914062e+01,2.644800186157226562e+01,2.645300102233886719e+01,2.650000190734863281e+01,2.655300140380859375e+01,2.664300155639648438e+01,2.675800132751464844e+01,2.681500053405761719e+01,2.685300064086914062e+01,2.685500144958496094e+01,2.678800201416015625e+01,2.671500205993652344e+01,2.663500213623046875e+01,2.659800148010253906e+01,2.655300140380859375e+01,2.652800178527832031e+01,2.653000068664550781e+01,2.653500175476074219e+01,2.652300071716308594e+01,2.648800086975097656e+01,2.647500038146972656e+01,2.643300056457519531e+01,2.640500068664550781e+01,2.638300132751464844e+01,2.638500213623046875e+01,2.638500213623046875e+01,2.642300033569335938e+01,2.645000076293945312e+01,2.647800064086914062e+01,2.648500061035156250e+01,2.652300071716308594e+01,2.653000068664550781e+01,2.657800102233886719e+01,2.661000061035156250e+01,2.667300033569335938e+01,2.672500038146972656e+01,2.679800033569335938e+01,2.691800117492675781e+01,2.703800201416015625e+01,2.715000152587890625e+01,2.719000053405761719e+01,2.725500106811523438e+01,2.729300117492675781e+01,2.736300086975097656e+01,2.740500068664550781e+01,2.745500183105468750e+01,2.747000122070312500e+01,2.750300216674804688e+01,2.748300170898437500e+01,2.745800209045410156e+01,2.744300079345703125e+01,2.739500045776367188e+01,2.735000038146972656e+01,2.734800148010253906e+01,2.736300086975097656e+01,2.741500091552734375e+01,2.740800094604492188e+01,2.743000221252441406e+01,2.746000099182128906e+01,2.747000122070312500e+01,2.750500106811523438e+01,2.751800155639648438e+01,2.754800224304199219e+01,2.755800056457519531e+01,2.753300094604492188e+01,2.750300216674804688e+01,2.745500183105468750e+01,2.744300079345703125e+01,2.748000144958496094e+01,2.755000114440917969e+01,2.766300201416015625e+01,2.778800201416015625e+01,2.790500068664550781e+01,2.794800186157226562e+01,2.790500068664550781e+01,2.776500129699707031e+01,2.755500221252441406e+01,2.737000083923339844e+01,2.733500099182128906e+01,1.000000020040877343e+20,1.000000020040877343e+20,1.000000020040877343e+20,1.000000020040877343e+20,1.000000020040877343e+20,1.000000020040877343e+20,2.667800140380859375e+01,2.676000213623046875e+01,2.681300163269042969e+01,2.681300163269042969e+01,2.678500175476074219e+01,1.000000020040877343e+20,2.500500106811523438e+01,2.514800071716308594e+01,2.536000061035156250e+01,2.555500030517578125e+01,2.571300125122070312e+01,2.580500030517578125e+01,2.586500167846679688e+01,2.591800117492675781e+01,2.595000076293945312e+01,2.600800132751464844e+01,2.610000038146972656e+01,2.624800109863281250e+01,2.638500213623046875e+01,2.654800033569335938e+01,2.674500083923339844e+01,2.690500068664550781e+01,2.703800201416015625e+01,2.715000152587890625e+01,2.724500083923339844e+01,2.729000091552734375e+01,2.730000114440917969e+01,2.731000137329101562e+01,2.733500099182128906e+01,2.736800193786621094e+01,2.741800117492675781e+01,2.745500183105468750e+01,2.749800109863281250e+01,2.754000091552734375e+01,2.756000137329101562e+01,2.756000137329101562e+01,2.760000038146972656e+01,2.769000053405761719e+01,2.778500175476074219e+01,2.787800216674804688e+01,2.796500205993652344e+01,2.807300186157226562e+01,2.818800163269042969e+01,2.832300186157226562e+01,2.844800186157226562e+01,2.858500099182128906e+01,2.870500183105468750e+01,2.880500221252441406e+01,2.886500167846679688e+01,2.889500045776367188e+01,2.892500114440917969e+01,2.892300224304199219e+01,2.895800209045410156e+01,2.899800109863281250e+01,2.902500152587890625e+01,2.907300186157226562e+01,2.905500221252441406e+01,2.903300094604492188e+01,2.901800155639648438e+01,2.903300094604492188e+01,2.906300163269042969e+01,2.909500122070312500e+01,2.912300109863281250e+01,2.915500068664550781e+01,2.917500114440917969e+01,2.917800140380859375e+01,2.916800117492675781e+01,2.913800048828125000e+01,2.910300064086914062e+01,2.908000183105468750e+01,2.907300186157226562e+01,2.906000137329101562e+01,2.905500221252441406e+01,2.903500175476074219e+01,2.901000213623046875e+01,2.894800186157226562e+01,2.887300109863281250e+01,2.879800224304199219e+01,2.872000122070312500e+01,2.865500068664550781e+01,2.859000205993652344e+01,2.851500129699707031e+01,2.842800140380859375e+01,2.833800125122070312e+01,2.825500106811523438e+01,2.815500068664550781e+01,2.807000160217285156e+01,2.799500083923339844e+01,2.792300224304199219e+01,2.788800048828125000e+01,2.784500122070312500e+01,2.779300117492675781e+01,2.774300193786621094e+01,2.768300056457519531e+01,2.760000038146972656e+01,2.751000213623046875e+01,2.743000221252441406e+01,2.734000205993652344e+01,2.724500083923339844e+01,2.712800216674804688e+01,2.703800201416015625e+01,2.692300033569335938e+01,2.682800102233886719e+01,2.675500106811523438e+01,2.666000175476074219e+01,2.657000160217285156e+01,2.649000167846679688e+01,2.640000152587890625e+01,2.632300186157226562e+01,2.626000213623046875e+01,2.616800117492675781e+01,2.607000160217285156e+01,2.594300079345703125e+01,2.580800056457519531e+01,2.567800140380859375e+01,2.554800033569335938e+01,2.541000175476074219e+01,2.527300071716308594e+01,2.514300155639648438e+01,2.501800155639648438e+01,2.489500045776367188e+01,2.478300094604492188e+01,2.465800094604492188e+01,2.452500152587890625e+01,2.440500068664550781e+01,2.426800155639648438e+01,2.415300178527832031e+01,2.405300140380859375e+01,2.392300033569335938e+01,2.379000091552734375e+01,2.360300064086914062e+01,2.337500190734863281e+01,2.319300079345703125e+01,2.306000137329101562e+01,2.295800018310546875e+01,2.288300132751464844e+01,2.280500030517578125e+01,2.268800163269042969e+01,2.251000022888183594e+01,2.222800064086914062e+01,2.191300010681152344e+01,2.151300048828125000e+01,2.100500106811523438e+01,2.033300018310546875e+01,1.960000038146972656e+01,1.903300094604492188e+01,1.000000020040877343e+20,1.000000020040877343e+20,1.000000020040877343e+20,1.000000020040877343e+20,1.000000020040877343e+20,1.000000020040877343e+20,1.000000020040877343e+20,1.000000020040877343e+20,1.000000020040877343e+20,1.000000020040877343e+20,1.000000020040877343e+20,1.000000020040877343e+20,1.000000020040877343e+20,1.000000020040877343e+20,1.000000020040877343e+20,1.000000020040877343e+20,1.000000020040877343e+20,1.000000020040877343e+20,1.000000020040877343e+20,1.000000020040877343e+20,1.000000020040877343e+20,1.000000020040877343e+20,1.000000020040877343e+20,1.000000020040877343e+20,1.000000020040877343e+20,1.000000020040877343e+20,1.000000020040877343e+20,1.000000020040877343e+20,1.000000020040877343e+20,1.000000020040877343e+20,1.000000020040877343e+20,1.000000020040877343e+20,1.000000020040877343e+20,1.000000020040877343e+20,1.000000020040877343e+20,1.000000020040877343e+20,1.000000020040877343e+20,1.000000020040877343e+20,1.000000020040877343e+20,2.659300041198730469e+01,2.660000038146972656e+01,2.660500144958496094e+01,2.659300041198730469e+01,2.654800033569335938e+01,2.649000167846679688e+01,2.641000175476074219e+01,2.630800056457519531e+01,2.623300170898437500e+01,2.613000106811523438e+01,2.603500175476074219e+01,2.594800186157226562e+01,2.586000061035156250e+01,2.578800201416015625e+01,2.573000144958496094e+01,2.568300056457519531e+01,2.564000129699707031e+01,2.557800102233886719e+01,2.549500083923339844e+01,2.537300109863281250e+01,2.526500129699707031e+01,2.516000175476074219e+01,2.506300163269042969e+01,2.497000122070312500e+01,2.488300132751464844e+01,2.478000068664550781e+01,2.469000053405761719e+01,2.457000160217285156e+01,2.441300201416015625e+01,2.421500205993652344e+01,2.398800086975097656e+01,2.381500053405761719e+01,2.370000076293945312e+01,2.364000129699707031e+01,2.356000137329101562e+01,2.344300079345703125e+01,2.330000114440917969e+01,2.308000183105468750e+01
2.248800086975097656e+01,2.225000190734863281e+01,2.210300064086914062e+01,2.195300102233886719e+01,2.179300117492675781e+01,2.160500144958496094e+01,2.138000106811523438e+01,2.113000106811523438e+01,2.088800048828125000e+01,2.064500045776367188e+01,2.043000030517578125e+01,2.030300140380859375e+01,2.064300155639648438e+01,1.000000020040877343e+20,1.000000020040877343e+20,1.000000020040877343e+20,1.000000020040877343e+20,1.000000020040877343e+20,1.000000020040877343e+20,1.000000020040877343e+20,1.000000020040877343e+20,1.000000020040877343e+20,1.000000020040877343e+20,1.000000020040877343e+20,1.000000020040877343e+20,1.000000020040877343e+20,1.000000020040877343e+20,1.000000020040877343e+20,1.000000020040877343e+20,1.000000020040877343e+20,1.000000020040877343e+20,1.000000020040877343e+20,1.000000020040877343e+20,1.000000020040877343e+20,1.000000020040877343e+20,1.000000020040877343e+20,1.000000020040877343e+20,1.000000020040877343e+20,1.000000020040877343e+20,1.000000020040877343e+20,2.697000122070312500e+01,2.708000183105468750e+01,2.723300170898437500e+01,2.734000205993652344e+01,2.735300064086914062e+01,2.733800125122070312e+01,2.725300216674804688e+01,2.716300201416015625e+01,1.000000020040877343e+20,1.000000020040877343e+20,2.647300148010253906e+01,2.646800041198730469e+01,2.642300033569335938e+01,2.636000061035156250e+01,2.630500030517578125e+01,2.628000068664550781e+01,2.631500053405761719e+01,2.642000198364257812e+01,2.654500198364257812e+01,2.661000061035156250e+01,2.662000083923339844e+01,2.657300186157226562e+01,2.651000213623046875e+01,2.641300201416015625e+01,2.636000061035156250e+01,2.634000205993652344e+01,2.632800102233886719e+01,2.633000183105468750e+01,2.630500030517578125e+01,2.629500198364257812e+01,2.625800132751464844e+01,2.622300148010253906e+01,2.620800209045410156e+01,2.616800117492675781e+01,2.613000106811523438e+01,2.610000038146972656e+01,2.610000038146972656e+01,2.611500167846679688e+01,2.615000152587890625e+01,2.614000129699707031e+01,2.615000152587890625e+01,2.618300056457519531e+01,2.620000076293945312e+01,2.621000099182128906e+01,2.621000099182128906e+01,2.625000190734863281e+01,2.629300117492675781e+01,2.634800148010253906e+01,2.640800094604492188e+01,2.652800178527832031e+01,2.662800216674804688e+01,2.671800041198730469e+01,2.676000213623046875e+01,2.683000183105468750e+01,2.685800170898437500e+01,2.691500091552734375e+01,2.697300148010253906e+01,2.703300094604492188e+01,2.705500221252441406e+01,2.707500076293945312e+01,2.708800125122070312e+01,2.708300209045410156e+01,2.703000068664550781e+01,2.703800201416015625e+01,2.701300048828125000e+01,2.703800201416015625e+01,2.710500144958496094e+01,2.716800117492675781e+01,2.723300170898437500e+01,2.727500152587890625e+01,2.731800079345703125e+01,2.734800148010253906e+01,2.737300109863281250e+01,2.739800071716308594e+01,2.743300056457519531e+01,2.747300148010253906e+01,2.749500083923339844e+01,2.751300048828125000e+01,2.753000068664550781e+01,2.756800079345703125e+01,2.760800170898437500e+01,2.767500114440917969e+01,2.775000190734863281e+01,2.782000160217285156e+01,2.785800170898437500e+01,2.785500144958496094e+01,2.780800056457519531e+01,2.755800056457519531e+01,2.699500083923339844e+01,2.715000152587890625e+01,1.000000020040877343e+20,1.000000020040877343e+20,1.000000020040877343e+20,1.000000020040877343e+20,1.000000020040877343e+20,1.000000020040877343e+20,2.604500198364257812e+01,2.638500213623046875e+01,2.659800148010253906e+01,2.676300048828125000e+01,2.683800125122070312e+01,2.686300086975097656e+01,1.000000020040877343e+20,2.485000038146972656e+01,2.492500114440917969e+01,2.514800071716308594e+01,2.537000083923339844e+01,2.554800033569335938e+01,2.565800094604492188e+01,2.575500106811523438e+01,2.582500076293945312e+01,2.585300064086914062e+01,2.590000152587890625e+01,2.597000122070312500e+01,2.606500053405761719e+01,2.617300033569335938e+01,2.631300163269042969e+01,2.644800186157226562e+01,2.661800193786621094e+01,2.674300193786621094e+01,2.684000205993652344e+01,2.691500091552734375e+01,2.696500205993652344e+01,2.699500083923339844e+01,2.702500152587890625e+01,2.706300163269042969e+01,2.710500144958496094e+01,2.712500190734863281e+01,2.714300155639648438e+01,2.718000221252441406e+01,2.717300224304199219e+01,2.716800117492675781e+01,2.718000221252441406e+01,2.722300148010253906e+01,2.729800224304199219e+01,2.738300132751464844e+01,2.747500038146972656e+01,2.759500122070312500e+01,2.770500183105468750e+01,2.782500076293945312e+01,2.794000053405761719e+01,2.805000114440917969e+01,2.820300102233886719e+01,2.834000205993652344e+01,2.845800209045410156e+01,2.856000137329101562e+01,2.862800216674804688e+01,2.866500091552734375e+01,2.868300056457519531e+01,2.870000076293945312e+01,2.872000122070312500e+01,2.874300193786621094e+01,2.873500061035156250e+01,2.876300048828125000e+01,2.874500083923339844e+01,2.876300048828125000e+01,2.879000091552734375e+01,2.883500099182128906e+01,2.889000129699707031e+01,2.890300178527832031e+01,2.892300224304199219e+01,2.893000221252441406e+01,2.894000053405761719e+01,2.892000198364257812e+01,2.892300224304199219e+01,2.890500068664550781e+01,2.887800216674804688e+01,2.886300086975097656e+01,2.885300064086914062e+01,2.884500122070312500e+01,2.883500099182128906e+01,2.879300117492675781e+01,2.871500205993652344e+01,2.864800071716308594e+01,2.858300209045410156e+01,2.850500106811523438e+01,2.843800163269042969e+01,2.836300086975097656e+01,2.829300117492675781e+01,2.821300125122070312e+01,2.814300155639648438e+01,2.807500076293945312e+01,2.798800086975097656e+01,2.791500091552734375e+01,2.787500190734863281e+01,2.781500053405761719e+01,2.778800201416015625e+01,2.775500106811523438e+01,2.768500137329101562e+01,2.763000106811523438e+01,2.755500221252441406e+01,2.748800086975097656e+01,2.740800094604492188e+01,2.732800102233886719e+01,2.722800064086914062e+01,2.714800071716308594e+01,2.704800033569335938e+01,2.694800186157226562e+01,2.683000183105468750e+01,2.671300125122070312e+01,2.659800148010253906e+01,2.649000167846679688e+01,2.638300132751464844e+01,2.627500152587890625e+01,2.616800117492675781e+01,2.607800102233886719e+01,2.600300216674804688e+01,2.591300201416015625e+01,2.579000091552734375e+01,2.568300056457519531e+01,2.555300140380859375e+01,2.543000030517578125e+01,2.531500053405761719e+01,2.516000175476074219e+01,2.501000213623046875e+01,2.486300086975097656e+01,2.471300125122070312e+01,2.457300186157226562e+01,2.444300079345703125e+01,2.431000137329101562e+01,2.418500137329101562e+01,2.403800201416015625e+01,2.388500022888183594e+01,2.374000167846679688e+01,2.361000061035156250e+01,2.352800178527832031e+01,2.338300132751464844e+01,2.323000144958496094e+01,2.301800155639648438e+01,2.282500076293945312e+01,2.265500068664550781e+01,2.252800178527832031e+01,2.240800094604492188e+01,2.230300140380859375e+01,2.217500114440917969e+01,2.201800155639648438e+01,2.175000190734863281e+01,2.141300010681152344e+01,2.100300025939941406e+01,2.048000144958496094e+01,1.985800170898437500e+01,1.914800071716308594e+01,1.846500015258789062e+01,1.780500030517578125e+01,1.000000020040877343e+20,1.000000020040877343e+20,1.000000020040877343e+20,1.000000020040877343e+20,1.000000020040877343e+20,1.000000020040877343e+20,1.000000020040877343e+20,1.000000020040877343e+20,1.000000020040877343e+20,1.000000020040877343e+20,1.000000020040877343e+20,1.000000020040877343e+20,1.000000020040877343e+20,1.000000020040877343e+20,1.000000020040877343e+20,1.000000020040877343e+20,1.000000020040877343e+20,1.000000020040877343e+20,1.000000020040877343e+20,1.000000020040877343e+20,1.000000020040877343e+20,1.000000020040877343e+20,1.000000020040877343e+20,1.000000020040877343e+20,1.000000020040877343e+20,1.000000020040877343e+20,1.000000020040877343e+20,1.000000020040877343e+20,1.000000020040877343e+20,1.000000020040877343e+20,1.000000020040877343e+20,1.000000020040877343e+20,1.000000020040877343e+20,1.000000020040877343e+20,1.000000020040877343e+20,1.000000020040877343e+20,1.000000020040877343e+20,2.647800064086914062e+01,2.653300094604492188e+01,2.654300117492675781e+01,2.654000091552734375e+01,2.650800132751464844e+01,2.644000053405761719e+01,2.633800125122070312e+01,2.622300148010253906e+01,2.610300064086914062e+01,2.597500038146972656e+01,2.585500144958496094e+01,2.573000144958496094e+01,2.561800193786621094e+01,2.553300094604492188e+01,2.544300079345703125e+01,2.535800170898437500e+01,2.530800056457519531e+01,2.523300170898437500e+01,2.519000053405761719e+01,2.510800170898437500e+01,2.501300048828125000e+01,2.491000175476074219e+01,2.479300117492675781e+01,2.466500091552734375e+01,2.455000114440917969e+01,2.444500160217285156e+01,2.434300041198730469e+01,2.424300193786621094e+01,2.415800094604492188e+01,2.401500129699707031e+01,2.381300163269042969e+01,2.360500144958496094e+01,2.341300201416015625e+01,2.327000045776367188e+01,2.317300033569335938e+01,2.310000038146972656e+01,2.300500106811523438e+01,2.290300178527832031e+01,2.269500160217285156e+01
2.210800170898437500e+01,2.186800193786621094e+01,2.172500038146972656e+01,2.156800079345703125e+01,2.137300109863281250e+01,2.112500190734863281e+01,2.082500076293945312e+01,2.046000099182128906e+01,2.005800056457519531e+01,1.963500022888183594e+01,1.925800132751464844e+01,1.899300003051757812e+01,1.000000020040877343e+20,1.000000020040877343e+20,1.000000020040877343e+20,1.000000020040877343e+20,1.000000020040877343e+20,1.000000020040877343e+20,1.000000020040877343e+20,1.000000020040877343e+20,1.000000020040877343e+20,1.000000020040877343e+20,1.000000020040877343e+20,1.000000020040877343e+20,1.000000020040877343e+20,1.000000020040877343e+20,1.000000020040877343e+20,1.000000020040877343e+20,1.000000020040877343e+20,1.000000020040877343e+20,1.000000020040877343e+20,1.000000020040877343e+20,1.000000020040877343e+20,1.000000020040877343e+20,1.000000020040877343e+20,1.000000020040877343e+20,1.000000020040877343e+20,1.000000020040877343e+20,1.000000020040877343e+20,1.000000020040877343e+20,2.684500122070312500e+01,2.695300102233886719e+01,2.712300109863281250e+01,2.723300170898437500e+01,2.726800155639648438e+01,2.721800041198730469e+01,2.714800071716308594e+01,2.715000152587890625e+01,1.000000020040877343e+20,1.000000020040877343e+20,2.627300071716308594e+01,2.627800178527832031e+01,2.623000144958496094e+01,2.617500114440917969e+01,2.611500167846679688e+01,2.610000038146972656e+01,2.616000175476074219e+01,2.622800064086914062e+01,2.634500122070312500e+01,2.637800216674804688e+01,2.636000061035156250e+01,2.630500030517578125e+01,2.621800041198730469e+01,2.617300033569335938e+01,2.614300155639648438e+01,2.614500045776367188e+01,2.615000152587890625e+01,2.614000129699707031e+01,2.609500122070312500e+01,2.605300140380859375e+01,2.601500129699707031e+01,2.599300193786621094e+01,2.596300125122070312e+01,2.592500114440917969e+01,2.589500045776367188e+01,2.588800048828125000e+01,2.589000129699707031e+01,2.590800094604492188e+01,2.590000152587890625e+01,2.588500213623046875e+01,2.588000106811523438e+01,2.588000106811523438e+01,2.591000175476074219e+01,2.590300178527832031e+01,2.593500137329101562e+01,2.597300148010253906e+01,2.601300048828125000e+01,2.603500175476074219e+01,2.606500053405761719e+01,2.609800148010253906e+01,2.615800094604492188e+01,2.622000122070312500e+01,2.626000213623046875e+01,2.629500198364257812e+01,2.631300163269042969e+01,2.634800148010253906e+01,2.642800140380859375e+01,2.649300193786621094e+01,2.655000114440917969e+01,2.656800079345703125e+01,2.661300086975097656e+01,2.661800193786621094e+01,2.663000106811523438e+01,2.665500068664550781e+01,2.669800186157226562e+01,2.676000213623046875e+01,2.686800193786621094e+01,2.693000221252441406e+01,2.698500061035156250e+01,2.701500129699707031e+01,2.704500198364257812e+01,2.706000137329101562e+01,2.710000038146972656e+01,2.714000129699707031e+01,2.719800186157226562e+01,2.729000091552734375e+01,2.737500190734863281e+01,2.743000221252441406e+01,2.748800086975097656e+01,2.756000137329101562e+01,2.762800216674804688e+01,2.766300201416015625e+01,2.768800163269042969e+01,2.770800209045410156e+01,2.770000076293945312e+01,2.778300094604492188e+01,1.000000020040877343e+20,1.000000020040877343e+20,2.657500076293945312e+01,1.000000020040877343e+20,1.000000020040877343e+20,1.000000020040877343e+20,1.000000020040877343e+20,1.000000020040877343e+20,1.000000020040877343e+20,1.000000020040877343e+20,2.568000030517578125e+01,2.585800170898437500e+01,2.611300086975097656e+01,2.633800125122070312e+01,2.649000167846679688e+01,2.655800056457519531e+01,1.000000020040877343e+20,1.000000020040877343e+20,2.475800132751464844e+01,2.482500076293945312e+01,2.504300117492675781e+01,2.525800132751464844e+01,2.541300201416015625e+01,2.552800178527832031e+01,2.560500144958496094e+01,2.566300201416015625e+01,2.572000122070312500e+01,2.579300117492675781e+01,2.585000038146972656e+01,2.591000175476074219e+01,2.599300193786621094e+01,2.610500144958496094e+01,2.624000167846679688e+01,2.635500144958496094e+01,2.645000076293945312e+01,2.651000213623046875e+01,2.654500198364257812e+01,2.660000038146972656e+01,2.664500045776367188e+01,2.669800186157226562e+01,2.674500083923339844e+01,2.679500198364257812e+01,2.682300186157226562e+01,2.683000183105468750e+01,2.682500076293945312e+01,2.684000205993652344e+01,2.685800170898437500e+01,2.688500213623046875e+01,2.694500160217285156e+01,2.703000068664550781e+01,2.710300064086914062e+01,2.720000076293945312e+01,2.729000091552734375e+01,2.737800216674804688e+01,2.750500106811523438e+01,2.762000083923339844e+01,2.776000213623046875e+01,2.790800094604492188e+01,2.804800224304199219e+01,2.820300102233886719e+01,2.828000068664550781e+01,2.834500122070312500e+01,2.840800094604492188e+01,2.839500045776367188e+01,2.840800094604492188e+01,2.840500068664550781e+01,2.839500045776367188e+01,2.839500045776367188e+01,2.841300201416015625e+01,2.844500160217285156e+01,2.849000167846679688e+01,2.854800224304199219e+01,2.860800170898437500e+01,2.863000106811523438e+01,2.863800048828125000e+01,2.862500190734863281e+01,2.864300155639648438e+01,2.865500068664550781e+01,2.866800117492675781e+01,2.867500114440917969e+01,2.865500068664550781e+01,2.863500213623046875e+01,2.862800216674804688e+01,2.862000083923339844e+01,2.859300041198730469e+01,2.856000137329101562e+01,2.849500083923339844e+01,2.844300079345703125e+01,2.837500190734863281e+01,2.829500198364257812e+01,2.820300102233886719e+01,2.812500190734863281e+01,2.807000160217285156e+01,2.798500061035156250e+01,2.791300201416015625e+01,2.787300109863281250e+01,2.782300186157226562e+01,2.777300071716308594e+01,2.774500083923339844e+01,2.772800064086914062e+01,2.769500160217285156e+01,2.765500068664550781e+01,2.760300064086914062e+01,2.753300094604492188e+01,2.747300148010253906e+01,2.738300132751464844e+01,2.732500076293945312e+01,2.725000190734863281e+01,2.716000175476074219e+01,2.706300163269042969e+01,2.695500183105468750e+01,2.684000205993652344e+01,2.672800064086914062e+01,2.660500144958496094e+01,2.647500038146972656e+01,2.634800148010253906e+01,2.621000099182128906e+01,2.609500122070312500e+01,2.598500061035156250e+01,2.586000061035156250e+01,2.575300216674804688e+01,2.564500045776367188e+01,2.554800033569335938e+01,2.542800140380859375e+01,2.531800079345703125e+01,2.519300079345703125e+01,2.505300140380859375e+01,2.489500045776367188e+01,2.473000144958496094e+01,2.457300186157226562e+01,2.441500091552734375e+01,2.426300048828125000e+01,2.411800193786621094e+01,2.398500061035156250e+01,2.385800170898437500e+01,2.371800041198730469e+01,2.354800033569335938e+01,2.339300155639648438e+01,2.327300071716308594e+01,2.316800117492675781e+01,2.303300094604492188e+01,2.288000106811523438e+01,2.270300102233886719e+01,2.250300025939941406e+01,2.230800056457519531e+01,2.214800071716308594e+01,2.201000022888183594e+01,2.188300132751464844e+01,2.173300170898437500e+01,2.155500030517578125e+01,2.133000183105468750e+01,2.100300025939941406e+01,2.058300018310546875e+01,2.008500099182128906e+01,1.950300025939941406e+01,1.883300018310546875e+01,1.812800025939941406e+01,1.767300033569335938e+01,1.000000020040877343e+20,1.000000020040877343e+20,1.000000020040877343e+20,1.000000020040877343e+20,1.000000020040877343e+20,1.000000020040877343e+20,1.000000020040877343e+20,1.000000020040877343e+20,1.000000020040877343e+20,1.000000020040877343e+20,1.000000020040877343e+20,1.000000020040877343e+20,1.000000020040877343e+20,1.000000020040877343e+20,1.000000020040877343e+20,1.000000020040877343e+20,1.000000020040877343e+20,1.000000020040877343e+20,1.000000020040877343e+20,1.000000020040877343e+20,1.000000020040877343e+20,1.000000020040877343e+20,1.000000020040877343e+20,1.000000020040877343e+20,1.000000020040877343e+20,1.000000020040877343e+20,1.000000020040877343e+20,1.000000020040877343e+20,1.000000020040877343e+20,1.000000020040877343e+20,1.000000020040877343e+20,1.000000020040877343e+20,1.000000020040877343e+20,1.000000020040877343e+20,1.000000020040877343e+20,1.000000020040877343e+20,1.000000020040877343e+20,2.640300178527832031e+01,2.643000030517578125e+01,2.644800186157226562e+01,2.646000099182128906e+01,2.642800140380859375e+01,2.634800148010253906e+01,2.624000167846679688e+01,2.610500144958496094e+01,2.595000076293945312e+01,2.580000114440917969e+01,2.565300178527832031e+01,2.550300025939941406e+01,2.539000129699707031e+01,2.527500152587890625e+01,2.517800140380859375e+01,2.506000137329101562e+01,2.498000144958496094e+01,2.488000106811523438e+01,2.481000137329101562e+01,2.472300148010253906e+01,2.463300132751464844e+01,2.454000091552734375e+01,2.440800094604492188e+01,2.430300140380859375e+01,2.418300056457519531e+01,2.404800033569335938e+01,2.393500137329101562e+01,2.381500053405761719e+01,2.376800155639648438e+01,2.364000129699707031e+01,2.346800041198730469e+01,2.327300071716308594e+01,2.308000183105468750e+01,2.291000175476074219e+01,2.277300071716308594e+01,2.269000053405761719e+01,2.261800193786621094e+01,2.252800178527832031e+01,2.233000183105468750e+01
2.177500152587890625e+01,2.154500007629394531e+01,2.141300010681152344e+01,2.121800041198730469e+01,2.100300025939941406e+01,2.071300125122070312e+01,2.031800079345703125e+01,1.982300186157226562e+01,1.928000068664550781e+01,1.866500091552734375e+01,1.807800102233886719e+01,1.768300056457519531e+01,1.000000020040877343e+20,1.000000020040877343e+20,1.000000020040877343e+20,1.000000020040877343e+20,1.000000020040877343e+20,1.000000020040877343e+20,1.000000020040877343e+20,1.000000020040877343e+20,1.000000020040877343e+20,1.000000020040877343e+20,1.000000020040877343e+20,1.000000020040877343e+20,1.000000020040877343e+20,1.000000020040877343e+20,1.000000020040877343e+20,1.000000020040877343e+20,1.000000020040877343e+20,1.000000020040877343e+20,1.000000020040877343e+20,1.000000020040877343e+20,1.000000020040877343e+20,1.000000020040877343e+20,1.000000020040877343e+20,1.000000020040877343e+20,1.000000020040877343e+20,1.000000020040877343e+20,1.000000020040877343e+20,1.000000020040877343e+20,2.677800178527832031e+01,2.689000129699707031e+01,2.701500129699707031e+01,2.709300041198730469e+01,2.710300064086914062e+01,2.714500045776367188e+01,2.707300186157226562e+01,1.000000020040877343e+20,1.000000020040877343e+20,1.000000020040877343e+20,2.607500076293945312e+01,2.608300209045410156e+01,2.603800201416015625e+01,2.599300193786621094e+01,2.598300170898437500e+01,2.599300193786621094e+01,2.601800155639648438e+01,2.609000205993652344e+01,2.610500144958496094e+01,2.610000038146972656e+01,2.602500152587890625e+01,2.596000099182128906e+01,2.591300201416015625e+01,2.591000175476074219e+01,2.593300056457519531e+01,2.594300079345703125e+01,2.598300170898437500e+01,2.596500205993652344e+01,2.592000198364257812e+01,2.586000061035156250e+01,2.582000160217285156e+01,2.579300117492675781e+01,2.577500152587890625e+01,2.575800132751464844e+01,2.573800086975097656e+01,2.570000076293945312e+01,2.566000175476074219e+01,2.564300155639648438e+01,2.564800071716308594e+01,2.564300155639648438e+01,2.562000083923339844e+01,2.560800170898437500e+01,2.559800148010253906e+01,2.559500122070312500e+01,2.561800193786621094e+01,2.564500045776367188e+01,2.567000198364257812e+01,2.567300033569335938e+01,2.567300033569335938e+01,2.566800117492675781e+01,2.569300079345703125e+01,2.572800064086914062e+01,2.575500106811523438e+01,2.575000190734863281e+01,2.576000213623046875e+01,2.578500175476074219e+01,2.584000205993652344e+01,2.591500091552734375e+01,2.597500038146972656e+01,2.605500030517578125e+01,2.612800216674804688e+01,2.618500137329101562e+01,2.622800064086914062e+01,2.628300094604492188e+01,2.636500167846679688e+01,2.645000076293945312e+01,2.656800079345703125e+01,2.666000175476074219e+01,2.671000099182128906e+01,2.674000167846679688e+01,2.674800109863281250e+01,2.676000213623046875e+01,2.680300140380859375e+01,2.687800216674804688e+01,2.697800064086914062e+01,2.712000083923339844e+01,2.722800064086914062e+01,2.730800056457519531e+01,2.738800048828125000e+01,2.746800041198730469e+01,2.749300193786621094e+01,2.751300048828125000e+01,2.752000045776367188e+01,2.754000091552734375e+01,2.764000129699707031e+01,1.000000020040877343e+20,1.000000020040877343e+20,1.000000020040877343e+20,1.000000020040877343e+20,1.000000020040877343e+20,1.000000020040877343e+20,1.000000020040877343e+20,1.000000020040877343e+20,1.000000020040877343e+20,1.000000020040877343e+20,1.000000020040877343e+20,2.533000183105468750e+01,2.547300148010253906e+01,2.531500053405761719e+01,2.547300148010253906e+01,2.561800193786621094e+01,2.622300148010253906e+01,1.000000020040877343e+20,1.000000020040877343e+20,1.000000020040877343e+20,2.449500083923339844e+01,2.465300178527832031e+01,2.486800193786621094e+01,2.504500198364257812e+01,2.518500137329101562e+01,2.530300140380859375e+01,2.541800117492675781e+01,2.547000122070312500e+01,2.552000045776367188e+01,2.553800201416015625e+01,2.557000160217285156e+01,2.559300041198730469e+01,2.567000198364257812e+01,2.575800132751464844e+01,2.585800170898437500e+01,2.592300033569335938e+01,2.600800132751464844e+01,2.606500053405761719e+01,2.611800193786621094e+01,2.618800163269042969e+01,2.625300216674804688e+01,2.633300209045410156e+01,2.640300178527832031e+01,2.645000076293945312e+01,2.647800064086914062e+01,2.649800109863281250e+01,2.651800155639648438e+01,2.655300140380859375e+01,2.658500099182128906e+01,2.660000038146972656e+01,2.664000129699707031e+01,2.670300102233886719e+01,2.679500198364257812e+01,2.683800125122070312e+01,2.690500068664550781e+01,2.700300216674804688e+01,2.712300109863281250e+01,2.726500129699707031e+01,2.740500068664550781e+01,2.755300140380859375e+01,2.769500160217285156e+01,2.782000160217285156e+01,2.790500068664550781e+01,2.797000122070312500e+01,2.800800132751464844e+01,2.802300071716308594e+01,2.802500152587890625e+01,2.801300048828125000e+01,2.805000114440917969e+01,2.810000038146972656e+01,2.812300109863281250e+01,2.815300178527832031e+01,2.820000076293945312e+01,2.824300193786621094e+01,2.825300216674804688e+01,2.827300071716308594e+01,2.829800224304199219e+01,2.829800224304199219e+01,2.832000160217285156e+01,2.835800170898437500e+01,2.837000083923339844e+01,2.836800193786621094e+01,2.838300132751464844e+01,2.836000061035156250e+01,2.834300041198730469e+01,2.831500053405761719e+01,2.827300071716308594e+01,2.824800109863281250e+01,2.821300125122070312e+01,2.815800094604492188e+01,2.807500076293945312e+01,2.799000167846679688e+01,2.790500068664550781e+01,2.784800148010253906e+01,2.779300117492675781e+01,2.773800086975097656e+01,2.769800186157226562e+01,2.767000198364257812e+01,2.764500045776367188e+01,2.762300109863281250e+01,2.758000183105468750e+01,2.756000137329101562e+01,2.754000091552734375e+01,2.749000167846679688e+01,2.743500137329101562e+01,2.737000083923339844e+01,2.731000137329101562e+01,2.725300216674804688e+01,2.716800117492675781e+01,2.707800102233886719e+01,2.697000122070312500e+01,2.683800125122070312e+01,2.671800041198730469e+01,2.660500144958496094e+01,2.647500038146972656e+01,2.635000038146972656e+01,2.621800041198730469e+01,2.606500053405761719e+01,2.594000053405761719e+01,2.579500198364257812e+01,2.565500068664550781e+01,2.553500175476074219e+01,2.543300056457519531e+01,2.534300041198730469e+01,2.524500083923339844e+01,2.513300132751464844e+01,2.498000144958496094e+01,2.482800102233886719e+01,2.465500068664550781e+01,2.446800041198730469e+01,2.429300117492675781e+01,2.413000106811523438e+01,2.397500038146972656e+01,2.382800102233886719e+01,2.368500137329101562e+01,2.355800056457519531e+01,2.341000175476074219e+01,2.323300170898437500e+01,2.307000160217285156e+01,2.293800163269042969e+01,2.282800102233886719e+01,2.272300148010253906e+01,2.259500122070312500e+01,2.242800140380859375e+01,2.224000167846679688e+01,2.205800056457519531e+01,2.188300132751464844e+01,2.171000099182128906e+01,2.155800056457519531e+01,2.138500022888183594e+01,2.122300148010253906e+01,2.100500106811523438e+01,2.071300125122070312e+01,2.032000160217285156e+01,1.987000083923339844e+01,1.937800025939941406e+01,1.882299995422363281e+01,1.823500061035156250e+01,1.782800102233886719e+01,1.773300170898437500e+01,1.000000020040877343e+20,1.000000020040877343e+20,1.000000020040877343e+20,1.000000020040877343e+20,1.000000020040877343e+20,1.000000020040877343e+20,1.000000020040877343e+20,1.000000020040877343e+20,1.000000020040877343e+20,1.000000020040877343e+20,1.000000020040877343e+20,1.000000020040877343e+20,1.000000020040877343e+20,1.000000020040877343e+20,1.000000020040877343e+20,1.000000020040877343e+20,1.000000020040877343e+20,1.000000020040877343e+20,1.000000020040877343e+20,1.000000020040877343e+20,1.000000020040877343e+20,1.000000020040877343e+20,1.000000020040877343e+20,1.000000020040877343e+20,1.000000020040877343e+20,1.000000020040877343e+20,1.000000020040877343e+20,1.000000020040877343e+20,1.000000020040877343e+20,1.000000020040877343e+20,1.000000020040877343e+20,1.000000020040877343e+20,1.000000020040877343e+20,1.000000020040877343e+20,1.000000020040877343e+20,1.000000020040877343e+20,2.624000167846679688e+01,2.629300117492675781e+01,2.634500122070312500e+01,2.637500190734863281e+01,2.634800148010253906e+01,2.627500152587890625e+01,2.617000198364257812e+01,2.605000114440917969e+01,2.588000106811523438e+01,2.570800209045410156e+01,2.552800178527832031e+01,2.534800148010253906e+01,2.521300125122070312e+01,2.509300041198730469e+01,2.496000099182128906e+01,2.484300041198730469e+01,2.470500183105468750e+01,2.458300209045410156e+01,2.445300102233886719e+01,2.435800170898437500e+01,2.429800033569335938e+01,2.421500205993652344e+01,2.413000106811523438e+01,2.401800155639648438e+01,2.388300132751464844e+01,2.373000144958496094e+01,2.361300086975097656e+01,2.352000045776367188e+01,2.342000198364257812e+01,2.334000205993652344e+01,2.319800186157226562e+01,2.301300048828125000e+01,2.282000160217285156e+01,2.264800071716308594e+01,2.248300170898437500e+01,2.237300109863281250e+01,2.228000068664550781e+01,2.221300125122070312e+01,2.201300048828125000e+01
2.157800102233886719e+01,2.137800025939941406e+01,2.120000076293945312e+01,2.100800132751464844e+01,2.072500038146972656e+01,2.040000152587890625e+01,1.996500015258789062e+01,1.938800048828125000e+01,1.870000076293945312e+01,1.789500045776367188e+01,1.708500099182128906e+01,1.655300140380859375e+01,1.000000020040877343e+20,1.000000020040877343e+20,1.000000020040877343e+20,1.000000020040877343e+20,1.000000020040877343e+20,1.000000020040877343e+20,1.000000020040877343e+20,1.000000020040877343e+20,1.000000020040877343e+20,1.000000020040877343e+20,1.000000020040877343e+20,1.000000020040877343e+20,1.000000020040877343e+20,1.000000020040877343e+20,1.000000020040877343e+20,1.000000020040877343e+20,1.000000020040877343e+20,1.000000020040877343e+20,1.000000020040877343e+20,1.000000020040877343e+20,1.000000020040877343e+20,1.000000020040877343e+20,1.000000020040877343e+20,1.000000020040877343e+20,1.000000020040877343e+20,1.000000020040877343e+20,1.000000020040877343e+20,2.666000175476074219e+01,2.679300117492675781e+01,2.690000152587890625e+01,2.698000144958496094e+01,2.698800086975097656e+01,2.703800201416015625e+01,1.000000020040877343e+20,1.000000020040877343e+20,1.000000020040877343e+20,1.000000020040877343e+20,1.000000020040877343e+20,2.591500091552734375e+01,2.592300033569335938e+01,2.589500045776367188e+01,2.591800117492675781e+01,2.590800094604492188e+01,2.589800071716308594e+01,2.588300132751464844e+01,2.587300109863281250e+01,2.582300186157226562e+01,2.579300117492675781e+01,2.570300102233886719e+01,2.564000129699707031e+01,2.562500190734863281e+01,2.564300155639648438e+01,2.567300033569335938e+01,2.571300125122070312e+01,2.572500038146972656e+01,2.573500061035156250e+01,2.573300170898437500e+01,2.567500114440917969e+01,2.562500190734863281e+01,2.560300064086914062e+01,2.561800193786621094e+01,2.560300064086914062e+01,2.558300209045410156e+01,2.551500129699707031e+01,2.544800186157226562e+01,2.541800117492675781e+01,2.539800071716308594e+01,2.538500213623046875e+01,2.535500144958496094e+01,2.530000114440917969e+01,2.527300071716308594e+01,2.523500061035156250e+01,2.522800064086914062e+01,2.525300025939941406e+01,2.525000190734863281e+01,2.525800132751464844e+01,2.524000167846679688e+01,2.523500061035156250e+01,2.524500083923339844e+01,2.524800109863281250e+01,2.526300048828125000e+01,2.525300025939941406e+01,2.525300025939941406e+01,2.526000213623046875e+01,2.530000114440917969e+01,2.538800048828125000e+01,2.549800109863281250e+01,2.559800148010253906e+01,2.572800064086914062e+01,2.581300163269042969e+01,2.586300086975097656e+01,2.593800163269042969e+01,2.601500129699707031e+01,2.611000061035156250e+01,2.621000099182128906e+01,2.632000160217285156e+01,2.637300109863281250e+01,2.640500068664550781e+01,2.644500160217285156e+01,2.650800132751464844e+01,2.660000038146972656e+01,2.673500061035156250e+01,2.683000183105468750e+01,2.692300033569335938e+01,2.702500152587890625e+01,2.711000061035156250e+01,2.718300056457519531e+01,2.723800086975097656e+01,2.723800086975097656e+01,2.722500038146972656e+01,2.742800140380859375e+01,2.743300056457519531e+01,1.000000020040877343e+20,1.000000020040877343e+20,1.000000020040877343e+20,1.000000020040877343e+20,1.000000020040877343e+20,1.000000020040877343e+20,1.000000020040877343e+20,1.000000020040877343e+20,1.000000020040877343e+20,1.000000020040877343e+20,1.000000020040877343e+20,1.000000020040877343e+20,1.000000020040877343e+20,1.000000020040877343e+20,2.468000030517578125e+01,2.429500198364257812e+01,2.436500167846679688e+01,1.000000020040877343e+20,1.000000020040877343e+20,1.000000020040877343e+20,1.000000020040877343e+20,2.431000137329101562e+01,2.426000022888183594e+01,2.445000076293945312e+01,2.467500114440917969e+01,2.487300109863281250e+01,2.503300094604492188e+01,2.514000129699707031e+01,2.520300102233886719e+01,2.519300079345703125e+01,2.517000198364257812e+01,2.515300178527832031e+01,2.512500190734863281e+01,2.516500091552734375e+01,2.522000122070312500e+01,2.529000091552734375e+01,2.538800048828125000e+01,2.546500205993652344e+01,2.554300117492675781e+01,2.564300155639648438e+01,2.573300170898437500e+01,2.580300140380859375e+01,2.588300132751464844e+01,2.595000076293945312e+01,2.600800132751464844e+01,2.603800201416015625e+01,2.608300209045410156e+01,2.614800071716308594e+01,2.620000076293945312e+01,2.620500183105468750e+01,2.621000099182128906e+01,2.620800209045410156e+01,2.624300193786621094e+01,2.628500175476074219e+01,2.633800125122070312e+01,2.639000129699707031e+01,2.650000190734863281e+01,2.662800216674804688e+01,2.674500083923339844e+01,2.689000129699707031e+01,2.698800086975097656e+01,2.713300132751464844e+01,2.724800109863281250e+01,2.736300086975097656e+01,2.744500160217285156e+01,2.752000045776367188e+01,2.754300117492675781e+01,2.758500099182128906e+01,2.762500190734863281e+01,2.767300224304199219e+01,2.770500183105468750e+01,2.773300170898437500e+01,2.773500061035156250e+01,2.776000213623046875e+01,2.777000045776367188e+01,2.779500198364257812e+01,2.783500099182128906e+01,2.786500167846679688e+01,2.789800071716308594e+01,2.793000221252441406e+01,2.797500038146972656e+01,2.800000190734863281e+01,2.800000190734863281e+01,2.800800132751464844e+01,2.800000190734863281e+01,2.799000167846679688e+01,2.795500183105468750e+01,2.793300056457519531e+01,2.791000175476074219e+01,2.790300178527832031e+01,2.786300086975097656e+01,2.781800079345703125e+01,2.775500106811523438e+01,2.768800163269042969e+01,2.764300155639648438e+01,2.758800125122070312e+01,2.756500053405761719e+01,2.753500175476074219e+01,2.752000045776367188e+01,2.750300216674804688e+01,2.749300193786621094e+01,2.745500183105468750e+01,2.741500091552734375e+01,2.738000106811523438e+01,2.733500099182128906e+01,2.729300117492675781e+01,2.723800086975097656e+01,2.718000221252441406e+01,2.710300064086914062e+01,2.702800178527832031e+01,2.692800140380859375e+01,2.680500221252441406e+01,2.668000221252441406e+01,2.655800056457519531e+01,2.646000099182128906e+01,2.634300041198730469e+01,2.623000144958496094e+01,2.610800170898437500e+01,2.597800064086914062e+01,2.582000160217285156e+01,2.567300033569335938e+01,2.551500129699707031e+01,2.538800048828125000e+01,2.527000045776367188e+01,2.517300033569335938e+01,2.505300140380859375e+01,2.492300033569335938e+01,2.478300094604492188e+01,2.461500167846679688e+01,2.443000030517578125e+01,2.424000167846679688e+01,2.406500053405761719e+01,2.389500045776367188e+01,2.374000167846679688e+01,2.358300018310546875e+01,2.343500137329101562e+01,2.328800201416015625e+01,2.313300132751464844e+01,2.297300148010253906e+01,2.281300163269042969e+01,2.267000198364257812e+01,2.254300117492675781e+01,2.243500137329101562e+01,2.230800056457519531e+01,2.216800117492675781e+01,2.198500061035156250e+01,2.179800033569335938e+01,2.162000083923339844e+01,2.144000053405761719e+01,2.126500129699707031e+01,2.111300086975097656e+01,2.094000053405761719e+01,2.073000144958496094e+01,2.046300125122070312e+01,2.013300132751464844e+01,1.977300071716308594e+01,1.939000129699707031e+01,1.899300003051757812e+01,1.857500076293945312e+01,1.826800155639648438e+01,1.804800033569335938e+01,1.797500038146972656e+01,1.787800025939941406e+01,1.000000020040877343e+20,1.000000020040877343e+20,1.000000020040877343e+20,1.000000020040877343e+20,1.000000020040877343e+20,1.000000020040877343e+20,1.000000020040877343e+20,1.000000020040877343e+20,1.000000020040877343e+20,1.000000020040877343e+20,1.000000020040877343e+20,1.000000020040877343e+20,1.000000020040877343e+20,1.000000020040877343e+20,1.000000020040877343e+20,1.000000020040877343e+20,1.000000020040877343e+20,1.000000020040877343e+20,1.000000020040877343e+20,1.000000020040877343e+20,1.000000020040877343e+20,1.000000020040877343e+20,1.000000020040877343e+20,1.000000020040877343e+20,1.000000020040877343e+20,1.000000020040877343e+20,1.000000020040877343e+20,1.000000020040877343e+20,1.000000020040877343e+20,1.000000020040877343e+20,1.000000020040877343e+20,1.000000020040877343e+20,1.000000020040877343e+20,1.000000020040877343e+20,2.604000091552734375e+01,2.612000083923339844e+01,2.622300148010253906e+01,2.626800155639648438e+01,2.625500106811523438e+01,2.617300033569335938e+01,2.609800148010253906e+01,2.598500061035156250e+01,2.582800102233886719e+01,2.566300201416015625e+01,2.547300148010253906e+01,2.528300094604492188e+01,2.511300086975097656e+01,2.496300125122070312e+01,2.482000160217285156e+01,2.469800186157226562e+01,2.454300117492675781e+01,2.438000106811523438e+01,2.423500061035156250e+01,2.411800193786621094e+01,2.403500175476074219e+01,2.397500038146972656e+01,2.389500045776367188e+01,2.379300117492675781e+01,2.368500137329101562e+01,2.352800178527832031e+01,2.339800071716308594e+01,2.326800155639648438e+01,2.317500114440917969e+01,2.306500053405761719e+01,2.293800163269042969e+01,2.276800155639648438e+01,2.261800193786621094e+01,2.245300102233886719e+01,2.229300117492675781e+01,2.218500137329101562e+01,2.206500053405761719e+01,2.198000144958496094e+01,2.178500175476074219e+01
2.144800186157226562e+01,2.127300071716308594e+01,2.110500144958496094e+01,2.089500045776367188e+01,2.060800170898437500e+01,2.023300170898437500e+01,1.975000000000000000e+01,1.912800025939941406e+01,1.837300109863281250e+01,1.744500160217285156e+01,1.644300079345703125e+01,1.573000049591064453e+01,1.000000020040877343e+20,1.000000020040877343e+20,1.000000020040877343e+20,1.000000020040877343e+20,1.000000020040877343e+20,1.000000020040877343e+20,1.000000020040877343e+20,1.000000020040877343e+20,1.000000020040877343e+20,1.000000020040877343e+20,1.000000020040877343e+20,1.000000020040877343e+20,1.000000020040877343e+20,1.000000020040877343e+20,1.000000020040877343e+20,1.000000020040877343e+20,1.000000020040877343e+20,1.000000020040877343e+20,1.000000020040877343e+20,1.000000020040877343e+20,1.000000020040877343e+20,1.000000020040877343e+20,1.000000020040877343e+20,1.000000020040877343e+20,1.000000020040877343e+20,1.000000020040877343e+20,2.647000122070312500e+01,2.667000198364257812e+01,2.680500221252441406e+01,2.689800071716308594e+01,2.694300079345703125e+01,2.693800163269042969e+01,1.000000020040877343e+20,1.000000020040877343e+20,1.000000020040877343e+20,1.000000020040877343e+20,1.000000020040877343e+20,2.574500083923339844e+01,2.582000160217285156e+01,2.583800125122070312e+01,2.585800170898437500e+01,2.584800148010253906e+01,2.582800102233886719e+01,2.574800109863281250e+01,2.566500091552734375e+01,2.557500076293945312e+01,2.548300170898437500e+01,2.542800140380859375e+01,2.538000106811523438e+01,2.535500144958496094e+01,2.536000061035156250e+01,2.538800048828125000e+01,2.543000030517578125e+01,2.544500160217285156e+01,2.544500160217285156e+01,2.545300102233886719e+01,2.544300079345703125e+01,2.542500114440917969e+01,2.538300132751464844e+01,2.536500167846679688e+01,2.537300109863281250e+01,2.540000152587890625e+01,2.536500167846679688e+01,2.529500198364257812e+01,2.520300102233886719e+01,2.515300178527832031e+01,2.509800148010253906e+01,2.509000205993652344e+01,2.504000091552734375e+01,2.497300148010253906e+01,2.490800094604492188e+01,2.484800148010253906e+01,2.480800056457519531e+01,2.477800178527832031e+01,2.476800155639648438e+01,2.475300025939941406e+01,2.474300193786621094e+01,2.474300193786621094e+01,2.474800109863281250e+01,2.476800155639648438e+01,2.479500198364257812e+01,2.480800056457519531e+01,2.479800033569335938e+01,2.483300209045410156e+01,2.489300155639648438e+01,2.499300193786621094e+01,2.512800025939941406e+01,2.523000144958496094e+01,2.536800193786621094e+01,2.545300102233886719e+01,2.551800155639648438e+01,2.559800148010253906e+01,2.567500114440917969e+01,2.576800155639648438e+01,2.584000205993652344e+01,2.591500091552734375e+01,2.597500038146972656e+01,2.603300094604492188e+01,2.612000083923339844e+01,2.624800109863281250e+01,2.639000129699707031e+01,2.653800201416015625e+01,2.664000129699707031e+01,2.667000198364257812e+01,2.670500183105468750e+01,2.674000167846679688e+01,2.674300193786621094e+01,2.673300170898437500e+01,2.670800209045410156e+01,2.671800041198730469e+01,1.000000020040877343e+20,1.000000020040877343e+20,1.000000020040877343e+20,1.000000020040877343e+20,1.000000020040877343e+20,1.000000020040877343e+20,1.000000020040877343e+20,1.000000020040877343e+20,1.000000020040877343e+20,1.000000020040877343e+20,1.000000020040877343e+20,1.000000020040877343e+20,1.000000020040877343e+20,1.000000020040877343e+20,1.000000020040877343e+20,1.000000020040877343e+20,1.000000020040877343e+20,2.348800086975097656e+01,2.353800201416015625e+01,1.000000020040877343e+20,1.000000020040877343e+20,1.000000020040877343e+20,1.000000020040877343e+20,1.000000020040877343e+20,2.388500022888183594e+01,2.403500175476074219e+01,2.429000091552734375e+01,2.453500175476074219e+01,2.472300148010253906e+01,2.486000061035156250e+01,2.490500068664550781e+01,2.489000129699707031e+01,2.483300209045410156e+01,2.477000045776367188e+01,2.470000076293945312e+01,2.469800186157226562e+01,2.472500038146972656e+01,2.475800132751464844e+01,2.482500076293945312e+01,2.493500137329101562e+01,2.505000114440917969e+01,2.518300056457519531e+01,2.531000137329101562e+01,2.538500213623046875e+01,2.544800186157226562e+01,2.547000122070312500e+01,2.550500106811523438e+01,2.553500175476074219e+01,2.560800170898437500e+01,2.568300056457519531e+01,2.575000190734863281e+01,2.577500152587890625e+01,2.575000190734863281e+01,2.575800132751464844e+01,2.578500175476074219e+01,2.580800056457519531e+01,2.582500076293945312e+01,2.590300178527832031e+01,2.599000167846679688e+01,2.609800148010253906e+01,2.621300125122070312e+01,2.632800102233886719e+01,2.642300033569335938e+01,2.654500198364257812e+01,2.665800094604492188e+01,2.676500129699707031e+01,2.686500167846679688e+01,2.693000221252441406e+01,2.698500061035156250e+01,2.705000114440917969e+01,2.713800048828125000e+01,2.719800186157226562e+01,2.723500061035156250e+01,2.725000190734863281e+01,2.724000167846679688e+01,2.721300125122070312e+01,2.722500038146972656e+01,2.725300216674804688e+01,2.730500221252441406e+01,2.733500099182128906e+01,2.739800071716308594e+01,2.745000076293945312e+01,2.749800109863281250e+01,2.754300117492675781e+01,2.753800201416015625e+01,2.753300094604492188e+01,2.754300117492675781e+01,2.754500198364257812e+01,2.754500198364257812e+01,2.752800178527832031e+01,2.751000213623046875e+01,2.751500129699707031e+01,2.751000213623046875e+01,2.746800041198730469e+01,2.743000221252441406e+01,2.741000175476074219e+01,2.739000129699707031e+01,2.736000061035156250e+01,2.734300041198730469e+01,2.733300209045410156e+01,2.733300209045410156e+01,2.732500076293945312e+01,2.732000160217285156e+01,2.728800201416015625e+01,2.726000213623046875e+01,2.719500160217285156e+01,2.714300155639648438e+01,2.709800148010253906e+01,2.703300094604492188e+01,2.697800064086914062e+01,2.690800094604492188e+01,2.682800102233886719e+01,2.672300148010253906e+01,2.661500167846679688e+01,2.651300048828125000e+01,2.640500068664550781e+01,2.631000137329101562e+01,2.619500160217285156e+01,2.608000183105468750e+01,2.596800041198730469e+01,2.584000205993652344e+01,2.571300125122070312e+01,2.556800079345703125e+01,2.542500114440917969e+01,2.528500175476074219e+01,2.515000152587890625e+01,2.502000045776367188e+01,2.486300086975097656e+01,2.471500205993652344e+01,2.457300186157226562e+01,2.440800094604492188e+01,2.422800064086914062e+01,2.405300140380859375e+01,2.388500022888183594e+01,2.371800041198730469e+01,2.355300140380859375e+01,2.338000106811523438e+01,2.322300148010253906e+01,2.307300186157226562e+01,2.293000030517578125e+01,2.276000022888183594e+01,2.259500122070312500e+01,2.242800140380859375e+01,2.229000091552734375e+01,2.216000175476074219e+01,2.203500175476074219e+01,2.189800071716308594e+01,2.174000167846679688e+01,2.155300140380859375e+01,2.136000061035156250e+01,2.117300033569335938e+01,2.102800178527832031e+01,2.086300086975097656e+01,2.069800186157226562e+01,2.050300025939941406e+01,2.026500129699707031e+01,2.000300025939941406e+01,1.973000144958496094e+01,1.945300102233886719e+01,1.917000007629394531e+01,1.891000175476074219e+01,1.875000000000000000e+01,1.858300018310546875e+01,1.840800094604492188e+01,1.828800010681152344e+01,1.840000152587890625e+01,1.830300140380859375e+01,1.000000020040877343e+20,1.000000020040877343e+20,1.000000020040877343e+20,1.000000020040877343e+20,1.000000020040877343e+20,1.000000020040877343e+20,1.000000020040877343e+20,1.000000020040877343e+20,1.000000020040877343e+20,1.000000020040877343e+20,1.000000020040877343e+20,1.000000020040877343e+20,1.000000020040877343e+20,1.000000020040877343e+20,1.000000020040877343e+20,1.000000020040877343e+20,1.000000020040877343e+20,1.000000020040877343e+20,1.000000020040877343e+20,1.000000020040877343e+20,1.000000020040877343e+20,1.000000020040877343e+20,1.000000020040877343e+20,1.000000020040877343e+20,1.000000020040877343e+20,1.000000020040877343e+20,1.000000020040877343e+20,1.000000020040877343e+20,1.000000020040877343e+20,1.000000020040877343e+20,1.000000020040877343e+20,1.000000020040877343e+20,2.578800201416015625e+01,2.594500160217285156e+01,2.609300041198730469e+01,2.614300155639648438e+01,2.612000083923339844e+01,2.606000137329101562e+01,2.599800109863281250e+01,2.591300201416015625e+01,2.577800178527832031e+01,2.560800170898437500e+01,2.543000030517578125e+01,2.521500205993652344e+01,2.504500198364257812e+01,2.488500022888183594e+01,2.474800109863281250e+01,2.461000061035156250e+01,2.445300102233886719e+01,2.428500175476074219e+01,2.413000106811523438e+01,2.398800086975097656e+01,2.387300109863281250e+01,2.378300094604492188e+01,2.371300125122070312e+01,2.362500190734863281e+01,2.351800155639648438e+01,2.338000106811523438e+01,2.320500183105468750e+01,2.308000183105468750e+01,2.296800041198730469e+01,2.287800025939941406e+01,2.275800132751464844e+01,2.260300064086914062e+01,2.247000122070312500e+01,2.234300041198730469e+01,2.221300125122070312e+01,2.206300163269042969e+01,2.191300010681152344e+01,2.179500198364257812e+01,2.162000083923339844e+01
2.136000061035156250e+01,2.119000053405761719e+01,2.108500099182128906e+01,2.089800071716308594e+01,2.060300064086914062e+01,2.024000167846679688e+01,1.976300048828125000e+01,1.915300178527832031e+01,1.839800071716308594e+01,1.745000076293945312e+01,1.641800117492675781e+01,1.563000106811523438e+01,1.000000020040877343e+20,1.000000020040877343e+20,1.000000020040877343e+20,1.000000020040877343e+20,1.000000020040877343e+20,1.000000020040877343e+20,1.000000020040877343e+20,1.000000020040877343e+20,1.000000020040877343e+20,1.000000020040877343e+20,1.000000020040877343e+20,1.000000020040877343e+20,1.000000020040877343e+20,1.000000020040877343e+20,1.000000020040877343e+20,1.000000020040877343e+20,1.000000020040877343e+20,1.000000020040877343e+20,1.000000020040877343e+20,1.000000020040877343e+20,1.000000020040877343e+20,1.000000020040877343e+20,1.000000020040877343e+20,1.000000020040877343e+20,2.588500213623046875e+01,2.613000106811523438e+01,2.644800186157226562e+01,2.663000106811523438e+01,2.675800132751464844e+01,2.682500076293945312e+01,2.685300064086914062e+01,2.684300041198730469e+01,1.000000020040877343e+20,1.000000020040877343e+20,1.000000020040877343e+20,1.000000020040877343e+20,1.000000020040877343e+20,2.572800064086914062e+01,2.573800086975097656e+01,2.577000045776367188e+01,2.579300117492675781e+01,2.577000045776367188e+01,2.569500160217285156e+01,2.556500053405761719e+01,2.540300178527832031e+01,2.527000045776367188e+01,2.519300079345703125e+01,2.514800071716308594e+01,2.509500122070312500e+01,2.505800056457519531e+01,2.507500076293945312e+01,2.512300109863281250e+01,2.511800193786621094e+01,2.512000083923339844e+01,2.510000038146972656e+01,2.509000205993652344e+01,2.508000183105468750e+01,2.506500053405761719e+01,2.504500198364257812e+01,2.503800201416015625e+01,2.506500053405761719e+01,2.507500076293945312e+01,2.505500030517578125e+01,2.497800064086914062e+01,2.488000106811523438e+01,2.481800079345703125e+01,2.477500152587890625e+01,2.472000122070312500e+01,2.466000175476074219e+01,2.457000160217285156e+01,2.449800109863281250e+01,2.443800163269042969e+01,2.438300132751464844e+01,2.434800148010253906e+01,2.432500076293945312e+01,2.428300094604492188e+01,2.426500129699707031e+01,2.425300025939941406e+01,2.427000045776367188e+01,2.426500129699707031e+01,2.429500198364257812e+01,2.433500099182128906e+01,2.435800170898437500e+01,2.440000152587890625e+01,2.444300079345703125e+01,2.456300163269042969e+01,2.466000175476074219e+01,2.479300117492675781e+01,2.494000053405761719e+01,2.503300094604492188e+01,2.507800102233886719e+01,2.514300155639648438e+01,2.522300148010253906e+01,2.531000137329101562e+01,2.539800071716308594e+01,2.549500083923339844e+01,2.560500144958496094e+01,2.570000076293945312e+01,2.581300163269042969e+01,2.594000053405761719e+01,2.605000114440917969e+01,2.616300201416015625e+01,2.625800132751464844e+01,2.629300117492675781e+01,2.626000213623046875e+01,2.618800163269042969e+01,2.609000205993652344e+01,2.601300048828125000e+01,2.596000099182128906e+01,2.624800109863281250e+01,1.000000020040877343e+20,1.000000020040877343e+20,1.000000020040877343e+20,1.000000020040877343e+20,1.000000020040877343e+20,1.000000020040877343e+20,1.000000020040877343e+20,1.000000020040877343e+20,1.000000020040877343e+20,1.000000020040877343e+20,1.000000020040877343e+20,1.000000020040877343e+20,1.000000020040877343e+20,1.000000020040877343e+20,1.000000020040877343e+20,1.000000020040877343e+20,1.000000020040877343e+20,1.000000020040877343e+20,1.000000020040877343e+20,1.000000020040877343e+20,1.000000020040877343e+20,1.000000020040877343e+20,1.000000020040877343e+20,1.000000020040877343e+20,2.360500144958496094e+01,2.354800033569335938e+01,2.378500175476074219e+01,2.408300209045410156e+01,2.433800125122070312e+01,2.452000045776367188e+01,2.461300086975097656e+01,2.461500167846679688e+01,2.456500053405761719e+01,2.445800209045410156e+01,2.436300086975097656e+01,2.431300163269042969e+01,2.430500030517578125e+01,2.430300140380859375e+01,2.435500144958496094e+01,2.444800186157226562e+01,2.456300163269042969e+01,2.470800209045410156e+01,2.485300064086914062e+01,2.495000076293945312e+01,2.499800109863281250e+01,2.499800109863281250e+01,2.499800109863281250e+01,2.501000213623046875e+01,2.507300186157226562e+01,2.515000152587890625e+01,2.520300102233886719e+01,2.524800109863281250e+01,2.526000213623046875e+01,2.525800132751464844e+01,2.527000045776367188e+01,2.529300117492675781e+01,2.531800079345703125e+01,2.539500045776367188e+01,2.544800186157226562e+01,2.552300071716308594e+01,2.559300041198730469e+01,2.566800117492675781e+01,2.577800178527832031e+01,2.589300155639648438e+01,2.603800201416015625e+01,2.617800140380859375e+01,2.626300048828125000e+01,2.632800102233886719e+01,2.638500213623046875e+01,2.645500183105468750e+01,2.653800201416015625e+01,2.661500167846679688e+01,2.666300201416015625e+01,2.667300033569335938e+01,2.665800094604492188e+01,2.663800048828125000e+01,2.660300064086914062e+01,2.663800048828125000e+01,2.667000198364257812e+01,2.673500061035156250e+01,2.679000091552734375e+01,2.683800125122070312e+01,2.690800094604492188e+01,2.694500160217285156e+01,2.695500183105468750e+01,2.696500205993652344e+01,2.697500038146972656e+01,2.700000190734863281e+01,2.703500175476074219e+01,2.704500198364257812e+01,2.705000114440917969e+01,2.706500053405761719e+01,2.708000183105468750e+01,2.707000160217285156e+01,2.705300140380859375e+01,2.706800079345703125e+01,2.706800079345703125e+01,2.705000114440917969e+01,2.703500175476074219e+01,2.703500175476074219e+01,2.705300140380859375e+01,2.706300163269042969e+01,2.706000137329101562e+01,2.705000114440917969e+01,2.702500152587890625e+01,2.697800064086914062e+01,2.692000198364257812e+01,2.685300064086914062e+01,2.676300048828125000e+01,2.669500160217285156e+01,2.661800193786621094e+01,2.653300094604492188e+01,2.646000099182128906e+01,2.637300109863281250e+01,2.628300094604492188e+01,2.620000076293945312e+01,2.610300064086914062e+01,2.598000144958496094e+01,2.586800193786621094e+01,2.575300216674804688e+01,2.566300201416015625e+01,2.555300140380859375e+01,2.542800140380859375e+01,2.528000068664550781e+01,2.514300155639648438e+01,2.501000213623046875e+01,2.486300086975097656e+01,2.471000099182128906e+01,2.454300117492675781e+01,2.439800071716308594e+01,2.423800086975097656e+01,2.407300186157226562e+01,2.389500045776367188e+01,2.373000144958496094e+01,2.355800056457519531e+01,2.339300155639648438e+01,2.323300170898437500e+01,2.307300186157226562e+01,2.293500137329101562e+01,2.277300071716308594e+01,2.260300064086914062e+01,2.243000030517578125e+01,2.224800109863281250e+01,2.209000015258789062e+01,2.195500183105468750e+01,2.181000137329101562e+01,2.166500091552734375e+01,2.151300048828125000e+01,2.133800125122070312e+01,2.116000175476074219e+01,2.097800064086914062e+01,2.082500076293945312e+01,2.067300033569335938e+01,2.052300071716308594e+01,2.031000137329101562e+01,2.010500144958496094e+01,1.989500045776367188e+01,1.968000030517578125e+01,1.946800041198730469e+01,1.926000022888183594e+01,1.908300018310546875e+01,1.897500038146972656e+01,1.889500045776367188e+01,1.880500030517578125e+01,1.871300125122070312e+01,1.864800071716308594e+01,1.855500030517578125e+01,1.864800071716308594e+01,1.000000020040877343e+20,1.000000020040877343e+20,1.000000020040877343e+20,1.000000020040877343e+20,1.000000020040877343e+20,1.000000020040877343e+20,1.000000020040877343e+20,1.000000020040877343e+20,1.000000020040877343e+20,1.000000020040877343e+20,1.000000020040877343e+20,1.000000020040877343e+20,1.000000020040877343e+20,1.000000020040877343e+20,1.000000020040877343e+20,1.000000020040877343e+20,1.000000020040877343e+20,1.000000020040877343e+20,1.000000020040877343e+20,1.000000020040877343e+20,1.000000020040877343e+20,1.000000020040877343e+20,1.000000020040877343e+20,1.000000020040877343e+20,1.000000020040877343e+20,1.000000020040877343e+20,1.000000020040877343e+20,1.000000020040877343e+20,1.000000020040877343e+20,1.000000020040877343e+20,2.520500183105468750e+01,2.552500152587890625e+01,2.575500106811523438e+01,2.591800117492675781e+01,2.597500038146972656e+01,2.595800209045410156e+01,2.590800094604492188e+01,2.584800148010253906e+01,2.577800178527832031e+01,2.565800094604492188e+01,2.551500129699707031e+01,2.533500099182128906e+01,2.516800117492675781e+01,2.501500129699707031e+01,2.486800193786621094e+01,2.471300125122070312e+01,2.458300209045410156e+01,2.444800186157226562e+01,2.427800178527832031e+01,2.413500022888183594e+01,2.399800109863281250e+01,2.384800148010253906e+01,2.372300148010253906e+01,2.359800148010253906e+01,2.350000190734863281e+01,2.338800048828125000e+01,2.324500083923339844e+01,2.312300109863281250e+01,2.299800109863281250e+01,2.289000129699707031e+01,2.278500175476074219e+01,2.263300132751464844e+01,2.251800155639648438e+01,2.237500190734863281e+01,2.224500083923339844e+01,2.210500144958496094e+01,2.197300148010253906e+01,2.184300041198730469e+01,2.173300170898437500e+01,2.154300117492675781e+01
2.127800178527832031e+01,2.110000038146972656e+01,2.100800132751464844e+01,2.085000038146972656e+01,2.061500167846679688e+01,2.027800178527832031e+01,1.985000038146972656e+01,1.931000137329101562e+01,1.863800048828125000e+01,1.776500129699707031e+01,1.677799987792968750e+01,1.591000080108642578e+01,1.532800102233886719e+01,1.000000020040877343e+20,1.000000020040877343e+20,1.000000020040877343e+20,1.000000020040877343e+20,1.000000020040877343e+20,1.000000020040877343e+20,1.000000020040877343e+20,1.000000020040877343e+20,1.000000020040877343e+20,1.000000020040877343e+20,1.000000020040877343e+20,1.000000020040877343e+20,1.000000020040877343e+20,1.000000020040877343e+20,1.000000020040877343e+20,1.000000020040877343e+20,1.000000020040877343e+20,1.000000020040877343e+20,1.000000020040877343e+20,1.000000020040877343e+20,1.000000020040877343e+20,1.000000020040877343e+20,2.553300094604492188e+01,2.581500053405761719e+01,2.608500099182128906e+01,2.630500030517578125e+01,2.647800064086914062e+01,2.657500076293945312e+01,2.664500045776367188e+01,2.667800140380859375e+01,2.667300033569335938e+01,1.000000020040877343e+20,1.000000020040877343e+20,1.000000020040877343e+20,1.000000020040877343e+20,1.000000020040877343e+20,2.564300155639648438e+01,2.561800193786621094e+01,2.561300086975097656e+01,2.562300109863281250e+01,2.559300041198730469e+01,2.551500129699707031e+01,2.536000061035156250e+01,2.519000053405761719e+01,2.506000137329101562e+01,2.497500038146972656e+01,2.490300178527832031e+01,2.485500144958496094e+01,2.479300117492675781e+01,2.478800201416015625e+01,2.477000045776367188e+01,2.475000190734863281e+01,2.472800064086914062e+01,2.472500038146972656e+01,2.470500183105468750e+01,2.468800163269042969e+01,2.467500114440917969e+01,2.467000198364257812e+01,2.465000152587890625e+01,2.467500114440917969e+01,2.467800140380859375e+01,2.465800094604492188e+01,2.458000183105468750e+01,2.449300193786621094e+01,2.443300056457519531e+01,2.439300155639648438e+01,2.434300041198730469e+01,2.423800086975097656e+01,2.413000106811523438e+01,2.406000137329101562e+01,2.401500129699707031e+01,2.399800109863281250e+01,2.397800064086914062e+01,2.394800186157226562e+01,2.389000129699707031e+01,2.384800148010253906e+01,2.381500053405761719e+01,2.379000091552734375e+01,2.378800201416015625e+01,2.380500030517578125e+01,2.381800079345703125e+01,2.386300086975097656e+01,2.389500045776367188e+01,2.393800163269042969e+01,2.403500175476074219e+01,2.413500022888183594e+01,2.425300025939941406e+01,2.437500190734863281e+01,2.447300148010253906e+01,2.452300071716308594e+01,2.458300209045410156e+01,2.465800094604492188e+01,2.473800086975097656e+01,2.488300132751464844e+01,2.503500175476074219e+01,2.519300079345703125e+01,2.533000183105468750e+01,2.544800186157226562e+01,2.555800056457519531e+01,2.564800071716308594e+01,2.573300170898437500e+01,2.576800155639648438e+01,2.579300117492675781e+01,2.578800201416015625e+01,2.570300102233886719e+01,2.560500144958496094e+01,2.551300048828125000e+01,2.550300025939941406e+01,1.000000020040877343e+20,1.000000020040877343e+20,1.000000020040877343e+20,1.000000020040877343e+20,1.000000020040877343e+20,1.000000020040877343e+20,1.000000020040877343e+20,1.000000020040877343e+20,1.000000020040877343e+20,1.000000020040877343e+20,1.000000020040877343e+20,1.000000020040877343e+20,1.000000020040877343e+20,1.000000020040877343e+20,1.000000020040877343e+20,1.000000020040877343e+20,1.000000020040877343e+20,1.000000020040877343e+20,1.000000020040877343e+20,1.000000020040877343e+20,1.000000020040877343e+20,1.000000020040877343e+20,1.000000020040877343e+20,1.000000020040877343e+20,1.000000020040877343e+20,1.000000020040877343e+20,2.328300094604492188e+01,2.346300125122070312e+01,2.356800079345703125e+01,2.382500076293945312e+01,2.407800102233886719e+01,2.425300025939941406e+01,2.432500076293945312e+01,2.429800033569335938e+01,2.420500183105468750e+01,2.412000083923339844e+01,2.405000114440917969e+01,2.399800109863281250e+01,2.393500137329101562e+01,2.392800140380859375e+01,2.399800109863281250e+01,2.408800125122070312e+01,2.421000099182128906e+01,2.435500144958496094e+01,2.446500205993652344e+01,2.452800178527832031e+01,2.454500198364257812e+01,2.455300140380859375e+01,2.454500198364257812e+01,2.455800056457519531e+01,2.461000061035156250e+01,2.463500022888183594e+01,2.464300155639648438e+01,2.465500068664550781e+01,2.469000053405761719e+01,2.474500083923339844e+01,2.477500152587890625e+01,2.482300186157226562e+01,2.487500190734863281e+01,2.490300178527832031e+01,2.494300079345703125e+01,2.500000190734863281e+01,2.504300117492675781e+01,2.514500045776367188e+01,2.526000213623046875e+01,2.540300178527832031e+01,2.552800178527832031e+01,2.562300109863281250e+01,2.568500137329101562e+01,2.576000213623046875e+01,2.584300041198730469e+01,2.592300033569335938e+01,2.598000144958496094e+01,2.600000190734863281e+01,2.602800178527832031e+01,2.601800155639648438e+01,2.598500061035156250e+01,2.598800086975097656e+01,2.601300048828125000e+01,2.605800056457519531e+01,2.610800170898437500e+01,2.616500091552734375e+01,2.619300079345703125e+01,2.623300170898437500e+01,2.628800201416015625e+01,2.631000137329101562e+01,2.634500122070312500e+01,2.636000061035156250e+01,2.640800094604492188e+01,2.644000053405761719e+01,2.648500061035156250e+01,2.653300094604492188e+01,2.656800079345703125e+01,2.659800148010253906e+01,2.661500167846679688e+01,2.664300155639648438e+01,2.666500091552734375e+01,2.668300056457519531e+01,2.667800140380859375e+01,2.668300056457519531e+01,2.668800163269042969e+01,2.669000053405761719e+01,2.668800163269042969e+01,2.669000053405761719e+01,2.670800209045410156e+01,2.670500183105468750e+01,2.666300201416015625e+01,2.661300086975097656e+01,2.654000091552734375e+01,2.645500183105468750e+01,2.639800071716308594e+01,2.631500053405761719e+01,2.623300170898437500e+01,2.615300178527832031e+01,2.609000205993652344e+01,2.601300048828125000e+01,2.591500091552734375e+01,2.581500053405761719e+01,2.571300125122070312e+01,2.559300041198730469e+01,2.550300025939941406e+01,2.542500114440917969e+01,2.532300186157226562e+01,2.519800186157226562e+01,2.506800079345703125e+01,2.493500137329101562e+01,2.480800056457519531e+01,2.467000198364257812e+01,2.452000045776367188e+01,2.437800025939941406e+01,2.422500038146972656e+01,2.407300186157226562e+01,2.390800094604492188e+01,2.372800064086914062e+01,2.355500030517578125e+01,2.338300132751464844e+01,2.322000122070312500e+01,2.309000015258789062e+01,2.293800163269042969e+01,2.279800033569335938e+01,2.263800048828125000e+01,2.245800018310546875e+01,2.226300048828125000e+01,2.206500053405761719e+01,2.189300155639648438e+01,2.175000190734863281e+01,2.159800148010253906e+01,2.142300033569335938e+01,2.127300071716308594e+01,2.110300064086914062e+01,2.093300056457519531e+01,2.077800178527832031e+01,2.063000106811523438e+01,2.050300025939941406e+01,2.035800170898437500e+01,2.015500068664550781e+01,1.995300102233886719e+01,1.974500083923339844e+01,1.954300117492675781e+01,1.938000106811523438e+01,1.920800018310546875e+01,1.904800033569335938e+01,1.900000000000000000e+01,1.894300079345703125e+01,1.888500022888183594e+01,1.882299995422363281e+01,1.876800155639648438e+01,1.869000053405761719e+01,1.866300010681152344e+01,1.000000020040877343e+20,1.000000020040877343e+20,1.000000020040877343e+20,1.000000020040877343e+20,1.000000020040877343e+20,1.000000020040877343e+20,1.000000020040877343e+20,1.000000020040877343e+20,1.000000020040877343e+20,1.000000020040877343e+20,1.000000020040877343e+20,1.000000020040877343e+20,1.000000020040877343e+20,1.000000020040877343e+20,1.000000020040877343e+20,1.000000020040877343e+20,1.000000020040877343e+20,1.000000020040877343e+20,1.000000020040877343e+20,1.000000020040877343e+20,1.000000020040877343e+20,1.000000020040877343e+20,1.000000020040877343e+20,1.000000020040877343e+20,1.000000020040877343e+20,1.000000020040877343e+20,1.000000020040877343e+20,1.000000020040877343e+20,1.000000020040877343e+20,1.000000020040877343e+20,2.499800109863281250e+01,2.527800178527832031e+01,2.556000137329101562e+01,2.574800109863281250e+01,2.578800201416015625e+01,2.575800132751464844e+01,2.571500205993652344e+01,2.563000106811523438e+01,2.555800056457519531e+01,2.545300102233886719e+01,2.532000160217285156e+01,2.522500038146972656e+01,2.511300086975097656e+01,2.497000122070312500e+01,2.481500053405761719e+01,2.466300201416015625e+01,2.454500198364257812e+01,2.443000030517578125e+01,2.431000137329101562e+01,2.418500137329101562e+01,2.403800201416015625e+01,2.387800025939941406e+01,2.371800041198730469e+01,2.355300140380859375e+01,2.338800048828125000e+01,2.326300048828125000e+01,2.312800025939941406e+01,2.303300094604492188e+01,2.292000198364257812e+01,2.281300163269042969e+01,2.270800018310546875e+01,2.255800056457519531e+01,2.241000175476074219e+01,2.227300071716308594e+01,2.212300109863281250e+01,2.201000022888183594e+01,2.189000129699707031e+01,2.176800155639648438e+01,2.166800117492675781e+01,2.146500015258789062e+01
2.119300079345703125e+01,2.100000190734863281e+01,2.090000152587890625e+01,2.077000045776367188e+01,2.057500076293945312e+01,2.030800056457519531e+01,1.996500015258789062e+01,1.951800155639648438e+01,1.891800117492675781e+01,1.815500068664550781e+01,1.724800109863281250e+01,1.633300018310546875e+01,1.566000080108642578e+01,1.000000020040877343e+20,1.000000020040877343e+20,1.000000020040877343e+20,1.000000020040877343e+20,1.000000020040877343e+20,1.000000020040877343e+20,1.000000020040877343e+20,1.000000020040877343e+20,1.000000020040877343e+20,1.000000020040877343e+20,1.000000020040877343e+20,1.000000020040877343e+20,1.000000020040877343e+20,1.000000020040877343e+20,1.000000020040877343e+20,1.000000020040877343e+20,1.000000020040877343e+20,1.000000020040877343e+20,1.000000020040877343e+20,1.000000020040877343e+20,1.000000020040877343e+20,1.000000020040877343e+20,2.553800201416015625e+01,2.569300079345703125e+01,2.594500160217285156e+01,2.614300155639648438e+01,2.625500106811523438e+01,2.630800056457519531e+01,2.636800193786621094e+01,2.642500114440917969e+01,2.643300056457519531e+01,1.000000020040877343e+20,1.000000020040877343e+20,1.000000020040877343e+20,1.000000020040877343e+20,2.545300102233886719e+01,2.551300048828125000e+01,2.548300170898437500e+01,2.543500137329101562e+01,2.539800071716308594e+01,2.534500122070312500e+01,2.524300193786621094e+01,2.510800170898437500e+01,2.496000099182128906e+01,2.484000205993652344e+01,2.474500083923339844e+01,2.466300201416015625e+01,2.459800148010253906e+01,2.451000022888183594e+01,2.443800163269042969e+01,2.438800048828125000e+01,2.432800102233886719e+01,2.429000091552734375e+01,2.427800178527832031e+01,2.430300140380859375e+01,2.430500030517578125e+01,2.428800201416015625e+01,2.427300071716308594e+01,2.424500083923339844e+01,2.423500061035156250e+01,2.422500038146972656e+01,2.418500137329101562e+01,2.412500190734863281e+01,2.405800056457519531e+01,2.402000045776367188e+01,2.398300170898437500e+01,2.392500114440917969e+01,2.383300018310546875e+01,2.371500205993652344e+01,2.365300178527832031e+01,2.361300086975097656e+01,2.361000061035156250e+01,2.360500144958496094e+01,2.358300018310546875e+01,2.352300071716308594e+01,2.346300125122070312e+01,2.340300178527832031e+01,2.335500144958496094e+01,2.333800125122070312e+01,2.332800102233886719e+01,2.333000183105468750e+01,2.335000038146972656e+01,2.338500022888183594e+01,2.340300178527832031e+01,2.347800064086914062e+01,2.357300186157226562e+01,2.366300201416015625e+01,2.375300025939941406e+01,2.384800148010253906e+01,2.392300033569335938e+01,2.395000076293945312e+01,2.401300048828125000e+01,2.412800025939941406e+01,2.427300071716308594e+01,2.448800086975097656e+01,2.469000053405761719e+01,2.488500022888183594e+01,2.504000091552734375e+01,2.516000175476074219e+01,2.523500061035156250e+01,2.529000091552734375e+01,2.528300094604492188e+01,2.528300094604492188e+01,2.549500083923339844e+01,2.547000122070312500e+01,1.000000020040877343e+20,1.000000020040877343e+20,1.000000020040877343e+20,1.000000020040877343e+20,1.000000020040877343e+20,1.000000020040877343e+20,1.000000020040877343e+20,1.000000020040877343e+20,1.000000020040877343e+20,1.000000020040877343e+20,1.000000020040877343e+20,1.000000020040877343e+20,1.000000020040877343e+20,1.000000020040877343e+20,1.000000020040877343e+20,1.000000020040877343e+20,1.000000020040877343e+20,1.000000020040877343e+20,1.000000020040877343e+20,1.000000020040877343e+20,1.000000020040877343e+20,1.000000020040877343e+20,1.000000020040877343e+20,1.000000020040877343e+20,1.000000020040877343e+20,1.000000020040877343e+20,1.000000020040877343e+20,1.000000020040877343e+20,1.000000020040877343e+20,1.000000020040877343e+20,1.000000020040877343e+20,2.305800056457519531e+01,2.326000022888183594e+01,2.355500030517578125e+01,2.383500099182128906e+01,2.402500152587890625e+01,2.406000137329101562e+01,2.400000190734863281e+01,2.391800117492675781e+01,2.382800102233886719e+01,2.372300148010253906e+01,2.360800170898437500e+01,2.352800178527832031e+01,2.352800178527832031e+01,2.359000205993652344e+01,2.372500038146972656e+01,2.388800048828125000e+01,2.401300048828125000e+01,2.408000183105468750e+01,2.411300086975097656e+01,2.408800125122070312e+01,2.404800033569335938e+01,2.401500129699707031e+01,2.400300025939941406e+01,2.400800132751464844e+01,2.402300071716308594e+01,2.406000137329101562e+01,2.409500122070312500e+01,2.418500137329101562e+01,2.426300048828125000e+01,2.430000114440917969e+01,2.436300086975097656e+01,2.439000129699707031e+01,2.443300056457519531e+01,2.447300148010253906e+01,2.448800086975097656e+01,2.457800102233886719e+01,2.465500068664550781e+01,2.480300140380859375e+01,2.492000198364257812e+01,2.501500129699707031e+01,2.507000160217285156e+01,2.512800025939941406e+01,2.520800209045410156e+01,2.526500129699707031e+01,2.532800102233886719e+01,2.534000205993652344e+01,2.534800148010253906e+01,2.535300064086914062e+01,2.535500144958496094e+01,2.537300109863281250e+01,2.541500091552734375e+01,2.548000144958496094e+01,2.553800201416015625e+01,2.558300209045410156e+01,2.556500053405761719e+01,2.558800125122070312e+01,2.563800048828125000e+01,2.567000198364257812e+01,2.570300102233886719e+01,2.574500083923339844e+01,2.578000068664550781e+01,2.583500099182128906e+01,2.590000152587890625e+01,2.595800209045410156e+01,2.600000190734863281e+01,2.605800056457519531e+01,2.608800125122070312e+01,2.615300178527832031e+01,2.621300125122070312e+01,2.623000144958496094e+01,2.625000190734863281e+01,2.625500106811523438e+01,2.627000045776367188e+01,2.628800201416015625e+01,2.629000091552734375e+01,2.629300117492675781e+01,2.630000114440917969e+01,2.630500030517578125e+01,2.627500152587890625e+01,2.623300170898437500e+01,2.618300056457519531e+01,2.612000083923339844e+01,2.606300163269042969e+01,2.600500106811523438e+01,2.593000030517578125e+01,2.587500190734863281e+01,2.581800079345703125e+01,2.572500038146972656e+01,2.565000152587890625e+01,2.554300117492675781e+01,2.544000053405761719e+01,2.534500122070312500e+01,2.525000190734863281e+01,2.515500068664550781e+01,2.505000114440917969e+01,2.493000030517578125e+01,2.480300140380859375e+01,2.468800163269042969e+01,2.454500198364257812e+01,2.440000152587890625e+01,2.426800155639648438e+01,2.413000106811523438e+01,2.399000167846679688e+01,2.385300064086914062e+01,2.370000076293945312e+01,2.353000068664550781e+01,2.336000061035156250e+01,2.319300079345703125e+01,2.305000114440917969e+01,2.292800140380859375e+01,2.280000114440917969e+01,2.266000175476074219e+01,2.249000167846679688e+01,2.230500030517578125e+01,2.212800025939941406e+01,2.193300056457519531e+01,2.176000022888183594e+01,2.159800148010253906e+01,2.142800140380859375e+01,2.126500129699707031e+01,2.109800148010253906e+01,2.092500114440917969e+01,2.075500106811523438e+01,2.060000038146972656e+01,2.045500183105468750e+01,2.033500099182128906e+01,2.020300102233886719e+01,2.001800155639648438e+01,1.980300140380859375e+01,1.957800102233886719e+01,1.940300178527832031e+01,1.923300170898437500e+01,1.907000160217285156e+01,1.892300033569335938e+01,1.883500099182128906e+01,1.875500106811523438e+01,1.867500114440917969e+01,1.859800148010253906e+01,1.853000068664550781e+01,1.845800018310546875e+01,1.842800140380859375e+01,1.000000020040877343e+20,1.000000020040877343e+20,1.000000020040877343e+20,1.000000020040877343e+20,1.000000020040877343e+20,1.000000020040877343e+20,1.000000020040877343e+20,1.000000020040877343e+20,1.000000020040877343e+20,1.000000020040877343e+20,1.000000020040877343e+20,1.000000020040877343e+20,1.000000020040877343e+20,1.000000020040877343e+20,1.000000020040877343e+20,1.000000020040877343e+20,1.000000020040877343e+20,1.000000020040877343e+20,1.000000020040877343e+20,1.000000020040877343e+20,1.000000020040877343e+20,1.000000020040877343e+20,1.000000020040877343e+20,1.000000020040877343e+20,1.000000020040877343e+20,1.000000020040877343e+20,1.000000020040877343e+20,1.000000020040877343e+20,1.000000020040877343e+20,2.431800079345703125e+01,2.469300079345703125e+01,2.504500198364257812e+01,2.533000183105468750e+01,2.551500129699707031e+01,2.556300163269042969e+01,2.553000068664550781e+01,2.547000122070312500e+01,2.537800025939941406e+01,2.529500198364257812e+01,2.519500160217285156e+01,2.510000038146972656e+01,2.503500175476074219e+01,2.497000122070312500e+01,2.486500167846679688e+01,2.471000099182128906e+01,2.454500198364257812e+01,2.442000198364257812e+01,2.432000160217285156e+01,2.423300170898437500e+01,2.412500190734863281e+01,2.399000167846679688e+01,2.385000038146972656e+01,2.368800163269042969e+01,2.350000190734863281e+01,2.334300041198730469e+01,2.317500114440917969e+01,2.305000114440917969e+01,2.293300056457519531e+01,2.282800102233886719e+01,2.271500015258789062e+01,2.261500167846679688e+01,2.248000144958496094e+01,2.232000160217285156e+01,2.218000030517578125e+01,2.203000068664550781e+01,2.188800048828125000e+01,2.178500175476074219e+01,2.167800140380859375e+01,2.157800102233886719e+01,2.138800048828125000e+01
2.109500122070312500e+01,2.087300109863281250e+01,2.077000045776367188e+01,2.064300155639648438e+01,2.050500106811523438e+01,2.032000160217285156e+01,2.006000137329101562e+01,1.969500160217285156e+01,1.919000053405761719e+01,1.848800086975097656e+01,1.762300109863281250e+01,1.666800117492675781e+01,1.575000095367431641e+01,1.484300041198730469e+01,1.000000020040877343e+20,1.000000020040877343e+20,1.000000020040877343e+20,1.000000020040877343e+20,1.000000020040877343e+20,1.000000020040877343e+20,1.000000020040877343e+20,1.000000020040877343e+20,1.000000020040877343e+20,1.000000020040877343e+20,1.000000020040877343e+20,1.000000020040877343e+20,1.000000020040877343e+20,1.000000020040877343e+20,1.000000020040877343e+20,1.000000020040877343e+20,1.000000020040877343e+20,1.000000020040877343e+20,1.000000020040877343e+20,1.000000020040877343e+20,1.000000020040877343e+20,2.545000076293945312e+01,2.557500076293945312e+01,2.575500106811523438e+01,2.586800193786621094e+01,2.592000198364257812e+01,2.597000122070312500e+01,2.601300048828125000e+01,2.602800178527832031e+01,2.602300071716308594e+01,1.000000020040877343e+20,1.000000020040877343e+20,1.000000020040877343e+20,1.000000020040877343e+20,2.537500190734863281e+01,2.532300186157226562e+01,2.526800155639648438e+01,2.521500205993652344e+01,2.512000083923339844e+01,2.502500152587890625e+01,2.491800117492675781e+01,2.478000068664550781e+01,2.466500091552734375e+01,2.456500053405761719e+01,2.445000076293945312e+01,2.437300109863281250e+01,2.429300117492675781e+01,2.419300079345703125e+01,2.411000061035156250e+01,2.400000190734863281e+01,2.395000076293945312e+01,2.390000152587890625e+01,2.390300178527832031e+01,2.391000175476074219e+01,2.391500091552734375e+01,2.389800071716308594e+01,2.385500144958496094e+01,2.379500198364257812e+01,2.374300193786621094e+01,2.368800163269042969e+01,2.363300132751464844e+01,2.357500076293945312e+01,2.353800201416015625e+01,2.351000022888183594e+01,2.348500061035156250e+01,2.344000053405761719e+01,2.336800193786621094e+01,2.330000114440917969e+01,2.324500083923339844e+01,2.321500015258789062e+01,2.321000099182128906e+01,2.318300056457519531e+01,2.315800094604492188e+01,2.309000015258789062e+01,2.304500198364257812e+01,2.299000167846679688e+01,2.293500137329101562e+01,2.290000152587890625e+01,2.288000106811523438e+01,2.286500167846679688e+01,2.283500099182128906e+01,2.283500099182128906e+01,2.285300064086914062e+01,2.289300155639648438e+01,2.299800109863281250e+01,2.307000160217285156e+01,2.312500190734863281e+01,2.318500137329101562e+01,2.325000190734863281e+01,2.329300117492675781e+01,2.339000129699707031e+01,2.351000022888183594e+01,2.368800163269042969e+01,2.389500045776367188e+01,2.413300132751464844e+01,2.439000129699707031e+01,2.457500076293945312e+01,2.473800086975097656e+01,2.483800125122070312e+01,2.485800170898437500e+01,2.495800209045410156e+01,2.495000076293945312e+01,1.000000020040877343e+20,1.000000020040877343e+20,1.000000020040877343e+20,1.000000020040877343e+20,1.000000020040877343e+20,1.000000020040877343e+20,1.000000020040877343e+20,1.000000020040877343e+20,1.000000020040877343e+20,1.000000020040877343e+20,1.000000020040877343e+20,1.000000020040877343e+20,1.000000020040877343e+20,1.000000020040877343e+20,1.000000020040877343e+20,1.000000020040877343e+20,1.000000020040877343e+20,1.000000020040877343e+20,1.000000020040877343e+20,1.000000020040877343e+20,1.000000020040877343e+20,1.000000020040877343e+20,1.000000020040877343e+20,1.000000020040877343e+20,1.000000020040877343e+20,1.000000020040877343e+20,1.000000020040877343e+20,1.000000020040877343e+20,1.000000020040877343e+20,1.000000020040877343e+20,1.000000020040877343e+20,1.000000020040877343e+20,1.000000020040877343e+20,2.280500030517578125e+01,2.281000137329101562e+01,2.309500122070312500e+01,2.345800018310546875e+01,2.375000190734863281e+01,2.386500167846679688e+01,2.382800102233886719e+01,2.373000144958496094e+01,2.359000205993652344e+01,2.343800163269042969e+01,2.327300071716308594e+01,2.312800025939941406e+01,2.309500122070312500e+01,2.314800071716308594e+01,2.325000190734863281e+01,2.340300178527832031e+01,2.350800132751464844e+01,2.358000183105468750e+01,2.361800193786621094e+01,2.362300109863281250e+01,2.357800102233886719e+01,2.353300094604492188e+01,2.352300071716308594e+01,2.350800132751464844e+01,2.352000045776367188e+01,2.355000114440917969e+01,2.360300064086914062e+01,2.367300033569335938e+01,2.375000190734863281e+01,2.380800056457519531e+01,2.384800148010253906e+01,2.388300132751464844e+01,2.392500114440917969e+01,2.395500183105468750e+01,2.396300125122070312e+01,2.403000068664550781e+01,2.411000061035156250e+01,2.421500205993652344e+01,2.431000137329101562e+01,2.437300109863281250e+01,2.442500114440917969e+01,2.448000144958496094e+01,2.452300071716308594e+01,2.458500099182128906e+01,2.462500190734863281e+01,2.467500114440917969e+01,2.468500137329101562e+01,2.472800064086914062e+01,2.473300170898437500e+01,2.478000068664550781e+01,2.483800125122070312e+01,2.492800140380859375e+01,2.496300125122070312e+01,2.499300193786621094e+01,2.499300193786621094e+01,2.499300193786621094e+01,2.500000190734863281e+01,2.501800155639648438e+01,2.506300163269042969e+01,2.511000061035156250e+01,2.516500091552734375e+01,2.522000122070312500e+01,2.527300071716308594e+01,2.532500076293945312e+01,2.538800048828125000e+01,2.545300102233886719e+01,2.552800178527832031e+01,2.559500122070312500e+01,2.564500045776367188e+01,2.567000198364257812e+01,2.570500183105468750e+01,2.572800064086914062e+01,2.576000213623046875e+01,2.577500152587890625e+01,2.579800033569335938e+01,2.579000091552734375e+01,2.579000091552734375e+01,2.579300117492675781e+01,2.577500152587890625e+01,2.576000213623046875e+01,2.576000213623046875e+01,2.572800064086914062e+01,2.567500114440917969e+01,2.562800216674804688e+01,2.557000160217285156e+01,2.551500129699707031e+01,2.547000122070312500e+01,2.541300201416015625e+01,2.533500099182128906e+01,2.525500106811523438e+01,2.514500045776367188e+01,2.505300140380859375e+01,2.493800163269042969e+01,2.484500122070312500e+01,2.473000144958496094e+01,2.462800025939941406e+01,2.451300048828125000e+01,2.439300155639648438e+01,2.426000022888183594e+01,2.413300132751464844e+01,2.399800109863281250e+01,2.385500144958496094e+01,2.370800018310546875e+01,2.357500076293945312e+01,2.342500114440917969e+01,2.328000068664550781e+01,2.312300109863281250e+01,2.298500061035156250e+01,2.286300086975097656e+01,2.275300025939941406e+01,2.263500022888183594e+01,2.247000122070312500e+01,2.230800056457519531e+01,2.213300132751464844e+01,2.195800018310546875e+01,2.178500175476074219e+01,2.162300109863281250e+01,2.147000122070312500e+01,2.131300163269042969e+01,2.114000129699707031e+01,2.096000099182128906e+01,2.079000091552734375e+01,2.061800003051757812e+01,2.046300125122070312e+01,2.032300186157226562e+01,2.018300056457519531e+01,2.004500007629394531e+01,1.985500144958496094e+01,1.964300155639648438e+01,1.943800163269042969e+01,1.925500106811523438e+01,1.906800079345703125e+01,1.890300178527832031e+01,1.872500038146972656e+01,1.857800102233886719e+01,1.842300033569335938e+01,1.828800010681152344e+01,1.818300056457519531e+01,1.809000015258789062e+01,1.799500083923339844e+01,1.797000122070312500e+01,1.000000020040877343e+20,1.000000020040877343e+20,1.000000020040877343e+20,1.000000020040877343e+20,1.000000020040877343e+20,1.000000020040877343e+20,1.000000020040877343e+20,1.000000020040877343e+20,1.000000020040877343e+20,1.000000020040877343e+20,1.000000020040877343e+20,1.000000020040877343e+20,1.000000020040877343e+20,1.000000020040877343e+20,1.000000020040877343e+20,1.000000020040877343e+20,1.000000020040877343e+20,1.000000020040877343e+20,1.000000020040877343e+20,1.000000020040877343e+20,1.000000020040877343e+20,1.000000020040877343e+20,1.000000020040877343e+20,1.000000020040877343e+20,1.000000020040877343e+20,1.000000020040877343e+20,1.000000020040877343e+20,1.000000020040877343e+20,1.000000020040877343e+20,2.406500053405761719e+01,2.444300079345703125e+01,2.483500099182128906e+01,2.510800170898437500e+01,2.523300170898437500e+01,2.528300094604492188e+01,2.524800109863281250e+01,2.516500091552734375e+01,2.505500030517578125e+01,2.497300148010253906e+01,2.487500190734863281e+01,2.480300140380859375e+01,2.478000068664550781e+01,2.472500038146972656e+01,2.460300064086914062e+01,2.445800209045410156e+01,2.430000114440917969e+01,2.417500114440917969e+01,2.409300041198730469e+01,2.401800155639648438e+01,2.391500091552734375e+01,2.379300117492675781e+01,2.370300102233886719e+01,2.357800102233886719e+01,2.342500114440917969e+01,2.327500152587890625e+01,2.311800193786621094e+01,2.297800064086914062e+01,2.286800193786621094e+01,2.275300025939941406e+01,2.264500045776367188e+01,2.253800201416015625e+01,2.239300155639648438e+01,2.224300193786621094e+01,2.210500144958496094e+01,2.196000099182128906e+01,2.182800102233886719e+01,2.170800018310546875e+01,2.159000015258789062e+01,2.150500106811523438e+01,2.130300140380859375e+01
2.100300025939941406e+01,2.078800010681152344e+01,2.067300033569335938e+01,2.054300117492675781e+01,2.044300079345703125e+01,2.030800056457519531e+01,2.010000038146972656e+01,1.976300048828125000e+01,1.930300140380859375e+01,1.865800094604492188e+01,1.784000015258789062e+01,1.683500099182128906e+01,1.573000049591064453e+01,1.470800113677978516e+01,1.372300052642822266e+01,1.000000020040877343e+20,1.000000020040877343e+20,1.000000020040877343e+20,1.000000020040877343e+20,1.000000020040877343e+20,1.000000020040877343e+20,1.000000020040877343e+20,1.000000020040877343e+20,1.000000020040877343e+20,1.000000020040877343e+20,1.000000020040877343e+20,1.000000020040877343e+20,1.000000020040877343e+20,1.000000020040877343e+20,1.000000020040877343e+20,1.000000020040877343e+20,1.000000020040877343e+20,1.000000020040877343e+20,1.000000020040877343e+20,1.000000020040877343e+20,2.528800201416015625e+01,2.535500144958496094e+01,2.543800163269042969e+01,2.548800086975097656e+01,2.550800132751464844e+01,2.553300094604492188e+01,2.556800079345703125e+01,2.555300140380859375e+01,2.551300048828125000e+01,1.000000020040877343e+20,1.000000020040877343e+20,1.000000020040877343e+20,1.000000020040877343e+20,2.516500091552734375e+01,2.511300086975097656e+01,2.501800155639648438e+01,2.492500114440917969e+01,2.482500076293945312e+01,2.470300102233886719e+01,2.453500175476074219e+01,2.436800193786621094e+01,2.428300094604492188e+01,2.422500038146972656e+01,2.415800094604492188e+01,2.408300209045410156e+01,2.399500083923339844e+01,2.388300132751464844e+01,2.377000045776367188e+01,2.368300056457519531e+01,2.359800148010253906e+01,2.355800056457519531e+01,2.355300140380859375e+01,2.354500198364257812e+01,2.352500152587890625e+01,2.348500061035156250e+01,2.342300033569335938e+01,2.336800193786621094e+01,2.327800178527832031e+01,2.319800186157226562e+01,2.312800025939941406e+01,2.306300163269042969e+01,2.300800132751464844e+01,2.297300148010253906e+01,2.290300178527832031e+01,2.286500167846679688e+01,2.282800102233886719e+01,2.277800178527832031e+01,2.279300117492675781e+01,2.276500129699707031e+01,2.274800109863281250e+01,2.272800064086914062e+01,2.269300079345703125e+01,2.266000175476074219e+01,2.260800170898437500e+01,2.257800102233886719e+01,2.255800056457519531e+01,2.252000045776367188e+01,2.248300170898437500e+01,2.243800163269042969e+01,2.238800048828125000e+01,2.237300109863281250e+01,2.238800048828125000e+01,2.241000175476074219e+01,2.244300079345703125e+01,2.247300148010253906e+01,2.249800109863281250e+01,2.254000091552734375e+01,2.260800170898437500e+01,2.266500091552734375e+01,2.278000068664550781e+01,2.291800117492675781e+01,2.308800125122070312e+01,2.328300094604492188e+01,2.355300140380859375e+01,2.382800102233886719e+01,2.407300186157226562e+01,2.428000068664550781e+01,2.441500091552734375e+01,2.450000190734863281e+01,1.000000020040877343e+20,1.000000020040877343e+20,1.000000020040877343e+20,1.000000020040877343e+20,1.000000020040877343e+20,1.000000020040877343e+20,1.000000020040877343e+20,1.000000020040877343e+20,1.000000020040877343e+20,1.000000020040877343e+20,1.000000020040877343e+20,1.000000020040877343e+20,1.000000020040877343e+20,1.000000020040877343e+20,1.000000020040877343e+20,1.000000020040877343e+20,1.000000020040877343e+20,1.000000020040877343e+20,1.000000020040877343e+20,1.000000020040877343e+20,1.000000020040877343e+20,1.000000020040877343e+20,1.000000020040877343e+20,1.000000020040877343e+20,1.000000020040877343e+20,1.000000020040877343e+20,1.000000020040877343e+20,1.000000020040877343e+20,1.000000020040877343e+20,1.000000020040877343e+20,1.000000020040877343e+20,1.000000020040877343e+20,1.000000020040877343e+20,1.000000020040877343e+20,1.000000020040877343e+20,1.000000020040877343e+20,2.268300056457519531e+01,2.282500076293945312e+01,2.315000152587890625e+01,2.345800018310546875e+01,2.360500144958496094e+01,2.358300018310546875e+01,2.348500061035156250e+01,2.332500076293945312e+01,2.315000152587890625e+01,2.293500137329101562e+01,2.278300094604492188e+01,2.270500183105468750e+01,2.274300193786621094e+01,2.284800148010253906e+01,2.293800163269042969e+01,2.301000022888183594e+01,2.308500099182128906e+01,2.312300109863281250e+01,2.314000129699707031e+01,2.312000083923339844e+01,2.309300041198730469e+01,2.308300018310546875e+01,2.306000137329101562e+01,2.309800148010253906e+01,2.313000106811523438e+01,2.318300056457519531e+01,2.320000076293945312e+01,2.324000167846679688e+01,2.328500175476074219e+01,2.329300117492675781e+01,2.330300140380859375e+01,2.333500099182128906e+01,2.336300086975097656e+01,2.341500091552734375e+01,2.346800041198730469e+01,2.353800201416015625e+01,2.359300041198730469e+01,2.365800094604492188e+01,2.371300125122070312e+01,2.376800155639648438e+01,2.381800079345703125e+01,2.385500144958496094e+01,2.389800071716308594e+01,2.393000030517578125e+01,2.398500061035156250e+01,2.402500152587890625e+01,2.407500076293945312e+01,2.412300109863281250e+01,2.418800163269042969e+01,2.424500083923339844e+01,2.432500076293945312e+01,2.435300064086914062e+01,2.438300132751464844e+01,2.437000083923339844e+01,2.435300064086914062e+01,2.432300186157226562e+01,2.431500053405761719e+01,2.437800025939941406e+01,2.443000030517578125e+01,2.447800064086914062e+01,2.452000045776367188e+01,2.455800056457519531e+01,2.459300041198730469e+01,2.465500068664550781e+01,2.474300193786621094e+01,2.483800125122070312e+01,2.490500068664550781e+01,2.495500183105468750e+01,2.497500038146972656e+01,2.500500106811523438e+01,2.502800178527832031e+01,2.505800056457519531e+01,2.509500122070312500e+01,2.511800193786621094e+01,2.511500167846679688e+01,2.513300132751464844e+01,2.515000152587890625e+01,2.515800094604492188e+01,2.518000030517578125e+01,2.517800140380859375e+01,2.515800094604492188e+01,2.514000129699707031e+01,2.509800148010253906e+01,2.508300209045410156e+01,2.504800033569335938e+01,2.502800178527832031e+01,2.498000144958496094e+01,2.492800140380859375e+01,2.486000061035156250e+01,2.475800132751464844e+01,2.465800094604492188e+01,2.456000137329101562e+01,2.448300170898437500e+01,2.437500190734863281e+01,2.427800178527832031e+01,2.418800163269042969e+01,2.409300041198730469e+01,2.397000122070312500e+01,2.384300041198730469e+01,2.368300056457519531e+01,2.354500198364257812e+01,2.341300201416015625e+01,2.328300094604492188e+01,2.313300132751464844e+01,2.297800064086914062e+01,2.285300064086914062e+01,2.271800041198730469e+01,2.261500167846679688e+01,2.252000045776367188e+01,2.238800048828125000e+01,2.223300170898437500e+01,2.207300186157226562e+01,2.189500045776367188e+01,2.174300193786621094e+01,2.158800125122070312e+01,2.143800163269042969e+01,2.130000114440917969e+01,2.113500022888183594e+01,2.098800086975097656e+01,2.079800033569335938e+01,2.062300109863281250e+01,2.045800018310546875e+01,2.032500076293945312e+01,2.018300056457519531e+01,2.004800033569335938e+01,1.988300132751464844e+01,1.969800186157226562e+01,1.950000000000000000e+01,1.929800033569335938e+01,1.909800148010253906e+01,1.890800094604492188e+01,1.872800064086914062e+01,1.852800178527832031e+01,1.832299995422363281e+01,1.811000061035156250e+01,1.792000007629394531e+01,1.774500083923339844e+01,1.760800170898437500e+01,1.747800064086914062e+01,1.741500091552734375e+01,1.000000020040877343e+20,1.000000020040877343e+20,1.000000020040877343e+20,1.000000020040877343e+20,1.000000020040877343e+20,1.000000020040877343e+20,1.000000020040877343e+20,1.000000020040877343e+20,1.000000020040877343e+20,1.000000020040877343e+20,1.000000020040877343e+20,1.000000020040877343e+20,1.000000020040877343e+20,1.000000020040877343e+20,1.000000020040877343e+20,1.000000020040877343e+20,1.000000020040877343e+20,1.000000020040877343e+20,1.000000020040877343e+20,1.000000020040877343e+20,1.000000020040877343e+20,1.000000020040877343e+20,1.000000020040877343e+20,1.000000020040877343e+20,1.000000020040877343e+20,1.000000020040877343e+20,1.000000020040877343e+20,1.000000020040877343e+20,2.332500076293945312e+01,2.383500099182128906e+01,2.428300094604492188e+01,2.461800193786621094e+01,2.482000160217285156e+01,2.492800140380859375e+01,2.493800163269042969e+01,2.487500190734863281e+01,2.477300071716308594e+01,2.466300201416015625e+01,2.457300186157226562e+01,2.450300025939941406e+01,2.444500160217285156e+01,2.441500091552734375e+01,2.436300086975097656e+01,2.424300193786621094e+01,2.409500122070312500e+01,2.396300125122070312e+01,2.386500167846679688e+01,2.382300186157226562e+01,2.377500152587890625e+01,2.369800186157226562e+01,2.359500122070312500e+01,2.348000144958496094e+01,2.337500190734863281e+01,2.325000190734863281e+01,2.310300064086914062e+01,2.298800086975097656e+01,2.291800117492675781e+01,2.280000114440917969e+01,2.265500068664550781e+01,2.253000068664550781e+01,2.241300201416015625e+01,2.229300117492675781e+01,2.217000198364257812e+01,2.203800010681152344e+01,2.189500045776367188e+01,2.174800109863281250e+01,2.161500167846679688e+01,2.149500083923339844e+01,2.141500091552734375e+01,2.121800041198730469e+01
2.091300010681152344e+01,2.071300125122070312e+01,2.056300163269042969e+01,2.043800163269042969e+01,2.037300109863281250e+01,2.025800132751464844e+01,2.005300140380859375e+01,1.975300025939941406e+01,1.933800125122070312e+01,1.875500106811523438e+01,1.798500061035156250e+01,1.697300148010253906e+01,1.577000045776367188e+01,1.457800102233886719e+01,1.381300067901611328e+01,1.000000020040877343e+20,1.000000020040877343e+20,1.000000020040877343e+20,1.000000020040877343e+20,1.000000020040877343e+20,1.000000020040877343e+20,1.000000020040877343e+20,1.000000020040877343e+20,1.000000020040877343e+20,1.000000020040877343e+20,1.000000020040877343e+20,1.000000020040877343e+20,1.000000020040877343e+20,1.000000020040877343e+20,1.000000020040877343e+20,1.000000020040877343e+20,1.000000020040877343e+20,1.000000020040877343e+20,1.000000020040877343e+20,1.000000020040877343e+20,2.506300163269042969e+01,2.507800102233886719e+01,2.507000160217285156e+01,2.502800178527832031e+01,2.501500129699707031e+01,2.501800155639648438e+01,2.501300048828125000e+01,2.498800086975097656e+01,2.494000053405761719e+01,1.000000020040877343e+20,1.000000020040877343e+20,1.000000020040877343e+20,1.000000020040877343e+20,2.487000083923339844e+01,2.477300071716308594e+01,2.467800140380859375e+01,2.455800056457519531e+01,2.443800163269042969e+01,2.430800056457519531e+01,2.412300109863281250e+01,2.397000122070312500e+01,2.390000152587890625e+01,2.388500022888183594e+01,2.384300041198730469e+01,2.376500129699707031e+01,2.363000106811523438e+01,2.352000045776367188e+01,2.340500068664550781e+01,2.331500053405761719e+01,2.322500038146972656e+01,2.318500137329101562e+01,2.313800048828125000e+01,2.311300086975097656e+01,2.307800102233886719e+01,2.304800033569335938e+01,2.299800109863281250e+01,2.294300079345703125e+01,2.288300132751464844e+01,2.277800178527832031e+01,2.270000076293945312e+01,2.261500167846679688e+01,2.252000045776367188e+01,2.243300056457519531e+01,2.234500122070312500e+01,2.228300094604492188e+01,2.225800132751464844e+01,2.225300025939941406e+01,2.225800132751464844e+01,2.225800132751464844e+01,2.225800132751464844e+01,2.224800109863281250e+01,2.221500015258789062e+01,2.216000175476074219e+01,2.214800071716308594e+01,2.213500022888183594e+01,2.211300086975097656e+01,2.209800148010253906e+01,2.208000183105468750e+01,2.203300094604492188e+01,2.198800086975097656e+01,2.195800018310546875e+01,2.192300033569335938e+01,2.192800140380859375e+01,2.192500114440917969e+01,2.192800140380859375e+01,2.195800018310546875e+01,2.198300170898437500e+01,2.201800155639648438e+01,2.209000015258789062e+01,2.216800117492675781e+01,2.229000091552734375e+01,2.246500015258789062e+01,2.267500114440917969e+01,2.293000030517578125e+01,2.321000099182128906e+01,2.352500152587890625e+01,2.381500053405761719e+01,2.404000091552734375e+01,2.417000198364257812e+01,1.000000020040877343e+20,1.000000020040877343e+20,1.000000020040877343e+20,1.000000020040877343e+20,1.000000020040877343e+20,1.000000020040877343e+20,1.000000020040877343e+20,1.000000020040877343e+20,1.000000020040877343e+20,1.000000020040877343e+20,1.000000020040877343e+20,1.000000020040877343e+20,1.000000020040877343e+20,1.000000020040877343e+20,1.000000020040877343e+20,1.000000020040877343e+20,1.000000020040877343e+20,1.000000020040877343e+20,1.000000020040877343e+20,1.000000020040877343e+20,1.000000020040877343e+20,1.000000020040877343e+20,1.000000020040877343e+20,1.000000020040877343e+20,1.000000020040877343e+20,1.000000020040877343e+20,1.000000020040877343e+20,1.000000020040877343e+20,1.000000020040877343e+20,1.000000020040877343e+20,1.000000020040877343e+20,1.000000020040877343e+20,1.000000020040877343e+20,1.000000020040877343e+20,1.000000020040877343e+20,1.000000020040877343e+20,1.000000020040877343e+20,2.279300117492675781e+01,2.293800163269042969e+01,2.315800094604492188e+01,2.332000160217285156e+01,2.332000160217285156e+01,2.322500038146972656e+01,2.308300018310546875e+01,2.291000175476074219e+01,2.270000076293945312e+01,2.253800201416015625e+01,2.243800163269042969e+01,2.242500114440917969e+01,2.248800086975097656e+01,2.254000091552734375e+01,2.258500099182128906e+01,2.263000106811523438e+01,2.264800071716308594e+01,2.267800140380859375e+01,2.269000053405761719e+01,2.267000198364257812e+01,2.267000198364257812e+01,2.265000152587890625e+01,2.268000030517578125e+01,2.268300056457519531e+01,2.269000053405761719e+01,2.270800018310546875e+01,2.273300170898437500e+01,2.272000122070312500e+01,2.270500183105468750e+01,2.269800186157226562e+01,2.271800041198730469e+01,2.276800155639648438e+01,2.281300163269042969e+01,2.280800056457519531e+01,2.283300018310546875e+01,2.287500190734863281e+01,2.293300056457519531e+01,2.299500083923339844e+01,2.305500030517578125e+01,2.312800025939941406e+01,2.316500091552734375e+01,2.322000122070312500e+01,2.329800033569335938e+01,2.335500144958496094e+01,2.339000129699707031e+01,2.346000099182128906e+01,2.352000045776367188e+01,2.356500053405761719e+01,2.360500144958496094e+01,2.367800140380859375e+01,2.371000099182128906e+01,2.370800018310546875e+01,2.368300056457519531e+01,2.363800048828125000e+01,2.361000061035156250e+01,2.357800102233886719e+01,2.359000205993652344e+01,2.362300109863281250e+01,2.366300201416015625e+01,2.370300102233886719e+01,2.374000167846679688e+01,2.377300071716308594e+01,2.382300186157226562e+01,2.386500167846679688e+01,2.396500205993652344e+01,2.404800033569335938e+01,2.410300064086914062e+01,2.413000106811523438e+01,2.415800094604492188e+01,2.417300033569335938e+01,2.418800163269042969e+01,2.421800041198730469e+01,2.425000190734863281e+01,2.430300140380859375e+01,2.433000183105468750e+01,2.438000106811523438e+01,2.441300201416015625e+01,2.443300056457519531e+01,2.444300079345703125e+01,2.444300079345703125e+01,2.443800163269042969e+01,2.444500160217285156e+01,2.445800209045410156e+01,2.447500038146972656e+01,2.447800064086914062e+01,2.447500038146972656e+01,2.442300033569335938e+01,2.436500167846679688e+01,2.427000045776367188e+01,2.418300056457519531e+01,2.411300086975097656e+01,2.406000137329101562e+01,2.398000144958496094e+01,2.390000152587890625e+01,2.383000183105468750e+01,2.375500106811523438e+01,2.365300178527832031e+01,2.353300094604492188e+01,2.339300155639648438e+01,2.326300048828125000e+01,2.312000083923339844e+01,2.299000167846679688e+01,2.284500122070312500e+01,2.270000076293945312e+01,2.258300018310546875e+01,2.246000099182128906e+01,2.237000083923339844e+01,2.225500106811523438e+01,2.214500045776367188e+01,2.200500106811523438e+01,2.185000038146972656e+01,2.169300079345703125e+01,2.153300094604492188e+01,2.137500190734863281e+01,2.126000022888183594e+01,2.112500190734863281e+01,2.096800041198730469e+01,2.081800079345703125e+01,2.064800071716308594e+01,2.046500015258789062e+01,2.029500007629394531e+01,2.014800071716308594e+01,2.002000045776367188e+01,1.988800048828125000e+01,1.974500083923339844e+01,1.956500053405761719e+01,1.937800025939941406e+01,1.917800140380859375e+01,1.897500038146972656e+01,1.876800155639648438e+01,1.854000091552734375e+01,1.832000160217285156e+01,1.810300064086914062e+01,1.786800003051757812e+01,1.763800048828125000e+01,1.740800094604492188e+01,1.720000076293945312e+01,1.699500083923339844e+01,1.691300010681152344e+01,1.000000020040877343e+20,1.000000020040877343e+20,1.000000020040877343e+20,1.000000020040877343e+20,1.000000020040877343e+20,1.000000020040877343e+20,1.000000020040877343e+20,1.000000020040877343e+20,1.000000020040877343e+20,1.000000020040877343e+20,1.000000020040877343e+20,1.000000020040877343e+20,1.000000020040877343e+20,1.000000020040877343e+20,1.000000020040877343e+20,1.000000020040877343e+20,1.000000020040877343e+20,1.000000020040877343e+20,1.000000020040877343e+20,1.000000020040877343e+20,1.000000020040877343e+20,1.000000020040877343e+20,1.000000020040877343e+20,1.000000020040877343e+20,1.000000020040877343e+20,2.260300064086914062e+01,2.293300056457519531e+01,2.330000114440917969e+01,2.354300117492675781e+01,2.387500190734863281e+01,2.420000076293945312e+01,2.442000198364257812e+01,2.451800155639648438e+01,2.457300186157226562e+01,2.454500198364257812e+01,2.447500038146972656e+01,2.434500122070312500e+01,2.423000144958496094e+01,2.413000106811523438e+01,2.410500144958496094e+01,2.408500099182128906e+01,2.404000091552734375e+01,2.396300125122070312e+01,2.383500099182128906e+01,2.369800186157226562e+01,2.361000061035156250e+01,2.351800155639648438e+01,2.348800086975097656e+01,2.345300102233886719e+01,2.340300178527832031e+01,2.331500053405761719e+01,2.323000144958496094e+01,2.312800025939941406e+01,2.298800086975097656e+01,2.290500068664550781e+01,2.280300140380859375e+01,2.274500083923339844e+01,2.263500022888183594e+01,2.250800132751464844e+01,2.238300132751464844e+01,2.225300025939941406e+01,2.214300155639648438e+01,2.201000022888183594e+01,2.187500190734863281e+01,2.171000099182128906e+01,2.158000183105468750e+01,2.146300125122070312e+01,2.136800193786621094e+01,2.130500030517578125e+01,2.111300086975097656e+01
2.079000091552734375e+01,2.060300064086914062e+01,2.046500015258789062e+01,2.036000061035156250e+01,2.026800155639648438e+01,2.014300155639648438e+01,1.995800018310546875e+01,1.968300056457519531e+01,1.932300186157226562e+01,1.885300064086914062e+01,1.816000175476074219e+01,1.721800041198730469e+01,1.597800064086914062e+01,1.472000026702880859e+01,1.391000080108642578e+01,1.000000020040877343e+20,1.000000020040877343e+20,1.000000020040877343e+20,1.000000020040877343e+20,1.000000020040877343e+20,1.000000020040877343e+20,1.000000020040877343e+20,1.000000020040877343e+20,1.000000020040877343e+20,1.000000020040877343e+20,1.000000020040877343e+20,1.000000020040877343e+20,1.000000020040877343e+20,1.000000020040877343e+20,1.000000020040877343e+20,1.000000020040877343e+20,1.000000020040877343e+20,1.000000020040877343e+20,1.000000020040877343e+20,1.000000020040877343e+20,2.474000167846679688e+01,2.468800163269042969e+01,2.460000038146972656e+01,2.451800155639648438e+01,2.447300148010253906e+01,2.445500183105468750e+01,2.446500205993652344e+01,2.445300102233886719e+01,2.443500137329101562e+01,1.000000020040877343e+20,1.000000020040877343e+20,1.000000020040877343e+20,2.442300033569335938e+01,2.448000144958496094e+01,2.434300041198730469e+01,2.420500183105468750e+01,2.408500099182128906e+01,2.395800209045410156e+01,2.384800148010253906e+01,2.372500038146972656e+01,2.359500122070312500e+01,2.354500198364257812e+01,2.353500175476074219e+01,2.347500038146972656e+01,2.334800148010253906e+01,2.319800186157226562e+01,2.308000183105468750e+01,2.296500015258789062e+01,2.286800193786621094e+01,2.279800033569335938e+01,2.273300170898437500e+01,2.268000030517578125e+01,2.260300064086914062e+01,2.253500175476074219e+01,2.247500038146972656e+01,2.246800041198730469e+01,2.243000030517578125e+01,2.242000198364257812e+01,2.237000083923339844e+01,2.229800033569335938e+01,2.217500114440917969e+01,2.208300018310546875e+01,2.198500061035156250e+01,2.190000152587890625e+01,2.181800079345703125e+01,2.176000022888183594e+01,2.175800132751464844e+01,2.175000190734863281e+01,2.175300025939941406e+01,2.173300170898437500e+01,2.170800018310546875e+01,2.169300079345703125e+01,2.164500045776367188e+01,2.164500045776367188e+01,2.162300109863281250e+01,2.161500167846679688e+01,2.162000083923339844e+01,2.161000061035156250e+01,2.156300163269042969e+01,2.155000114440917969e+01,2.152000045776367188e+01,2.147800064086914062e+01,2.143300056457519531e+01,2.145000076293945312e+01,2.145300102233886719e+01,2.146000099182128906e+01,2.147800064086914062e+01,2.151500129699707031e+01,2.153800010681152344e+01,2.157800102233886719e+01,2.166000175476074219e+01,2.177800178527832031e+01,2.195500183105468750e+01,2.223800086975097656e+01,2.257300186157226562e+01,2.295800018310546875e+01,2.337000083923339844e+01,2.367500114440917969e+01,2.388300132751464844e+01,1.000000020040877343e+20,1.000000020040877343e+20,1.000000020040877343e+20,1.000000020040877343e+20,1.000000020040877343e+20,1.000000020040877343e+20,1.000000020040877343e+20,1.000000020040877343e+20,1.000000020040877343e+20,1.000000020040877343e+20,1.000000020040877343e+20,1.000000020040877343e+20,1.000000020040877343e+20,1.000000020040877343e+20,1.000000020040877343e+20,1.000000020040877343e+20,1.000000020040877343e+20,1.000000020040877343e+20,1.000000020040877343e+20,1.000000020040877343e+20,1.000000020040877343e+20,1.000000020040877343e+20,1.000000020040877343e+20,1.000000020040877343e+20,1.000000020040877343e+20,1.000000020040877343e+20,1.000000020040877343e+20,1.000000020040877343e+20,1.000000020040877343e+20,1.000000020040877343e+20,1.000000020040877343e+20,1.000000020040877343e+20,1.000000020040877343e+20,1.000000020040877343e+20,1.000000020040877343e+20,1.000000020040877343e+20,1.000000020040877343e+20,1.000000020040877343e+20,2.288300132751464844e+01,2.292500114440917969e+01,2.302300071716308594e+01,2.302800178527832031e+01,2.292000198364257812e+01,2.278800201416015625e+01,2.263000106811523438e+01,2.246800041198730469e+01,2.232000160217285156e+01,2.221500015258789062e+01,2.214800071716308594e+01,2.215000152587890625e+01,2.217800140380859375e+01,2.221300125122070312e+01,2.222000122070312500e+01,2.224300193786621094e+01,2.226500129699707031e+01,2.228500175476074219e+01,2.229800033569335938e+01,2.225000190734863281e+01,2.223000144958496094e+01,2.219300079345703125e+01,2.217000198364257812e+01,2.216500091552734375e+01,2.217800140380859375e+01,2.219500160217285156e+01,2.216800117492675781e+01,2.212800025939941406e+01,2.210800170898437500e+01,2.212000083923339844e+01,2.217800140380859375e+01,2.219500160217285156e+01,2.218800163269042969e+01,2.217500114440917969e+01,2.217800140380859375e+01,2.222500038146972656e+01,2.228300094604492188e+01,2.234300041198730469e+01,2.244300079345703125e+01,2.251300048828125000e+01,2.261500167846679688e+01,2.270800018310546875e+01,2.278800201416015625e+01,2.284000015258789062e+01,2.287300109863281250e+01,2.289800071716308594e+01,2.292300033569335938e+01,2.295500183105468750e+01,2.300000190734863281e+01,2.301500129699707031e+01,2.300800132751464844e+01,2.296500015258789062e+01,2.288000106811523438e+01,2.281300163269042969e+01,2.279800033569335938e+01,2.279500198364257812e+01,2.282300186157226562e+01,2.285300064086914062e+01,2.288300132751464844e+01,2.291000175476074219e+01,2.291000175476074219e+01,2.293500137329101562e+01,2.298300170898437500e+01,2.306000137329101562e+01,2.313300132751464844e+01,2.321000099182128906e+01,2.323500061035156250e+01,2.326000022888183594e+01,2.324800109863281250e+01,2.326000022888183594e+01,2.331300163269042969e+01,2.333500099182128906e+01,2.338800048828125000e+01,2.345300102233886719e+01,2.351800155639648438e+01,2.356800079345703125e+01,2.361300086975097656e+01,2.364500045776367188e+01,2.366500091552734375e+01,2.368300056457519531e+01,2.373000144958496094e+01,2.376800155639648438e+01,2.381300163269042969e+01,2.384500122070312500e+01,2.385300064086914062e+01,2.383000183105468750e+01,2.379800033569335938e+01,2.374000167846679688e+01,2.369300079345703125e+01,2.364800071716308594e+01,2.359300041198730469e+01,2.353500175476074219e+01,2.347300148010253906e+01,2.342000198364257812e+01,2.334800148010253906e+01,2.327000045776367188e+01,2.317500114440917969e+01,2.306500053405761719e+01,2.295500183105468750e+01,2.284500122070312500e+01,2.272000122070312500e+01,2.259000015258789062e+01,2.244800186157226562e+01,2.232500076293945312e+01,2.222300148010253906e+01,2.212000083923339844e+01,2.202300071716308594e+01,2.192800140380859375e+01,2.180500030517578125e+01,2.166800117492675781e+01,2.151000022888183594e+01,2.134800148010253906e+01,2.120300102233886719e+01,2.106800079345703125e+01,2.094300079345703125e+01,2.079000091552734375e+01,2.064000129699707031e+01,2.048300170898437500e+01,2.030500030517578125e+01,2.014800071716308594e+01,1.999300003051757812e+01,1.986300086975097656e+01,1.974300003051757812e+01,1.960500144958496094e+01,1.941800117492675781e+01,1.923000144958496094e+01,1.903800010681152344e+01,1.882000160217285156e+01,1.861800003051757812e+01,1.837300109863281250e+01,1.814300155639648438e+01,1.791800117492675781e+01,1.766300010681152344e+01,1.739500045776367188e+01,1.712000083923339844e+01,1.683800125122070312e+01,1.660500144958496094e+01,1.650500106811523438e+01,1.000000020040877343e+20,1.000000020040877343e+20,1.000000020040877343e+20,1.000000020040877343e+20,1.000000020040877343e+20,1.000000020040877343e+20,1.000000020040877343e+20,1.000000020040877343e+20,1.000000020040877343e+20,1.000000020040877343e+20,1.000000020040877343e+20,1.000000020040877343e+20,1.000000020040877343e+20,1.000000020040877343e+20,1.000000020040877343e+20,1.000000020040877343e+20,1.000000020040877343e+20,1.000000020040877343e+20,1.000000020040877343e+20,1.000000020040877343e+20,1.000000020040877343e+20,1.000000020040877343e+20,2.120500183105468750e+01,2.154300117492675781e+01,2.213300132751464844e+01,2.279500198364257812e+01,2.323000144958496094e+01,2.355500030517578125e+01,2.379300117492675781e+01,2.398300170898437500e+01,2.410800170898437500e+01,2.417800140380859375e+01,2.419000053405761719e+01,2.416800117492675781e+01,2.410300064086914062e+01,2.399800109863281250e+01,2.387300109863281250e+01,2.379000091552734375e+01,2.372800064086914062e+01,2.369300079345703125e+01,2.369000053405761719e+01,2.363300132751464844e+01,2.352300071716308594e+01,2.337500190734863281e+01,2.324000167846679688e+01,2.314800071716308594e+01,2.306800079345703125e+01,2.302800178527832031e+01,2.298300170898437500e+01,2.293800163269042969e+01,2.287000083923339844e+01,2.280300140380859375e+01,2.270800018310546875e+01,2.262800025939941406e+01,2.254500198364257812e+01,2.249300193786621094e+01,2.243000030517578125e+01,2.233800125122070312e+01,2.222800064086914062e+01,2.211300086975097656e+01,2.200500106811523438e+01,2.189800071716308594e+01,2.176000022888183594e+01,2.161300086975097656e+01,2.145800018310546875e+01,2.135500144958496094e+01,2.126300048828125000e+01,2.118300056457519531e+01,2.115000152587890625e+01,2.097000122070312500e+01
2.064000129699707031e+01,2.051500129699707031e+01,2.037800025939941406e+01,2.024500083923339844e+01,2.012300109863281250e+01,2.000800132751464844e+01,1.985500144958496094e+01,1.965800094604492188e+01,1.934000015258789062e+01,1.892000007629394531e+01,1.835300064086914062e+01,1.752000045776367188e+01,1.640000152587890625e+01,1.514000034332275391e+01,1.428500080108642578e+01,1.000000020040877343e+20,1.000000020040877343e+20,1.000000020040877343e+20,1.000000020040877343e+20,1.000000020040877343e+20,1.000000020040877343e+20,1.000000020040877343e+20,1.000000020040877343e+20,1.000000020040877343e+20,1.000000020040877343e+20,1.000000020040877343e+20,1.000000020040877343e+20,1.000000020040877343e+20,1.000000020040877343e+20,1.000000020040877343e+20,1.000000020040877343e+20,1.000000020040877343e+20,1.000000020040877343e+20,2.414500045776367188e+01,2.417300033569335938e+01,2.436000061035156250e+01,2.429800033569335938e+01,2.418300056457519531e+01,2.406800079345703125e+01,2.401000022888183594e+01,2.397800064086914062e+01,2.397000122070312500e+01,2.395500183105468750e+01,2.395300102233886719e+01,2.380300140380859375e+01,2.382500076293945312e+01,2.392500114440917969e+01,2.413500022888183594e+01,2.404800033569335938e+01,2.387500190734863281e+01,2.371300125122070312e+01,2.356800079345703125e+01,2.344800186157226562e+01,2.337300109863281250e+01,2.330000114440917969e+01,2.323500061035156250e+01,2.318000030517578125e+01,2.312800025939941406e+01,2.301800155639648438e+01,2.286800193786621094e+01,2.271500015258789062e+01,2.258800125122070312e+01,2.248300170898437500e+01,2.238800048828125000e+01,2.231300163269042969e+01,2.226000022888183594e+01,2.219300079345703125e+01,2.208000183105468750e+01,2.196500015258789062e+01,2.186500167846679688e+01,2.180300140380859375e+01,2.176800155639648438e+01,2.178800010681152344e+01,2.183000183105468750e+01,2.182500076293945312e+01,2.177500152587890625e+01,2.170800018310546875e+01,2.161300086975097656e+01,2.150300025939941406e+01,2.141500091552734375e+01,2.134500122070312500e+01,2.130300140380859375e+01,2.128000068664550781e+01,2.124300193786621094e+01,2.120800018310546875e+01,2.119000053405761719e+01,2.116500091552734375e+01,2.116800117492675781e+01,2.115300178527832031e+01,2.114300155639648438e+01,2.114500045776367188e+01,2.111300086975097656e+01,2.110500144958496094e+01,2.108300018310546875e+01,2.109000015258789062e+01,2.106000137329101562e+01,2.103300094604492188e+01,2.101300048828125000e+01,2.100000190734863281e+01,2.098000144958496094e+01,2.098300170898437500e+01,2.097000122070312500e+01,2.098000144958496094e+01,2.100800132751464844e+01,2.100800132751464844e+01,2.104300117492675781e+01,2.113000106811523438e+01,2.130500030517578125e+01,2.155000114440917969e+01,2.191300010681152344e+01,2.237800025939941406e+01,2.285300064086914062e+01,2.328300094604492188e+01,2.352300071716308594e+01,1.000000020040877343e+20,1.000000020040877343e+20,1.000000020040877343e+20,1.000000020040877343e+20,1.000000020040877343e+20,1.000000020040877343e+20,1.000000020040877343e+20,1.000000020040877343e+20,1.000000020040877343e+20,1.000000020040877343e+20,1.000000020040877343e+20,1.000000020040877343e+20,1.000000020040877343e+20,1.000000020040877343e+20,1.000000020040877343e+20,1.000000020040877343e+20,1.000000020040877343e+20,1.000000020040877343e+20,1.000000020040877343e+20,1.000000020040877343e+20,1.000000020040877343e+20,1.000000020040877343e+20,1.000000020040877343e+20,1.000000020040877343e+20,1.000000020040877343e+20,1.000000020040877343e+20,1.000000020040877343e+20,1.000000020040877343e+20,1.000000020040877343e+20,1.000000020040877343e+20,1.000000020040877343e+20,1.000000020040877343e+20,1.000000020040877343e+20,1.000000020040877343e+20,1.000000020040877343e+20,1.000000020040877343e+20,1.000000020040877343e+20,1.000000020040877343e+20,1.000000020040877343e+20,2.276800155639648438e+01,2.277500152587890625e+01,2.274800109863281250e+01,2.261300086975097656e+01,2.246000099182128906e+01,2.229800033569335938e+01,2.215500068664550781e+01,2.202300071716308594e+01,2.190000152587890625e+01,2.180800056457519531e+01,2.178500175476074219e+01,2.180300140380859375e+01,2.182000160217285156e+01,2.182000160217285156e+01,2.181800079345703125e+01,2.182500076293945312e+01,2.185500144958496094e+01,2.184300041198730469e+01,2.181800079345703125e+01,2.178300094604492188e+01,2.171300125122070312e+01,2.168800163269042969e+01,2.168000030517578125e+01,2.171800041198730469e+01,2.175300025939941406e+01,2.172300148010253906e+01,2.165000152587890625e+01,2.163500022888183594e+01,2.165500068664550781e+01,2.167300033569335938e+01,2.167300033569335938e+01,2.163500022888183594e+01,2.162800025939941406e+01,2.165300178527832031e+01,2.167800140380859375e+01,2.169500160217285156e+01,2.174500083923339844e+01,2.182300186157226562e+01,2.191300010681152344e+01,2.200300025939941406e+01,2.210000038146972656e+01,2.216300010681152344e+01,2.220500183105468750e+01,2.224000167846679688e+01,2.224800109863281250e+01,2.225800132751464844e+01,2.227000045776367188e+01,2.227800178527832031e+01,2.225800132751464844e+01,2.223500061035156250e+01,2.218300056457519531e+01,2.212300109863281250e+01,2.206800079345703125e+01,2.206800079345703125e+01,2.204500198364257812e+01,2.205000114440917969e+01,2.206300163269042969e+01,2.207300186157226562e+01,2.208000183105468750e+01,2.208500099182128906e+01,2.209300041198730469e+01,2.212800025939941406e+01,2.219500160217285156e+01,2.226800155639648438e+01,2.236800193786621094e+01,2.242500114440917969e+01,2.243800163269042969e+01,2.244300079345703125e+01,2.242300033569335938e+01,2.244000053405761719e+01,2.247000122070312500e+01,2.249300193786621094e+01,2.255800056457519531e+01,2.266500091552734375e+01,2.274000167846679688e+01,2.281300163269042969e+01,2.289000129699707031e+01,2.294000053405761719e+01,2.298300170898437500e+01,2.304500198364257812e+01,2.311000061035156250e+01,2.315800094604492188e+01,2.321800041198730469e+01,2.323800086975097656e+01,2.324300193786621094e+01,2.322300148010253906e+01,2.319500160217285156e+01,2.316300201416015625e+01,2.314800071716308594e+01,2.311500167846679688e+01,2.308300018310546875e+01,2.304500198364257812e+01,2.298800086975097656e+01,2.292800140380859375e+01,2.284800148010253906e+01,2.276800155639648438e+01,2.268300056457519531e+01,2.259800148010253906e+01,2.251800155639648438e+01,2.242500114440917969e+01,2.229500198364257812e+01,2.217000198364257812e+01,2.206300163269042969e+01,2.195800018310546875e+01,2.184800148010253906e+01,2.175500106811523438e+01,2.166500091552734375e+01,2.156300163269042969e+01,2.142800140380859375e+01,2.129000091552734375e+01,2.115000152587890625e+01,2.101000022888183594e+01,2.087300109863281250e+01,2.076000022888183594e+01,2.061300086975097656e+01,2.047800064086914062e+01,2.032500076293945312e+01,2.017000007629394531e+01,2.001000022888183594e+01,1.986800003051757812e+01,1.973300170898437500e+01,1.958000183105468750e+01,1.943300056457519531e+01,1.927300071716308594e+01,1.906000137329101562e+01,1.887800025939941406e+01,1.867300033569335938e+01,1.846500015258789062e+01,1.823000144958496094e+01,1.799300003051757812e+01,1.773300170898437500e+01,1.744799995422363281e+01,1.712000083923339844e+01,1.677799987792968750e+01,1.646500015258789062e+01,1.624800109863281250e+01,1.628300094604492188e+01,1.000000020040877343e+20,1.000000020040877343e+20,1.000000020040877343e+20,1.000000020040877343e+20,1.000000020040877343e+20,1.000000020040877343e+20,1.000000020040877343e+20,1.000000020040877343e+20,1.000000020040877343e+20,1.000000020040877343e+20,1.000000020040877343e+20,1.000000020040877343e+20,1.000000020040877343e+20,1.000000020040877343e+20,1.000000020040877343e+20,1.000000020040877343e+20,1.000000020040877343e+20,1.000000020040877343e+20,1.000000020040877343e+20,1.000000020040877343e+20,1.000000020040877343e+20,1.000000020040877343e+20,2.129500007629394531e+01,2.174800109863281250e+01,2.238800048828125000e+01,2.298300170898437500e+01,2.340800094604492188e+01,2.365800094604492188e+01,2.378500175476074219e+01,2.384000205993652344e+01,2.383300018310546875e+01,2.378500175476074219e+01,2.374300193786621094e+01,2.366800117492675781e+01,2.356000137329101562e+01,2.346000099182128906e+01,2.337500190734863281e+01,2.331800079345703125e+01,2.325300025939941406e+01,2.321800041198730469e+01,2.320800018310546875e+01,2.312500190734863281e+01,2.301300048828125000e+01,2.288500022888183594e+01,2.273300170898437500e+01,2.261800193786621094e+01,2.252500152587890625e+01,2.245500183105468750e+01,2.239800071716308594e+01,2.232800102233886719e+01,2.226800155639648438e+01,2.220000076293945312e+01,2.213800048828125000e+01,2.209000015258789062e+01,2.204800033569335938e+01,2.201800155639648438e+01,2.197800064086914062e+01,2.190300178527832031e+01,2.183800125122070312e+01,2.177300071716308594e+01,2.168300056457519531e+01,2.158300018310546875e+01,2.146500015258789062e+01,2.134500122070312500e+01,2.121800041198730469e+01,2.111800193786621094e+01,2.102300071716308594e+01,2.096300125122070312e+01,2.092000007629394531e+01,2.077800178527832031e+01
2.043800163269042969e+01,2.034300041198730469e+01,2.021300125122070312e+01,2.004800033569335938e+01,1.992300033569335938e+01,1.982800102233886719e+01,1.974300003051757812e+01,1.959000015258789062e+01,1.932800102233886719e+01,1.895800018310546875e+01,1.849800109863281250e+01,1.786800003051757812e+01,1.695800018310546875e+01,1.581000041961669922e+01,1.490300083160400391e+01,1.000000020040877343e+20,1.000000020040877343e+20,1.000000020040877343e+20,1.000000020040877343e+20,1.000000020040877343e+20,1.000000020040877343e+20,1.000000020040877343e+20,1.000000020040877343e+20,1.000000020040877343e+20,1.000000020040877343e+20,1.000000020040877343e+20,1.000000020040877343e+20,1.000000020040877343e+20,1.000000020040877343e+20,1.000000020040877343e+20,1.000000020040877343e+20,1.000000020040877343e+20,1.000000020040877343e+20,2.400800132751464844e+01,2.399300193786621094e+01,2.396500205993652344e+01,2.388300132751464844e+01,2.378500175476074219e+01,2.370500183105468750e+01,2.363300132751464844e+01,2.358300018310546875e+01,2.355300140380859375e+01,2.353800201416015625e+01,2.353800201416015625e+01,2.357500076293945312e+01,2.363000106811523438e+01,2.367800140380859375e+01,2.366000175476074219e+01,2.350300025939941406e+01,2.328500175476074219e+01,2.311300086975097656e+01,2.297500038146972656e+01,2.287300109863281250e+01,2.281800079345703125e+01,2.278300094604492188e+01,2.274500083923339844e+01,2.267500114440917969e+01,2.259000015258789062e+01,2.246500015258789062e+01,2.232300186157226562e+01,2.218800163269042969e+01,2.207500076293945312e+01,2.199300193786621094e+01,2.190800094604492188e+01,2.181000137329101562e+01,2.171300125122070312e+01,2.161800193786621094e+01,2.152500152587890625e+01,2.139300155639648438e+01,2.125500106811523438e+01,2.113800048828125000e+01,2.107800102233886719e+01,2.107800102233886719e+01,2.113800048828125000e+01,2.120800018310546875e+01,2.123300170898437500e+01,2.122000122070312500e+01,2.116500091552734375e+01,2.108800125122070312e+01,2.100000190734863281e+01,2.092800140380859375e+01,2.085500144958496094e+01,2.080500030517578125e+01,2.075800132751464844e+01,2.071800041198730469e+01,2.069500160217285156e+01,2.068000030517578125e+01,2.068500137329101562e+01,2.069500160217285156e+01,2.069300079345703125e+01,2.067300033569335938e+01,2.064500045776367188e+01,2.061300086975097656e+01,2.059000015258789062e+01,2.058800125122070312e+01,2.056800079345703125e+01,2.054000091552734375e+01,2.051800155639648438e+01,2.050500106811523438e+01,2.047300148010253906e+01,2.045500183105468750e+01,2.043500137329101562e+01,2.043300056457519531e+01,2.043000030517578125e+01,2.044800186157226562e+01,2.047500038146972656e+01,2.056500053405761719e+01,2.071800041198730469e+01,2.098000144958496094e+01,2.134500122070312500e+01,2.179500198364257812e+01,2.230500030517578125e+01,2.277800178527832031e+01,2.304000091552734375e+01,1.000000020040877343e+20,1.000000020040877343e+20,1.000000020040877343e+20,1.000000020040877343e+20,1.000000020040877343e+20,1.000000020040877343e+20,1.000000020040877343e+20,1.000000020040877343e+20,1.000000020040877343e+20,1.000000020040877343e+20,1.000000020040877343e+20,1.000000020040877343e+20,1.000000020040877343e+20,1.000000020040877343e+20,1.000000020040877343e+20,1.000000020040877343e+20,1.000000020040877343e+20,1.000000020040877343e+20,1.000000020040877343e+20,1.000000020040877343e+20,1.000000020040877343e+20,1.000000020040877343e+20,1.000000020040877343e+20,1.000000020040877343e+20,1.000000020040877343e+20,1.000000020040877343e+20,1.000000020040877343e+20,1.000000020040877343e+20,1.000000020040877343e+20,1.000000020040877343e+20,1.000000020040877343e+20,1.000000020040877343e+20,1.000000020040877343e+20,1.000000020040877343e+20,1.000000020040877343e+20,1.000000020040877343e+20,1.000000020040877343e+20,1.000000020040877343e+20,1.000000020040877343e+20,2.257000160217285156e+01,2.255000114440917969e+01,2.246800041198730469e+01,2.232000160217285156e+01,2.212500190734863281e+01,2.195500183105468750e+01,2.180500030517578125e+01,2.166500091552734375e+01,2.153300094604492188e+01,2.143300056457519531e+01,2.137500190734863281e+01,2.136000061035156250e+01,2.133000183105468750e+01,2.132500076293945312e+01,2.128500175476074219e+01,2.128300094604492188e+01,2.127500152587890625e+01,2.128000068664550781e+01,2.125300025939941406e+01,2.123300170898437500e+01,2.120500183105468750e+01,2.122800064086914062e+01,2.128000068664550781e+01,2.134500122070312500e+01,2.136800193786621094e+01,2.132500076293945312e+01,2.122800064086914062e+01,2.116800117492675781e+01,2.115800094604492188e+01,2.116800117492675781e+01,2.115800094604492188e+01,2.116800117492675781e+01,2.117500114440917969e+01,2.117500114440917969e+01,2.118000030517578125e+01,2.119500160217285156e+01,2.121500015258789062e+01,2.128000068664550781e+01,2.133500099182128906e+01,2.141000175476074219e+01,2.146000099182128906e+01,2.150800132751464844e+01,2.155500030517578125e+01,2.159300041198730469e+01,2.161300086975097656e+01,2.161300086975097656e+01,2.159500122070312500e+01,2.157500076293945312e+01,2.153300094604492188e+01,2.148300170898437500e+01,2.144300079345703125e+01,2.141500091552734375e+01,2.138800048828125000e+01,2.137500190734863281e+01,2.134800148010253906e+01,2.134300041198730469e+01,2.133000183105468750e+01,2.129300117492675781e+01,2.128800010681152344e+01,2.129800033569335938e+01,2.131500053405761719e+01,2.135300064086914062e+01,2.144000053405761719e+01,2.152800178527832031e+01,2.158800125122070312e+01,2.166500091552734375e+01,2.167000007629394531e+01,2.168500137329101562e+01,2.169000053405761719e+01,2.168000030517578125e+01,2.170000076293945312e+01,2.173000144958496094e+01,2.178000068664550781e+01,2.187800025939941406e+01,2.199000167846679688e+01,2.209500122070312500e+01,2.217500114440917969e+01,2.224000167846679688e+01,2.229300117492675781e+01,2.236800193786621094e+01,2.242500114440917969e+01,2.252500152587890625e+01,2.260000038146972656e+01,2.264800071716308594e+01,2.267300033569335938e+01,2.267300033569335938e+01,2.264800071716308594e+01,2.263500022888183594e+01,2.260500144958496094e+01,2.260800170898437500e+01,2.258300018310546875e+01,2.256300163269042969e+01,2.251800155639648438e+01,2.245500183105468750e+01,2.239800071716308594e+01,2.232500076293945312e+01,2.225500106811523438e+01,2.219800186157226562e+01,2.213000106811523438e+01,2.206300163269042969e+01,2.197800064086914062e+01,2.187500190734863281e+01,2.176300048828125000e+01,2.165800094604492188e+01,2.155000114440917969e+01,2.145800018310546875e+01,2.137000083923339844e+01,2.127300071716308594e+01,2.114500045776367188e+01,2.101300048828125000e+01,2.089000129699707031e+01,2.078000068664550781e+01,2.066500091552734375e+01,2.055000114440917969e+01,2.042000007629394531e+01,2.030500030517578125e+01,2.015300178527832031e+01,2.001300048828125000e+01,1.986500167846679688e+01,1.971300125122070312e+01,1.955800056457519531e+01,1.941500091552734375e+01,1.926300048828125000e+01,1.909300041198730469e+01,1.890000152587890625e+01,1.870500183105468750e+01,1.850800132751464844e+01,1.831500053405761719e+01,1.809500122070312500e+01,1.784000015258789062e+01,1.753000068664550781e+01,1.718800163269042969e+01,1.681500053405761719e+01,1.641800117492675781e+01,1.607800102233886719e+01,1.587000083923339844e+01,1.000000020040877343e+20,1.000000020040877343e+20,1.000000020040877343e+20,1.000000020040877343e+20,1.000000020040877343e+20,1.000000020040877343e+20,1.000000020040877343e+20,1.000000020040877343e+20,1.000000020040877343e+20,1.000000020040877343e+20,1.000000020040877343e+20,1.000000020040877343e+20,1.000000020040877343e+20,1.000000020040877343e+20,1.000000020040877343e+20,1.000000020040877343e+20,1.000000020040877343e+20,1.000000020040877343e+20,1.000000020040877343e+20,1.000000020040877343e+20,1.000000020040877343e+20,1.000000020040877343e+20,2.064300155639648438e+01,2.116300010681152344e+01,2.179300117492675781e+01,2.244500160217285156e+01,2.294300079345703125e+01,2.321300125122070312e+01,2.333300018310546875e+01,2.337300109863281250e+01,2.334500122070312500e+01,2.331000137329101562e+01,2.321300125122070312e+01,2.313500022888183594e+01,2.304800033569335938e+01,2.297800064086914062e+01,2.294300079345703125e+01,2.287300109863281250e+01,2.282300186157226562e+01,2.277300071716308594e+01,2.269300079345703125e+01,2.264300155639648438e+01,2.254000091552734375e+01,2.243800163269042969e+01,2.231300163269042969e+01,2.219500160217285156e+01,2.208000183105468750e+01,2.198800086975097656e+01,2.192500114440917969e+01,2.183500099182128906e+01,2.172500038146972656e+01,2.163300132751464844e+01,2.154300117492675781e+01,2.152000045776367188e+01,2.150800132751464844e+01,2.149000167846679688e+01,2.148000144958496094e+01,2.142800140380859375e+01,2.139300155639648438e+01,2.136300086975097656e+01,2.131800079345703125e+01,2.126300048828125000e+01,2.120500183105468750e+01,2.113300132751464844e+01,2.103800010681152344e+01,2.094800186157226562e+01,2.086300086975097656e+01,2.077300071716308594e+01,2.067500114440917969e+01,2.064300155639648438e+01,2.054300117492675781e+01
2.010000038146972656e+01,2.001300048828125000e+01,1.991500091552734375e+01,1.977300071716308594e+01,1.966500091552734375e+01,1.960300064086914062e+01,1.955800056457519531e+01,1.945000076293945312e+01,1.923800086975097656e+01,1.893500137329101562e+01,1.858500099182128906e+01,1.814500045776367188e+01,1.749000167846679688e+01,1.653800010681152344e+01,1.547300052642822266e+01,1.468000030517578125e+01,1.000000020040877343e+20,1.000000020040877343e+20,1.000000020040877343e+20,1.000000020040877343e+20,1.000000020040877343e+20,1.000000020040877343e+20,1.000000020040877343e+20,1.000000020040877343e+20,1.000000020040877343e+20,1.000000020040877343e+20,1.000000020040877343e+20,1.000000020040877343e+20,1.000000020040877343e+20,1.000000020040877343e+20,1.000000020040877343e+20,1.000000020040877343e+20,1.000000020040877343e+20,2.369800186157226562e+01,2.363500022888183594e+01,2.356300163269042969e+01,2.348500061035156250e+01,2.342300033569335938e+01,2.337300109863281250e+01,2.331300163269042969e+01,2.326500129699707031e+01,2.320000076293945312e+01,2.314800071716308594e+01,2.311000061035156250e+01,2.309300041198730469e+01,2.310500144958496094e+01,2.308500099182128906e+01,2.298800086975097656e+01,2.281500053405761719e+01,2.262500190734863281e+01,2.246300125122070312e+01,2.231800079345703125e+01,2.219300079345703125e+01,2.211800193786621094e+01,2.209300041198730469e+01,2.207300186157226562e+01,2.201300048828125000e+01,2.195000076293945312e+01,2.185500144958496094e+01,2.175000190734863281e+01,2.164800071716308594e+01,2.156500053405761719e+01,2.148000144958496094e+01,2.139800071716308594e+01,2.127500152587890625e+01,2.115500068664550781e+01,2.104500007629394531e+01,2.091800117492675781e+01,2.077500152587890625e+01,2.062500190734863281e+01,2.051000022888183594e+01,2.044800186157226562e+01,2.042000007629394531e+01,2.044000053405761719e+01,2.048300170898437500e+01,2.052300071716308594e+01,2.054800033569335938e+01,2.052000045776367188e+01,2.047300148010253906e+01,2.041800117492675781e+01,2.035800170898437500e+01,2.030300140380859375e+01,2.025500106811523438e+01,2.018300056457519531e+01,2.016300010681152344e+01,2.015000152587890625e+01,2.017300033569335938e+01,2.017500114440917969e+01,2.019300079345703125e+01,2.017300033569335938e+01,2.016800117492675781e+01,2.014800071716308594e+01,2.012000083923339844e+01,2.006000137329101562e+01,2.004300117492675781e+01,2.000500106811523438e+01,1.999800109863281250e+01,1.998300170898437500e+01,1.997500038146972656e+01,1.994800186157226562e+01,1.994300079345703125e+01,1.990800094604492188e+01,1.987000083923339844e+01,1.985000038146972656e+01,1.985000038146972656e+01,1.988000106811523438e+01,1.996800041198730469e+01,2.012300109863281250e+01,2.038300132751464844e+01,2.076000022888183594e+01,2.122500038146972656e+01,2.172300148010253906e+01,2.218000030517578125e+01,2.243300056457519531e+01,1.000000020040877343e+20,1.000000020040877343e+20,1.000000020040877343e+20,1.000000020040877343e+20,1.000000020040877343e+20,1.000000020040877343e+20,1.000000020040877343e+20,1.000000020040877343e+20,1.000000020040877343e+20,1.000000020040877343e+20,1.000000020040877343e+20,1.000000020040877343e+20,1.000000020040877343e+20,1.000000020040877343e+20,1.000000020040877343e+20,1.000000020040877343e+20,1.000000020040877343e+20,1.000000020040877343e+20,1.000000020040877343e+20,1.000000020040877343e+20,1.000000020040877343e+20,1.000000020040877343e+20,1.000000020040877343e+20,1.000000020040877343e+20,1.000000020040877343e+20,1.000000020040877343e+20,1.000000020040877343e+20,1.000000020040877343e+20,1.000000020040877343e+20,1.000000020040877343e+20,1.000000020040877343e+20,1.000000020040877343e+20,1.000000020040877343e+20,1.000000020040877343e+20,1.000000020040877343e+20,1.000000020040877343e+20,1.000000020040877343e+20,1.000000020040877343e+20,1.000000020040877343e+20,2.233500099182128906e+01,2.230300140380859375e+01,2.219500160217285156e+01,2.200500106811523438e+01,2.179800033569335938e+01,2.160300064086914062e+01,2.143800163269042969e+01,2.129800033569335938e+01,2.116500091552734375e+01,2.105500030517578125e+01,2.095800018310546875e+01,2.088000106811523438e+01,2.081000137329101562e+01,2.076300048828125000e+01,2.071300125122070312e+01,2.068300056457519531e+01,2.066500091552734375e+01,2.062800025939941406e+01,2.060000038146972656e+01,2.058500099182128906e+01,2.060500144958496094e+01,2.069300079345703125e+01,2.079800033569335938e+01,2.088300132751464844e+01,2.089800071716308594e+01,2.085300064086914062e+01,2.077500152587890625e+01,2.070500183105468750e+01,2.068000030517578125e+01,2.065800094604492188e+01,2.064300155639648438e+01,2.064000129699707031e+01,2.064000129699707031e+01,2.063000106811523438e+01,2.065300178527832031e+01,2.067000007629394531e+01,2.070800018310546875e+01,2.074500083923339844e+01,2.079800033569335938e+01,2.080800056457519531e+01,2.083800125122070312e+01,2.090000152587890625e+01,2.094000053405761719e+01,2.095000076293945312e+01,2.095800018310546875e+01,2.094500160217285156e+01,2.090300178527832031e+01,2.087000083923339844e+01,2.081300163269042969e+01,2.076300048828125000e+01,2.074500083923339844e+01,2.072800064086914062e+01,2.072000122070312500e+01,2.072800064086914062e+01,2.068800163269042969e+01,2.064300155639648438e+01,2.063800048828125000e+01,2.061500167846679688e+01,2.059500122070312500e+01,2.057300186157226562e+01,2.062800025939941406e+01,2.069000053405761719e+01,2.075300025939941406e+01,2.082800102233886719e+01,2.087000083923339844e+01,2.091000175476074219e+01,2.092000007629394531e+01,2.090300178527832031e+01,2.091300010681152344e+01,2.091800117492675781e+01,2.092500114440917969e+01,2.095500183105468750e+01,2.105000114440917969e+01,2.114300155639648438e+01,2.127000045776367188e+01,2.136000061035156250e+01,2.143500137329101562e+01,2.150300025939941406e+01,2.156800079345703125e+01,2.165500068664550781e+01,2.173500061035156250e+01,2.183000183105468750e+01,2.192800140380859375e+01,2.198300170898437500e+01,2.204000091552734375e+01,2.205800056457519531e+01,2.208500099182128906e+01,2.209500122070312500e+01,2.210300064086914062e+01,2.210300064086914062e+01,2.209300041198730469e+01,2.207000160217285156e+01,2.203500175476074219e+01,2.199500083923339844e+01,2.194500160217285156e+01,2.189300155639648438e+01,2.182800102233886719e+01,2.176500129699707031e+01,2.171300125122070312e+01,2.166000175476074219e+01,2.157000160217285156e+01,2.149300193786621094e+01,2.141800117492675781e+01,2.132800102233886719e+01,2.123000144958496094e+01,2.113500022888183594e+01,2.105500030517578125e+01,2.095500183105468750e+01,2.083800125122070312e+01,2.069800186157226562e+01,2.057800102233886719e+01,2.049000167846679688e+01,2.039800071716308594e+01,2.030000114440917969e+01,2.017800140380859375e+01,2.007300186157226562e+01,1.994300079345703125e+01,1.980300140380859375e+01,1.965300178527832031e+01,1.949800109863281250e+01,1.936300086975097656e+01,1.921500015258789062e+01,1.906800079345703125e+01,1.892300033569335938e+01,1.872800064086914062e+01,1.852000045776367188e+01,1.834500122070312500e+01,1.813300132751464844e+01,1.792500114440917969e+01,1.765800094604492188e+01,1.731300163269042969e+01,1.692000007629394531e+01,1.650000000000000000e+01,1.606000137329101562e+01,1.565300083160400391e+01,1.543800067901611328e+01,1.000000020040877343e+20,1.000000020040877343e+20,1.000000020040877343e+20,1.000000020040877343e+20,1.000000020040877343e+20,1.000000020040877343e+20,1.000000020040877343e+20,1.000000020040877343e+20,1.000000020040877343e+20,1.000000020040877343e+20,1.000000020040877343e+20,1.000000020040877343e+20,1.000000020040877343e+20,1.000000020040877343e+20,1.000000020040877343e+20,1.000000020040877343e+20,1.000000020040877343e+20,1.000000020040877343e+20,1.000000020040877343e+20,1.000000020040877343e+20,1.000000020040877343e+20,1.000000020040877343e+20,2.045500183105468750e+01,2.094300079345703125e+01,2.167000007629394531e+01,2.225800132751464844e+01,2.258000183105468750e+01,2.270500183105468750e+01,2.277800178527832031e+01,2.277800178527832031e+01,2.270800018310546875e+01,2.264800071716308594e+01,2.254500198364257812e+01,2.245800018310546875e+01,2.241800117492675781e+01,2.237800025939941406e+01,2.237000083923339844e+01,2.234300041198730469e+01,2.228000068664550781e+01,2.221800041198730469e+01,2.213000106811523438e+01,2.202500152587890625e+01,2.191500091552734375e+01,2.178300094604492188e+01,2.166800117492675781e+01,2.156800079345703125e+01,2.149500083923339844e+01,2.146300125122070312e+01,2.140800094604492188e+01,2.131800079345703125e+01,2.120800018310546875e+01,2.112300109863281250e+01,2.105300140380859375e+01,2.102000045776367188e+01,2.102300071716308594e+01,2.101300048828125000e+01,2.097500038146972656e+01,2.095800018310546875e+01,2.093300056457519531e+01,2.091000175476074219e+01,2.087000083923339844e+01,2.083300018310546875e+01,2.079300117492675781e+01,2.072500038146972656e+01,2.066800117492675781e+01,2.060800170898437500e+01,2.051800155639648438e+01,2.042300033569335938e+01,2.033800125122070312e+01,2.026800155639648438e+01,2.019800186157226562e+01
1.972000122070312500e+01,1.962300109863281250e+01,1.954000091552734375e+01,1.942000007629394531e+01,1.929300117492675781e+01,1.925500106811523438e+01,1.920500183105468750e+01,1.914800071716308594e+01,1.901000022888183594e+01,1.880500030517578125e+01,1.856300163269042969e+01,1.829500007629394531e+01,1.785500144958496094e+01,1.712500000000000000e+01,1.608800125122070312e+01,1.509300041198730469e+01,1.448800086975097656e+01,1.000000020040877343e+20,1.000000020040877343e+20,1.000000020040877343e+20,1.000000020040877343e+20,1.000000020040877343e+20,1.000000020040877343e+20,1.000000020040877343e+20,1.000000020040877343e+20,1.000000020040877343e+20,1.000000020040877343e+20,1.000000020040877343e+20,1.000000020040877343e+20,1.000000020040877343e+20,1.000000020040877343e+20,1.000000020040877343e+20,2.322800064086914062e+01,2.330800056457519531e+01,2.323500061035156250e+01,2.313500022888183594e+01,2.305000114440917969e+01,2.299500083923339844e+01,2.296300125122070312e+01,2.290300178527832031e+01,2.284500122070312500e+01,2.276500129699707031e+01,2.265800094604492188e+01,2.254800033569335938e+01,2.247300148010253906e+01,2.237300109863281250e+01,2.229300117492675781e+01,2.219300079345703125e+01,2.201500129699707031e+01,2.186300086975097656e+01,2.172300148010253906e+01,2.160500144958496094e+01,2.152800178527832031e+01,2.146300125122070312e+01,2.140500068664550781e+01,2.135500144958496094e+01,2.129300117492675781e+01,2.124800109863281250e+01,2.119000053405761719e+01,2.115300178527832031e+01,2.109500122070312500e+01,2.102300071716308594e+01,2.094000053405761719e+01,2.087500190734863281e+01,2.075500106811523438e+01,2.063500022888183594e+01,2.051800155639648438e+01,2.039500045776367188e+01,2.028000068664550781e+01,2.013000106811523438e+01,2.000300025939941406e+01,1.989300155639648438e+01,1.981800079345703125e+01,1.977300071716308594e+01,1.975500106811523438e+01,1.976300048828125000e+01,1.978500175476074219e+01,1.979300117492675781e+01,1.975800132751464844e+01,1.972000122070312500e+01,1.967300033569335938e+01,1.964500045776367188e+01,1.958500099182128906e+01,1.955500030517578125e+01,1.955300140380859375e+01,1.956300163269042969e+01,1.956000137329101562e+01,1.955800056457519531e+01,1.954300117492675781e+01,1.954500007629394531e+01,1.953000068664550781e+01,1.952800178527832031e+01,1.951300048828125000e+01,1.948000144958496094e+01,1.944500160217285156e+01,1.941500091552734375e+01,1.942500114440917969e+01,1.940000152587890625e+01,1.940000152587890625e+01,1.940300178527832031e+01,1.937800025939941406e+01,1.936300086975097656e+01,1.931500053405761719e+01,1.926500129699707031e+01,1.924800109863281250e+01,1.927300071716308594e+01,1.935300064086914062e+01,1.951000022888183594e+01,1.981000137329101562e+01,2.018800163269042969e+01,2.065000152587890625e+01,2.114800071716308594e+01,2.158300018310546875e+01,2.181000137329101562e+01,2.168500137329101562e+01,1.000000020040877343e+20,1.000000020040877343e+20,1.000000020040877343e+20,1.000000020040877343e+20,1.000000020040877343e+20,1.000000020040877343e+20,1.000000020040877343e+20,1.000000020040877343e+20,1.000000020040877343e+20,1.000000020040877343e+20,1.000000020040877343e+20,1.000000020040877343e+20,1.000000020040877343e+20,1.000000020040877343e+20,1.000000020040877343e+20,1.000000020040877343e+20,1.000000020040877343e+20,1.000000020040877343e+20,1.000000020040877343e+20,1.000000020040877343e+20,1.000000020040877343e+20,1.000000020040877343e+20,1.000000020040877343e+20,1.000000020040877343e+20,1.000000020040877343e+20,1.000000020040877343e+20,1.000000020040877343e+20,1.000000020040877343e+20,1.000000020040877343e+20,1.000000020040877343e+20,1.000000020040877343e+20,1.000000020040877343e+20,1.000000020040877343e+20,1.000000020040877343e+20,1.000000020040877343e+20,1.000000020040877343e+20,1.000000020040877343e+20,1.000000020040877343e+20,2.220800018310546875e+01,2.211000061035156250e+01,2.194500160217285156e+01,2.170800018310546875e+01,2.147800064086914062e+01,2.127300071716308594e+01,2.109800148010253906e+01,2.095000076293945312e+01,2.080300140380859375e+01,2.067300033569335938e+01,2.056500053405761719e+01,2.046300125122070312e+01,2.038800048828125000e+01,2.030800056457519531e+01,2.023300170898437500e+01,2.017500114440917969e+01,2.011500167846679688e+01,2.008000183105468750e+01,2.005000114440917969e+01,2.002300071716308594e+01,2.004000091552734375e+01,2.009000015258789062e+01,2.017500114440917969e+01,2.025500106811523438e+01,2.026800155639648438e+01,2.022500038146972656e+01,2.017300033569335938e+01,2.014800071716308594e+01,2.010800170898437500e+01,2.010000038146972656e+01,2.008300018310546875e+01,2.008800125122070312e+01,2.008800125122070312e+01,2.008000183105468750e+01,2.009300041198730469e+01,2.013800048828125000e+01,2.018300056457519531e+01,2.020300102233886719e+01,2.024800109863281250e+01,2.027000045776367188e+01,2.028000068664550781e+01,2.029000091552734375e+01,2.031300163269042969e+01,2.031800079345703125e+01,2.028300094604492188e+01,2.027500152587890625e+01,2.022500038146972656e+01,2.017800140380859375e+01,2.012500190734863281e+01,2.007000160217285156e+01,2.001800155639648438e+01,1.998300170898437500e+01,1.997800064086914062e+01,1.997800064086914062e+01,1.997000122070312500e+01,1.995300102233886719e+01,1.994300079345703125e+01,1.993000030517578125e+01,1.990800094604492188e+01,1.989000129699707031e+01,1.990300178527832031e+01,1.994300079345703125e+01,1.999300003051757812e+01,2.002800178527832031e+01,2.007000160217285156e+01,2.008500099182128906e+01,2.010000038146972656e+01,2.010500144958496094e+01,2.009500122070312500e+01,2.010300064086914062e+01,2.009500122070312500e+01,2.012300109863281250e+01,2.020800018310546875e+01,2.031300163269042969e+01,2.045000076293945312e+01,2.058000183105468750e+01,2.064300155639648438e+01,2.072300148010253906e+01,2.079500007629394531e+01,2.088800048828125000e+01,2.097300148010253906e+01,2.105500030517578125e+01,2.115300178527832031e+01,2.122300148010253906e+01,2.129800033569335938e+01,2.137800025939941406e+01,2.142000007629394531e+01,2.147800064086914062e+01,2.150300025939941406e+01,2.151800155639648438e+01,2.153300094604492188e+01,2.153500175476074219e+01,2.152300071716308594e+01,2.150300025939941406e+01,2.147800064086914062e+01,2.142800140380859375e+01,2.137000083923339844e+01,2.129500007629394531e+01,2.124800109863281250e+01,2.119500160217285156e+01,2.112300109863281250e+01,2.106000137329101562e+01,2.101300048828125000e+01,2.096300125122070312e+01,2.088300132751464844e+01,2.079500007629394531e+01,2.070300102233886719e+01,2.062000083923339844e+01,2.052500152587890625e+01,2.040500068664550781e+01,2.029300117492675781e+01,2.019800186157226562e+01,2.011800003051757812e+01,2.002500152587890625e+01,1.994500160217285156e+01,1.985800170898437500e+01,1.972500038146972656e+01,1.958000183105468750e+01,1.943800163269042969e+01,1.927800178527832031e+01,1.915800094604492188e+01,1.902300071716308594e+01,1.889000129699707031e+01,1.871500015258789062e+01,1.853300094604492188e+01,1.834000015258789062e+01,1.814800071716308594e+01,1.795800018310546875e+01,1.771800041198730469e+01,1.743000030517578125e+01,1.704800033569335938e+01,1.663800048828125000e+01,1.617500114440917969e+01,1.568500041961669922e+01,1.521000099182128906e+01,1.495000076293945312e+01,1.000000020040877343e+20,1.000000020040877343e+20,1.000000020040877343e+20,1.000000020040877343e+20,1.000000020040877343e+20,1.000000020040877343e+20,1.000000020040877343e+20,1.000000020040877343e+20,1.000000020040877343e+20,1.000000020040877343e+20,1.000000020040877343e+20,1.000000020040877343e+20,1.000000020040877343e+20,1.000000020040877343e+20,1.000000020040877343e+20,1.000000020040877343e+20,1.000000020040877343e+20,1.000000020040877343e+20,1.000000020040877343e+20,1.000000020040877343e+20,1.000000020040877343e+20,1.000000020040877343e+20,2.005500030517578125e+01,2.074800109863281250e+01,2.146300125122070312e+01,2.189800071716308594e+01,2.206500053405761719e+01,2.210800170898437500e+01,2.213500022888183594e+01,2.216300010681152344e+01,2.209800148010253906e+01,2.198500061035156250e+01,2.186500167846679688e+01,2.178300094604492188e+01,2.178000068664550781e+01,2.178800010681152344e+01,2.180300140380859375e+01,2.178800010681152344e+01,2.173300170898437500e+01,2.165500068664550781e+01,2.158300018310546875e+01,2.147500038146972656e+01,2.134500122070312500e+01,2.120300102233886719e+01,2.106000137329101562e+01,2.098800086975097656e+01,2.091800117492675781e+01,2.089000129699707031e+01,2.085000038146972656e+01,2.079500007629394531e+01,2.071800041198730469e+01,2.063300132751464844e+01,2.058500099182128906e+01,2.057500076293945312e+01,2.057800102233886719e+01,2.056000137329101562e+01,2.057500076293945312e+01,2.056800079345703125e+01,2.055500030517578125e+01,2.052800178527832031e+01,2.048300170898437500e+01,2.043000030517578125e+01,2.036000061035156250e+01,2.030800056457519531e+01,2.025300025939941406e+01,2.018800163269042969e+01,2.010500144958496094e+01,2.002800178527832031e+01,1.992300033569335938e+01,1.987500000000000000e+01,1.980500030517578125e+01
1.929000091552734375e+01,1.920000076293945312e+01,1.911800003051757812e+01,1.898000144958496094e+01,1.886800003051757812e+01,1.878500175476074219e+01,1.874300003051757812e+01,1.873000144958496094e+01,1.866500091552734375e+01,1.857500076293945312e+01,1.847300148010253906e+01,1.832000160217285156e+01,1.806500053405761719e+01,1.757500076293945312e+01,1.674300003051757812e+01,1.576300048828125000e+01,1.505500030517578125e+01,1.000000020040877343e+20,1.000000020040877343e+20,1.000000020040877343e+20,1.000000020040877343e+20,1.000000020040877343e+20,1.000000020040877343e+20,1.000000020040877343e+20,1.000000020040877343e+20,1.000000020040877343e+20,1.000000020040877343e+20,1.000000020040877343e+20,1.000000020040877343e+20,1.000000020040877343e+20,1.000000020040877343e+20,2.277000045776367188e+01,2.293000030517578125e+01,2.289800071716308594e+01,2.277800178527832031e+01,2.267500114440917969e+01,2.258500099182128906e+01,2.252300071716308594e+01,2.246300125122070312e+01,2.239800071716308594e+01,2.229300117492675781e+01,2.216800117492675781e+01,2.202800178527832031e+01,2.189000129699707031e+01,2.177800178527832031e+01,2.165800094604492188e+01,2.152800178527832031e+01,2.136300086975097656e+01,2.122000122070312500e+01,2.109500122070312500e+01,2.102300071716308594e+01,2.100000190734863281e+01,2.098300170898437500e+01,2.094800186157226562e+01,2.089800071716308594e+01,2.079300117492675781e+01,2.069300079345703125e+01,2.060000038146972656e+01,2.054300117492675781e+01,2.051300048828125000e+01,2.047800064086914062e+01,2.043500137329101562e+01,2.035300064086914062e+01,2.028500175476074219e+01,2.021300125122070312e+01,2.014500045776367188e+01,2.006500053405761719e+01,1.997800064086914062e+01,1.984000015258789062e+01,1.968800163269042969e+01,1.951300048828125000e+01,1.937800025939941406e+01,1.923300170898437500e+01,1.913300132751464844e+01,1.907000160217285156e+01,1.904500007629394531e+01,1.906000137329101562e+01,1.907299995422363281e+01,1.904000091552734375e+01,1.902300071716308594e+01,1.899000167846679688e+01,1.893300056457519531e+01,1.889800071716308594e+01,1.887300109863281250e+01,1.886000061035156250e+01,1.884800148010253906e+01,1.884300041198730469e+01,1.883800125122070312e+01,1.883300018310546875e+01,1.884000015258789062e+01,1.886000061035156250e+01,1.886000061035156250e+01,1.887000083923339844e+01,1.887300109863281250e+01,1.884800148010253906e+01,1.880000114440917969e+01,1.877300071716308594e+01,1.877300071716308594e+01,1.878300094604492188e+01,1.879500007629394531e+01,1.881300163269042969e+01,1.878800010681152344e+01,1.874800109863281250e+01,1.866800117492675781e+01,1.861000061035156250e+01,1.862300109863281250e+01,1.872000122070312500e+01,1.889800071716308594e+01,1.918500137329101562e+01,1.956300163269042969e+01,1.999300003051757812e+01,2.046500015258789062e+01,2.089500045776367188e+01,2.117500114440917969e+01,2.131500053405761719e+01,1.000000020040877343e+20,1.000000020040877343e+20,1.000000020040877343e+20,1.000000020040877343e+20,1.000000020040877343e+20,1.000000020040877343e+20,1.000000020040877343e+20,1.000000020040877343e+20,1.000000020040877343e+20,1.000000020040877343e+20,1.000000020040877343e+20,1.000000020040877343e+20,1.000000020040877343e+20,1.000000020040877343e+20,1.000000020040877343e+20,1.000000020040877343e+20,1.000000020040877343e+20,1.000000020040877343e+20,1.000000020040877343e+20,1.000000020040877343e+20,1.000000020040877343e+20,1.000000020040877343e+20,1.000000020040877343e+20,1.000000020040877343e+20,1.000000020040877343e+20,1.000000020040877343e+20,1.000000020040877343e+20,1.000000020040877343e+20,1.000000020040877343e+20,1.000000020040877343e+20,1.000000020040877343e+20,1.000000020040877343e+20,1.000000020040877343e+20,1.000000020040877343e+20,1.000000020040877343e+20,1.000000020040877343e+20,1.000000020040877343e+20,1.000000020040877343e+20,2.192800140380859375e+01,2.181800079345703125e+01,2.165000152587890625e+01,2.142500114440917969e+01,2.118800163269042969e+01,2.096300125122070312e+01,2.077500152587890625e+01,2.061300086975097656e+01,2.046800041198730469e+01,2.032500076293945312e+01,2.021300125122070312e+01,2.009800148010253906e+01,1.999800109863281250e+01,1.989300155639648438e+01,1.982500076293945312e+01,1.974000167846679688e+01,1.964300155639648438e+01,1.957000160217285156e+01,1.952500152587890625e+01,1.951000022888183594e+01,1.949500083923339844e+01,1.951000022888183594e+01,1.954000091552734375e+01,1.958300018310546875e+01,1.955000114440917969e+01,1.951800155639648438e+01,1.947300148010253906e+01,1.943800163269042969e+01,1.941800117492675781e+01,1.940300178527832031e+01,1.942800140380859375e+01,1.946500015258789062e+01,1.947500038146972656e+01,1.949800109863281250e+01,1.952800178527832031e+01,1.958500099182128906e+01,1.965800094604492188e+01,1.968300056457519531e+01,1.969800186157226562e+01,1.970500183105468750e+01,1.968300056457519531e+01,1.964300155639648438e+01,1.963800048828125000e+01,1.960300064086914062e+01,1.956000137329101562e+01,1.954300117492675781e+01,1.953800010681152344e+01,1.948000144958496094e+01,1.942800140380859375e+01,1.937000083923339844e+01,1.928800010681152344e+01,1.923500061035156250e+01,1.922000122070312500e+01,1.921000099182128906e+01,1.921000099182128906e+01,1.919800186157226562e+01,1.920000076293945312e+01,1.919300079345703125e+01,1.918500137329101562e+01,1.916500091552734375e+01,1.917300033569335938e+01,1.919500160217285156e+01,1.923300170898437500e+01,1.927800178527832031e+01,1.929500007629394531e+01,1.931300163269042969e+01,1.931800079345703125e+01,1.933300018310546875e+01,1.932300186157226562e+01,1.927800178527832031e+01,1.927500152587890625e+01,1.930300140380859375e+01,1.937300109863281250e+01,1.949000167846679688e+01,1.961300086975097656e+01,1.972800064086914062e+01,1.985300064086914062e+01,1.995500183105468750e+01,2.006000137329101562e+01,2.013500022888183594e+01,2.021300125122070312e+01,2.029300117492675781e+01,2.038000106811523438e+01,2.045300102233886719e+01,2.053000068664550781e+01,2.059800148010253906e+01,2.070000076293945312e+01,2.079300117492675781e+01,2.082800102233886719e+01,2.087000083923339844e+01,2.091000175476074219e+01,2.096300125122070312e+01,2.099800109863281250e+01,2.099800109863281250e+01,2.098000144958496094e+01,2.093300056457519531e+01,2.089800071716308594e+01,2.084800148010253906e+01,2.079300117492675781e+01,2.072300148010253906e+01,2.066500091552734375e+01,2.060300064086914062e+01,2.056300163269042969e+01,2.051300048828125000e+01,2.045800018310546875e+01,2.039500045776367188e+01,2.032000160217285156e+01,2.024300003051757812e+01,2.016500091552734375e+01,2.007300186157226562e+01,1.998000144958496094e+01,1.989300155639648438e+01,1.981300163269042969e+01,1.974800109863281250e+01,1.970500183105468750e+01,1.962800025939941406e+01,1.949800109863281250e+01,1.936000061035156250e+01,1.923000144958496094e+01,1.906000137329101562e+01,1.893300056457519531e+01,1.882000160217285156e+01,1.867000007629394531e+01,1.851800155639648438e+01,1.833300018310546875e+01,1.815300178527832031e+01,1.797500038146972656e+01,1.778000068664550781e+01,1.753300094604492188e+01,1.720499992370605469e+01,1.680000114440917969e+01,1.635800170898437500e+01,1.588500118255615234e+01,1.534000110626220703e+01,1.481500053405761719e+01,1.451000022888183594e+01,1.000000020040877343e+20,1.000000020040877343e+20,1.000000020040877343e+20,1.000000020040877343e+20,1.000000020040877343e+20,1.000000020040877343e+20,1.000000020040877343e+20,1.000000020040877343e+20,1.000000020040877343e+20,1.000000020040877343e+20,1.000000020040877343e+20,1.000000020040877343e+20,1.000000020040877343e+20,1.000000020040877343e+20,1.000000020040877343e+20,1.000000020040877343e+20,1.000000020040877343e+20,1.000000020040877343e+20,1.000000020040877343e+20,1.000000020040877343e+20,1.000000020040877343e+20,1.864300155639648438e+01,1.964000129699707031e+01,2.052800178527832031e+01,2.120000076293945312e+01,2.147800064086914062e+01,2.151500129699707031e+01,2.149800109863281250e+01,2.148800086975097656e+01,2.147800064086914062e+01,2.143000030517578125e+01,2.135500144958496094e+01,2.127300071716308594e+01,2.125000190734863281e+01,2.123000144958496094e+01,2.126800155639648438e+01,2.128000068664550781e+01,2.124300193786621094e+01,2.122000122070312500e+01,2.114500045776367188e+01,2.107500076293945312e+01,2.098800086975097656e+01,2.087000083923339844e+01,2.074800109863281250e+01,2.063800048828125000e+01,2.053000068664550781e+01,2.046500015258789062e+01,2.038300132751464844e+01,2.032800102233886719e+01,2.027300071716308594e+01,2.017800140380859375e+01,2.011500167846679688e+01,2.008000183105468750e+01,2.008500099182128906e+01,2.010500144958496094e+01,2.012300109863281250e+01,2.012300109863281250e+01,2.013500022888183594e+01,2.013000106811523438e+01,2.010000038146972656e+01,2.005500030517578125e+01,1.999300003051757812e+01,1.994000053405761719e+01,1.988300132751464844e+01,1.984000015258789062e+01,1.978300094604492188e+01,1.970300102233886719e+01,1.958500099182128906e+01,1.948300170898437500e+01,1.945000076293945312e+01,1.936800003051757812e+01
1.889500045776367188e+01,1.879500007629394531e+01,1.870800018310546875e+01,1.860300064086914062e+01,1.849300003051757812e+01,1.840300178527832031e+01,1.832999992370605469e+01,1.832800102233886719e+01,1.836000061035156250e+01,1.837300109863281250e+01,1.836300086975097656e+01,1.832500076293945312e+01,1.820300102233886719e+01,1.792000007629394531e+01,1.737000083923339844e+01,1.656000137329101562e+01,1.576500034332275391e+01,1.533000087738037109e+01,1.000000020040877343e+20,1.000000020040877343e+20,1.000000020040877343e+20,1.000000020040877343e+20,1.000000020040877343e+20,1.000000020040877343e+20,1.000000020040877343e+20,1.000000020040877343e+20,1.000000020040877343e+20,1.000000020040877343e+20,1.000000020040877343e+20,1.000000020040877343e+20,2.305500030517578125e+01,2.232300186157226562e+01,2.242800140380859375e+01,2.236000061035156250e+01,2.221300125122070312e+01,2.211500167846679688e+01,2.204300117492675781e+01,2.198500061035156250e+01,2.192000198364257812e+01,2.180500030517578125e+01,2.167300033569335938e+01,2.152500152587890625e+01,2.136500167846679688e+01,2.122500038146972656e+01,2.107500076293945312e+01,2.092500114440917969e+01,2.076300048828125000e+01,2.061800003051757812e+01,2.047800064086914062e+01,2.039800071716308594e+01,2.039500045776367188e+01,2.040300178527832031e+01,2.043300056457519531e+01,2.042000007629394531e+01,2.034800148010253906e+01,2.025300025939941406e+01,2.013300132751464844e+01,1.999300003051757812e+01,1.991300010681152344e+01,1.986000061035156250e+01,1.980000114440917969e+01,1.973000144958496094e+01,1.965000152587890625e+01,1.959300041198730469e+01,1.954800033569335938e+01,1.952000045776367188e+01,1.949000167846679688e+01,1.942000007629394531e+01,1.931300163269042969e+01,1.914000129699707031e+01,1.896000099182128906e+01,1.877300071716308594e+01,1.859500122070312500e+01,1.846500015258789062e+01,1.838800048828125000e+01,1.834300041198730469e+01,1.836000061035156250e+01,1.835500144958496094e+01,1.835300064086914062e+01,1.832299995422363281e+01,1.828000068664550781e+01,1.825500106811523438e+01,1.823000144958496094e+01,1.820300102233886719e+01,1.817500114440917969e+01,1.813800048828125000e+01,1.812000083923339844e+01,1.809500122070312500e+01,1.809500122070312500e+01,1.810500144958496094e+01,1.812300109863281250e+01,1.814800071716308594e+01,1.817500114440917969e+01,1.817800140380859375e+01,1.816800117492675781e+01,1.812300109863281250e+01,1.809800148010253906e+01,1.808300018310546875e+01,1.809800148010253906e+01,1.811800003051757812e+01,1.813300132751464844e+01,1.813300132751464844e+01,1.808500099182128906e+01,1.801300048828125000e+01,1.795800018310546875e+01,1.795000076293945312e+01,1.806300163269042969e+01,1.824300003051757812e+01,1.850500106811523438e+01,1.884000015258789062e+01,1.924300003051757812e+01,1.968300056457519531e+01,2.014000129699707031e+01,2.053800010681152344e+01,2.076500129699707031e+01,1.000000020040877343e+20,1.000000020040877343e+20,1.000000020040877343e+20,1.000000020040877343e+20,1.000000020040877343e+20,1.000000020040877343e+20,1.000000020040877343e+20,1.000000020040877343e+20,1.000000020040877343e+20,1.000000020040877343e+20,1.000000020040877343e+20,1.000000020040877343e+20,1.000000020040877343e+20,1.000000020040877343e+20,1.000000020040877343e+20,1.000000020040877343e+20,1.000000020040877343e+20,1.000000020040877343e+20,1.000000020040877343e+20,1.000000020040877343e+20,1.000000020040877343e+20,1.000000020040877343e+20,1.000000020040877343e+20,1.000000020040877343e+20,1.000000020040877343e+20,1.000000020040877343e+20,1.000000020040877343e+20,1.000000020040877343e+20,1.000000020040877343e+20,1.000000020040877343e+20,1.000000020040877343e+20,1.000000020040877343e+20,1.000000020040877343e+20,1.000000020040877343e+20,1.000000020040877343e+20,1.000000020040877343e+20,1.000000020040877343e+20,1.000000020040877343e+20,2.148300170898437500e+01,2.141000175476074219e+01,2.125500106811523438e+01,2.106000137329101562e+01,2.084800148010253906e+01,2.064500045776367188e+01,2.044800186157226562e+01,2.026300048828125000e+01,2.011300086975097656e+01,1.998000144958496094e+01,1.988000106811523438e+01,1.975800132751464844e+01,1.960000038146972656e+01,1.947000122070312500e+01,1.935500144958496094e+01,1.923000144958496094e+01,1.914800071716308594e+01,1.907299995422363281e+01,1.902300071716308594e+01,1.898000144958496094e+01,1.897000122070312500e+01,1.900300025939941406e+01,1.902800178527832031e+01,1.902500152587890625e+01,1.898000144958496094e+01,1.888300132751464844e+01,1.879300117492675781e+01,1.871300125122070312e+01,1.867300033569335938e+01,1.868000030517578125e+01,1.872300148010253906e+01,1.878000068664550781e+01,1.885000038146972656e+01,1.892000007629394531e+01,1.897500038146972656e+01,1.903800010681152344e+01,1.910000038146972656e+01,1.911800003051757812e+01,1.909800148010253906e+01,1.909300041198730469e+01,1.907800102233886719e+01,1.902000045776367188e+01,1.896300125122070312e+01,1.892500114440917969e+01,1.889800071716308594e+01,1.888300132751464844e+01,1.886000061035156250e+01,1.882800102233886719e+01,1.878300094604492188e+01,1.870800018310546875e+01,1.863000106811523438e+01,1.856300163269042969e+01,1.853500175476074219e+01,1.852000045776367188e+01,1.851500129699707031e+01,1.851800155639648438e+01,1.850000000000000000e+01,1.847300148010253906e+01,1.846500015258789062e+01,1.846800041198730469e+01,1.848500061035156250e+01,1.851800155639648438e+01,1.856500053405761719e+01,1.860300064086914062e+01,1.863300132751464844e+01,1.863500022888183594e+01,1.863800048828125000e+01,1.861300086975097656e+01,1.858800125122070312e+01,1.857299995422363281e+01,1.859000015258789062e+01,1.862800025939941406e+01,1.868000030517578125e+01,1.878000068664550781e+01,1.888800048828125000e+01,1.897300148010253906e+01,1.909300041198730469e+01,1.920500183105468750e+01,1.930300140380859375e+01,1.938800048828125000e+01,1.949000167846679688e+01,1.956000137329101562e+01,1.964500045776367188e+01,1.971000099182128906e+01,1.979500007629394531e+01,1.987500000000000000e+01,1.998000144958496094e+01,2.007300186157226562e+01,2.015000152587890625e+01,2.021000099182128906e+01,2.028500175476074219e+01,2.035300064086914062e+01,2.040000152587890625e+01,2.042800140380859375e+01,2.042800140380859375e+01,2.041800117492675781e+01,2.040300178527832031e+01,2.034000015258789062e+01,2.029500007629394531e+01,2.023500061035156250e+01,2.017500114440917969e+01,2.011300086975097656e+01,2.007000160217285156e+01,2.003000068664550781e+01,1.998800086975097656e+01,1.996000099182128906e+01,1.989800071716308594e+01,1.984500122070312500e+01,1.978300094604492188e+01,1.971000099182128906e+01,1.964500045776367188e+01,1.956500053405761719e+01,1.950000000000000000e+01,1.942500114440917969e+01,1.938300132751464844e+01,1.930500030517578125e+01,1.920000076293945312e+01,1.907500076293945312e+01,1.895500183105468750e+01,1.879500007629394531e+01,1.867000007629394531e+01,1.854300117492675781e+01,1.842800140380859375e+01,1.827500152587890625e+01,1.813300132751464844e+01,1.795000076293945312e+01,1.774800109863281250e+01,1.754800033569335938e+01,1.728800010681152344e+01,1.696300125122070312e+01,1.655800056457519531e+01,1.610800170898437500e+01,1.560800075531005859e+01,1.506300067901611328e+01,1.452800083160400391e+01,1.422500038146972656e+01,1.000000020040877343e+20,1.000000020040877343e+20,1.000000020040877343e+20,1.000000020040877343e+20,1.000000020040877343e+20,1.000000020040877343e+20,1.000000020040877343e+20,1.000000020040877343e+20,1.000000020040877343e+20,1.000000020040877343e+20,1.000000020040877343e+20,1.000000020040877343e+20,1.000000020040877343e+20,1.000000020040877343e+20,1.000000020040877343e+20,1.000000020040877343e+20,1.000000020040877343e+20,1.000000020040877343e+20,1.000000020040877343e+20,1.000000020040877343e+20,1.762800025939941406e+01,1.846000099182128906e+01,1.941800117492675781e+01,2.031000137329101562e+01,2.081300163269042969e+01,2.095800018310546875e+01,2.094800186157226562e+01,2.090500068664550781e+01,2.087500190734863281e+01,2.081300163269042969e+01,2.076300048828125000e+01,2.072300148010253906e+01,2.070500183105468750e+01,2.070800018310546875e+01,2.075500106811523438e+01,2.078000068664550781e+01,2.077800178527832031e+01,2.072300148010253906e+01,2.064300155639648438e+01,2.061000061035156250e+01,2.058300018310546875e+01,2.052000045776367188e+01,2.043000030517578125e+01,2.032500076293945312e+01,2.023800086975097656e+01,2.013000106811523438e+01,2.002800178527832031e+01,1.995000076293945312e+01,1.984800148010253906e+01,1.975000000000000000e+01,1.962000083923339844e+01,1.954800033569335938e+01,1.952000045776367188e+01,1.952300071716308594e+01,1.954300117492675781e+01,1.955800056457519531e+01,1.957000160217285156e+01,1.957500076293945312e+01,1.957800102233886719e+01,1.957000160217285156e+01,1.957500076293945312e+01,1.955000114440917969e+01,1.951500129699707031e+01,1.948800086975097656e+01,1.945500183105468750e+01,1.940800094604492188e+01,1.931800079345703125e+01,1.921300125122070312e+01,1.910500144958496094e+01,1.904500007629394531e+01,1.896500015258789062e+01
1.854000091552734375e+01,1.844300079345703125e+01,1.836300086975097656e+01,1.826800155639648438e+01,1.818800163269042969e+01,1.811300086975097656e+01,1.807299995422363281e+01,1.807299995422363281e+01,1.813500022888183594e+01,1.822300148010253906e+01,1.828000068664550781e+01,1.831300163269042969e+01,1.829500007629394531e+01,1.818000030517578125e+01,1.725500106811523438e+01,1.661000061035156250e+01,1.579800033569335938e+01,1.518500041961669922e+01,1.000000020040877343e+20,1.000000020040877343e+20,1.000000020040877343e+20,1.000000020040877343e+20,1.000000020040877343e+20,1.000000020040877343e+20,1.000000020040877343e+20,1.000000020040877343e+20,1.000000020040877343e+20,1.000000020040877343e+20,1.000000020040877343e+20,2.237800025939941406e+01,2.247300148010253906e+01,2.247300148010253906e+01,2.241300201416015625e+01,2.225000190734863281e+01,2.206800079345703125e+01,2.193300056457519531e+01,2.180500030517578125e+01,2.170800018310546875e+01,2.161300086975097656e+01,2.147500038146972656e+01,2.130300140380859375e+01,2.108800125122070312e+01,2.085500144958496094e+01,2.065300178527832031e+01,2.047800064086914062e+01,2.034500122070312500e+01,2.020800018310546875e+01,2.006800079345703125e+01,1.996000099182128906e+01,1.986800003051757812e+01,1.982500076293945312e+01,1.980800056457519531e+01,1.978500175476074219e+01,1.975800132751464844e+01,1.972300148010253906e+01,1.964000129699707031e+01,1.954800033569335938e+01,1.942000007629394531e+01,1.932500076293945312e+01,1.920800018310546875e+01,1.911000061035156250e+01,1.901300048828125000e+01,1.895000076293945312e+01,1.888000106811523438e+01,1.881800079345703125e+01,1.877500152587890625e+01,1.873000144958496094e+01,1.867800140380859375e+01,1.859300041198730469e+01,1.842800140380859375e+01,1.825300025939941406e+01,1.806000137329101562e+01,1.787500000000000000e+01,1.774800109863281250e+01,1.765800094604492188e+01,1.762500000000000000e+01,1.762000083923339844e+01,1.763500022888183594e+01,1.763800048828125000e+01,1.762300109863281250e+01,1.762500000000000000e+01,1.761300086975097656e+01,1.760500144958496094e+01,1.757800102233886719e+01,1.754000091552734375e+01,1.750800132751464844e+01,1.746000099182128906e+01,1.741000175476074219e+01,1.736500167846679688e+01,1.732800102233886719e+01,1.734000015258789062e+01,1.735500144958496094e+01,1.740000152587890625e+01,1.743300056457519531e+01,1.742000007629394531e+01,1.738300132751464844e+01,1.733500099182128906e+01,1.731500053405761719e+01,1.733500099182128906e+01,1.735500144958496094e+01,1.735800170898437500e+01,1.736300086975097656e+01,1.732800102233886719e+01,1.729300117492675781e+01,1.726300048828125000e+01,1.730000114440917969e+01,1.742800140380859375e+01,1.763300132751464844e+01,1.790800094604492188e+01,1.822000122070312500e+01,1.859800148010253906e+01,1.901000022888183594e+01,1.950300025939941406e+01,1.999000167846679688e+01,2.032800102233886719e+01,2.028800010681152344e+01,1.000000020040877343e+20,1.000000020040877343e+20,1.000000020040877343e+20,1.000000020040877343e+20,1.000000020040877343e+20,1.000000020040877343e+20,1.000000020040877343e+20,1.000000020040877343e+20,1.000000020040877343e+20,1.000000020040877343e+20,1.000000020040877343e+20,1.000000020040877343e+20,1.000000020040877343e+20,1.000000020040877343e+20,1.709800148010253906e+01,1.000000020040877343e+20,1.000000020040877343e+20,1.000000020040877343e+20,1.000000020040877343e+20,1.000000020040877343e+20,1.000000020040877343e+20,1.000000020040877343e+20,1.000000020040877343e+20,1.000000020040877343e+20,1.000000020040877343e+20,1.000000020040877343e+20,1.000000020040877343e+20,1.000000020040877343e+20,1.000000020040877343e+20,1.000000020040877343e+20,1.000000020040877343e+20,1.000000020040877343e+20,1.000000020040877343e+20,1.000000020040877343e+20,1.000000020040877343e+20,1.000000020040877343e+20,1.000000020040877343e+20,2.089000129699707031e+01,2.084300041198730469e+01,2.074000167846679688e+01,2.057800102233886719e+01,2.041500091552734375e+01,2.023800086975097656e+01,2.007500076293945312e+01,1.988000106811523438e+01,1.969000053405761719e+01,1.954500007629394531e+01,1.942800140380859375e+01,1.930500030517578125e+01,1.914000129699707031e+01,1.896800041198730469e+01,1.881000137329101562e+01,1.868500137329101562e+01,1.858000183105468750e+01,1.852800178527832031e+01,1.847800064086914062e+01,1.845800018310546875e+01,1.847500038146972656e+01,1.850000000000000000e+01,1.853800010681152344e+01,1.855500030517578125e+01,1.849800109863281250e+01,1.837000083923339844e+01,1.823300170898437500e+01,1.812500000000000000e+01,1.805300140380859375e+01,1.803300094604492188e+01,1.808800125122070312e+01,1.816500091552734375e+01,1.828000068664550781e+01,1.836500167846679688e+01,1.844000053405761719e+01,1.848800086975097656e+01,1.852000045776367188e+01,1.853300094604492188e+01,1.852300071716308594e+01,1.847000122070312500e+01,1.844799995422363281e+01,1.840300178527832031e+01,1.836300086975097656e+01,1.831500053405761719e+01,1.829000091552734375e+01,1.826800155639648438e+01,1.825000000000000000e+01,1.820499992370605469e+01,1.814800071716308594e+01,1.808300018310546875e+01,1.799800109863281250e+01,1.794500160217285156e+01,1.793500137329101562e+01,1.791800117492675781e+01,1.790000152587890625e+01,1.788300132751464844e+01,1.789000129699707031e+01,1.787800025939941406e+01,1.785800170898437500e+01,1.785000038146972656e+01,1.788300132751464844e+01,1.792000007629394531e+01,1.795499992370605469e+01,1.800800132751464844e+01,1.803300094604492188e+01,1.802000045776367188e+01,1.800300025939941406e+01,1.798500061035156250e+01,1.799300003051757812e+01,1.799300003051757812e+01,1.799800109863281250e+01,1.805000114440917969e+01,1.811500167846679688e+01,1.817800140380859375e+01,1.822000122070312500e+01,1.829000091552734375e+01,1.836500167846679688e+01,1.847000122070312500e+01,1.859300041198730469e+01,1.866300010681152344e+01,1.876800155639648438e+01,1.886800003051757812e+01,1.895300102233886719e+01,1.901000022888183594e+01,1.908300018310546875e+01,1.917300033569335938e+01,1.926300048828125000e+01,1.935300064086914062e+01,1.943000030517578125e+01,1.950800132751464844e+01,1.959500122070312500e+01,1.968000030517578125e+01,1.975300025939941406e+01,1.979500007629394531e+01,1.981300163269042969e+01,1.980800056457519531e+01,1.980000114440917969e+01,1.977000045776367188e+01,1.974000167846679688e+01,1.969800186157226562e+01,1.964300155639648438e+01,1.958500099182128906e+01,1.954000091552734375e+01,1.950800132751464844e+01,1.949000167846679688e+01,1.947500038146972656e+01,1.944300079345703125e+01,1.939800071716308594e+01,1.936300086975097656e+01,1.932300186157226562e+01,1.928000068664550781e+01,1.920800018310546875e+01,1.912800025939941406e+01,1.903800010681152344e+01,1.898800086975097656e+01,1.891300010681152344e+01,1.881300163269042969e+01,1.870300102233886719e+01,1.855300140380859375e+01,1.843300056457519531e+01,1.828000068664550781e+01,1.819300079345703125e+01,1.810500144958496094e+01,1.801000022888183594e+01,1.781500053405761719e+01,1.765300178527832031e+01,1.743500137329101562e+01,1.722300148010253906e+01,1.698800086975097656e+01,1.666500091552734375e+01,1.630300140380859375e+01,1.586800098419189453e+01,1.538300037384033203e+01,1.487300109863281250e+01,1.437000083923339844e+01,1.411000061035156250e+01,1.000000020040877343e+20,1.000000020040877343e+20,1.000000020040877343e+20,1.000000020040877343e+20,1.000000020040877343e+20,1.000000020040877343e+20,1.000000020040877343e+20,1.000000020040877343e+20,1.000000020040877343e+20,1.000000020040877343e+20,1.000000020040877343e+20,1.000000020040877343e+20,1.000000020040877343e+20,1.000000020040877343e+20,1.000000020040877343e+20,1.000000020040877343e+20,1.000000020040877343e+20,1.000000020040877343e+20,1.000000020040877343e+20,1.635500144958496094e+01,1.735800170898437500e+01,1.832999992370605469e+01,1.924500083923339844e+01,1.992800140380859375e+01,2.029000091552734375e+01,2.037000083923339844e+01,2.034800148010253906e+01,2.029300117492675781e+01,2.020500183105468750e+01,2.012800025939941406e+01,2.009300041198730469e+01,2.006300163269042969e+01,2.008500099182128906e+01,2.010800170898437500e+01,2.014000129699707031e+01,2.016500091552734375e+01,2.013300132751464844e+01,2.006300163269042969e+01,2.000800132751464844e+01,2.000500106811523438e+01,1.996500015258789062e+01,1.993300056457519531e+01,1.989000129699707031e+01,1.982500076293945312e+01,1.973300170898437500e+01,1.963500022888183594e+01,1.955300140380859375e+01,1.944000053405761719e+01,1.933000183105468750e+01,1.922000122070312500e+01,1.909500122070312500e+01,1.899300003051757812e+01,1.892500114440917969e+01,1.890300178527832031e+01,1.889300155639648438e+01,1.885300064086914062e+01,1.885300064086914062e+01,1.891000175476074219e+01,1.893800163269042969e+01,1.896000099182128906e+01,1.900800132751464844e+01,1.904800033569335938e+01,1.906000137329101562e+01,1.905500030517578125e+01,1.902300071716308594e+01,1.898300170898437500e+01,1.890300178527832031e+01,1.881300163269042969e+01,1.871800041198730469e+01,1.866500091552734375e+01,1.862000083923339844e+01
1.807000160217285156e+01,1.800800132751464844e+01,1.798000144958496094e+01,1.796000099182128906e+01,1.794300079345703125e+01,1.791300010681152344e+01,1.787800025939941406e+01,1.789000129699707031e+01,1.796300125122070312e+01,1.773000144958496094e+01,1.777800178527832031e+01,1.781300163269042969e+01,1.782299995422363281e+01,1.779300117492675781e+01,1.755800056457519531e+01,1.710800170898437500e+01,1.648500061035156250e+01,1.597800064086914062e+01,1.000000020040877343e+20,1.000000020040877343e+20,1.000000020040877343e+20,1.000000020040877343e+20,1.000000020040877343e+20,1.000000020040877343e+20,1.000000020040877343e+20,1.000000020040877343e+20,1.000000020040877343e+20,1.000000020040877343e+20,2.166500091552734375e+01,2.182500076293945312e+01,2.178000068664550781e+01,2.166300010681152344e+01,2.152500152587890625e+01,2.138800048828125000e+01,2.125500106811523438e+01,2.113300132751464844e+01,2.104500007629394531e+01,2.098000144958496094e+01,2.092800140380859375e+01,2.079500007629394531e+01,2.061800003051757812e+01,2.037800025939941406e+01,2.013500022888183594e+01,1.995800018310546875e+01,1.982000160217285156e+01,1.972500038146972656e+01,1.961300086975097656e+01,1.947300148010253906e+01,1.933800125122070312e+01,1.923500061035156250e+01,1.911500167846679688e+01,1.903300094604492188e+01,1.896500015258789062e+01,1.894300079345703125e+01,1.889500045776367188e+01,1.883800125122070312e+01,1.877000045776367188e+01,1.870300102233886719e+01,1.863500022888183594e+01,1.853000068664550781e+01,1.841300010681152344e+01,1.829800033569335938e+01,1.818800163269042969e+01,1.812800025939941406e+01,1.809800148010253906e+01,1.804000091552734375e+01,1.799800109863281250e+01,1.794300079345703125e+01,1.784800148010253906e+01,1.773500061035156250e+01,1.757999992370605469e+01,1.738800048828125000e+01,1.719500160217285156e+01,1.704300117492675781e+01,1.696000099182128906e+01,1.689800071716308594e+01,1.688500022888183594e+01,1.691300010681152344e+01,1.693800163269042969e+01,1.692300033569335938e+01,1.690800094604492188e+01,1.691300010681152344e+01,1.688300132751464844e+01,1.685500144958496094e+01,1.683300018310546875e+01,1.679300117492675781e+01,1.673500061035156250e+01,1.668800163269042969e+01,1.662800025939941406e+01,1.656300163269042969e+01,1.655500030517578125e+01,1.654500007629394531e+01,1.657800102233886719e+01,1.659500122070312500e+01,1.658300018310546875e+01,1.656500053405761719e+01,1.654300117492675781e+01,1.652799987792968750e+01,1.653800010681152344e+01,1.655800056457519531e+01,1.656500053405761719e+01,1.656300163269042969e+01,1.656000137329101562e+01,1.657800102233886719e+01,1.661300086975097656e+01,1.669300079345703125e+01,1.682999992370605469e+01,1.703300094604492188e+01,1.731800079345703125e+01,1.764500045776367188e+01,1.801000022888183594e+01,1.848800086975097656e+01,1.903300094604492188e+01,1.956800079345703125e+01,2.002800178527832031e+01,2.021000099182128906e+01,1.000000020040877343e+20,1.000000020040877343e+20,1.000000020040877343e+20,1.000000020040877343e+20,1.000000020040877343e+20,1.000000020040877343e+20,1.000000020040877343e+20,1.000000020040877343e+20,1.000000020040877343e+20,1.717800140380859375e+01,1.719300079345703125e+01,1.714300155639648438e+01,1.709500122070312500e+01,1.707999992370605469e+01,1.709000015258789062e+01,1.701000022888183594e+01,1.690000152587890625e+01,1.678300094604492188e+01,1.000000020040877343e+20,1.000000020040877343e+20,1.000000020040877343e+20,1.000000020040877343e+20,1.000000020040877343e+20,1.000000020040877343e+20,1.000000020040877343e+20,1.000000020040877343e+20,1.000000020040877343e+20,1.000000020040877343e+20,1.000000020040877343e+20,1.000000020040877343e+20,1.000000020040877343e+20,1.000000020040877343e+20,1.000000020040877343e+20,1.000000020040877343e+20,1.000000020040877343e+20,1.000000020040877343e+20,1.968000030517578125e+01,2.013800048828125000e+01,2.020300102233886719e+01,2.015000152587890625e+01,2.004800033569335938e+01,1.991800117492675781e+01,1.980300140380859375e+01,1.966300010681152344e+01,1.946500015258789062e+01,1.924300003051757812e+01,1.902500152587890625e+01,1.886800003051757812e+01,1.873000144958496094e+01,1.858800125122070312e+01,1.841300010681152344e+01,1.824300003051757812e+01,1.811500167846679688e+01,1.800000000000000000e+01,1.793000030517578125e+01,1.788500022888183594e+01,1.787500000000000000e+01,1.789300155639648438e+01,1.792300033569335938e+01,1.795800018310546875e+01,1.797800064086914062e+01,1.793500137329101562e+01,1.785500144958496094e+01,1.771800041198730469e+01,1.758500099182128906e+01,1.749500083923339844e+01,1.745800018310546875e+01,1.751000022888183594e+01,1.760000038146972656e+01,1.770800018310546875e+01,1.779300117492675781e+01,1.788000106811523438e+01,1.793000030517578125e+01,1.792500114440917969e+01,1.792300033569335938e+01,1.791300010681152344e+01,1.785800170898437500e+01,1.783500099182128906e+01,1.778300094604492188e+01,1.774300003051757812e+01,1.768500137329101562e+01,1.764500045776367188e+01,1.760300064086914062e+01,1.755300140380859375e+01,1.751500129699707031e+01,1.749300003051757812e+01,1.745800018310546875e+01,1.741800117492675781e+01,1.738500022888183594e+01,1.736800003051757812e+01,1.735800170898437500e+01,1.734000015258789062e+01,1.731800079345703125e+01,1.730000114440917969e+01,1.730500030517578125e+01,1.729500007629394531e+01,1.730800056457519531e+01,1.729500007629394531e+01,1.730300140380859375e+01,1.732299995422363281e+01,1.734800148010253906e+01,1.737800025939941406e+01,1.738300132751464844e+01,1.739000129699707031e+01,1.738300132751464844e+01,1.741000175476074219e+01,1.743800163269042969e+01,1.746000099182128906e+01,1.748800086975097656e+01,1.750800132751464844e+01,1.752800178527832031e+01,1.754800033569335938e+01,1.760300064086914062e+01,1.766300010681152344e+01,1.775800132751464844e+01,1.785000038146972656e+01,1.796300125122070312e+01,1.807299995422363281e+01,1.815300178527832031e+01,1.823500061035156250e+01,1.832299995422363281e+01,1.839800071716308594e+01,1.847000122070312500e+01,1.854500007629394531e+01,1.861800003051757812e+01,1.869799995422363281e+01,1.877800178527832031e+01,1.888800048828125000e+01,1.898500061035156250e+01,1.904500007629394531e+01,1.909500122070312500e+01,1.915500068664550781e+01,1.915800094604492188e+01,1.915000152587890625e+01,1.910300064086914062e+01,1.907500076293945312e+01,1.903300094604492188e+01,1.899800109863281250e+01,1.896000099182128906e+01,1.892800140380859375e+01,1.890300178527832031e+01,1.889300155639648438e+01,1.891500091552734375e+01,1.890000152587890625e+01,1.888000106811523438e+01,1.885000038146972656e+01,1.882500076293945312e+01,1.881800079345703125e+01,1.875800132751464844e+01,1.867500114440917969e+01,1.855800056457519531e+01,1.849000167846679688e+01,1.840500068664550781e+01,1.830300140380859375e+01,1.818500137329101562e+01,1.806800079345703125e+01,1.795499992370605469e+01,1.783800125122070312e+01,1.775500106811523438e+01,1.770000076293945312e+01,1.758800125122070312e+01,1.746000099182128906e+01,1.727799987792968750e+01,1.707500076293945312e+01,1.686000061035156250e+01,1.667000007629394531e+01,1.636800003051757812e+01,1.602500152587890625e+01,1.560500049591064453e+01,1.517500114440917969e+01,1.471000099182128906e+01,1.431300067901611328e+01,1.419000053405761719e+01,1.000000020040877343e+20,1.000000020040877343e+20,1.000000020040877343e+20,1.000000020040877343e+20,1.000000020040877343e+20,1.000000020040877343e+20,1.000000020040877343e+20,1.000000020040877343e+20,1.000000020040877343e+20,1.000000020040877343e+20,1.000000020040877343e+20,1.000000020040877343e+20,1.000000020040877343e+20,1.000000020040877343e+20,1.000000020040877343e+20,1.000000020040877343e+20,1.000000020040877343e+20,1.000000020040877343e+20,1.529300117492675781e+01,1.610000038146972656e+01,1.707999992370605469e+01,1.811500167846679688e+01,1.894500160217285156e+01,1.943000030517578125e+01,1.964800071716308594e+01,1.971000099182128906e+01,1.969800186157226562e+01,1.962500000000000000e+01,1.951800155639648438e+01,1.941500091552734375e+01,1.935300064086914062e+01,1.936000061035156250e+01,1.936800003051757812e+01,1.938500022888183594e+01,1.937000083923339844e+01,1.935300064086914062e+01,1.929300117492675781e+01,1.923500061035156250e+01,1.921300125122070312e+01,1.923500061035156250e+01,1.922500038146972656e+01,1.921500015258789062e+01,1.919300079345703125e+01,1.914000129699707031e+01,1.911300086975097656e+01,1.905800056457519531e+01,1.897000122070312500e+01,1.886800003051757812e+01,1.874500083923339844e+01,1.863800048828125000e+01,1.853500175476074219e+01,1.842000007629394531e+01,1.833800125122070312e+01,1.828300094604492188e+01,1.825300025939941406e+01,1.821500015258789062e+01,1.819500160217285156e+01,1.819000053405761719e+01,1.823300170898437500e+01,1.828800010681152344e+01,1.834500122070312500e+01,1.840000152587890625e+01,1.845499992370605469e+01,1.846500015258789062e+01,1.845499992370605469e+01,1.841800117492675781e+01,1.835000038146972656e+01,1.830000114440917969e+01,1.824300003051757812e+01,1.818300056457519531e+01,1.813500022888183594e+01
1.744799995422363281e+01,1.748300170898437500e+01,1.754000091552734375e+01,1.757500076293945312e+01,1.739500045776367188e+01,1.738000106811523438e+01,1.735800170898437500e+01,1.737800025939941406e+01,1.742000007629394531e+01,1.750000000000000000e+01,1.757999992370605469e+01,1.766300010681152344e+01,1.772300148010253906e+01,1.774300003051757812e+01,1.764000129699707031e+01,1.736800003051757812e+01,1.695300102233886719e+01,1.655500030517578125e+01,1.000000020040877343e+20,1.000000020040877343e+20,1.000000020040877343e+20,1.000000020040877343e+20,1.000000020040877343e+20,1.000000020040877343e+20,1.000000020040877343e+20,1.000000020040877343e+20,1.000000020040877343e+20,2.088300132751464844e+01,2.112300109863281250e+01,2.115500068664550781e+01,2.102800178527832031e+01,2.083300018310546875e+01,2.062800025939941406e+01,2.048300170898437500e+01,2.035800170898437500e+01,2.026500129699707031e+01,2.020300102233886719e+01,2.015000152587890625e+01,2.013800048828125000e+01,2.003500175476074219e+01,1.986300086975097656e+01,1.963000106811523438e+01,1.942300033569335938e+01,1.927300071716308594e+01,1.918300056457519531e+01,1.910500144958496094e+01,1.899300003051757812e+01,1.887500000000000000e+01,1.872500038146972656e+01,1.858500099182128906e+01,1.845300102233886719e+01,1.834300041198730469e+01,1.824000167846679688e+01,1.818300056457519531e+01,1.812800025939941406e+01,1.807500076293945312e+01,1.799500083923339844e+01,1.794300079345703125e+01,1.788500022888183594e+01,1.779500007629394531e+01,1.769300079345703125e+01,1.757999992370605469e+01,1.750500106811523438e+01,1.742800140380859375e+01,1.737000083923339844e+01,1.731000137329101562e+01,1.724500083923339844e+01,1.718300056457519531e+01,1.711800003051757812e+01,1.701800155639648438e+01,1.689800071716308594e+01,1.675300025939941406e+01,1.658300018310546875e+01,1.642300033569335938e+01,1.630800056457519531e+01,1.621800041198730469e+01,1.617500114440917969e+01,1.618800163269042969e+01,1.620000076293945312e+01,1.620000076293945312e+01,1.618000030517578125e+01,1.615299987792968750e+01,1.611800003051757812e+01,1.608500099182128906e+01,1.605000114440917969e+01,1.600500106811523438e+01,1.598300075531005859e+01,1.593800067901611328e+01,1.590300083160400391e+01,1.585300064086914062e+01,1.580300045013427734e+01,1.579300117492675781e+01,1.578500080108642578e+01,1.579800033569335938e+01,1.580500030517578125e+01,1.578800106048583984e+01,1.577300071716308594e+01,1.576300048828125000e+01,1.576000118255615234e+01,1.576800060272216797e+01,1.577500057220458984e+01,1.578800106048583984e+01,1.583500099182128906e+01,1.591800117492675781e+01,1.601800155639648438e+01,1.617300033569335938e+01,1.633800125122070312e+01,1.656500053405761719e+01,1.685800170898437500e+01,1.718000030517578125e+01,1.756800079345703125e+01,1.802800178527832031e+01,1.858300018310546875e+01,1.917300033569335938e+01,1.972300148010253906e+01,1.999000167846679688e+01,1.000000020040877343e+20,1.000000020040877343e+20,1.000000020040877343e+20,1.000000020040877343e+20,1.000000020040877343e+20,1.000000020040877343e+20,1.000000020040877343e+20,1.000000020040877343e+20,1.693500137329101562e+01,1.707500076293945312e+01,1.702799987792968750e+01,1.693300056457519531e+01,1.689500045776367188e+01,1.688800048828125000e+01,1.690000152587890625e+01,1.689500045776367188e+01,1.682800102233886719e+01,1.670000076293945312e+01,1.644799995422363281e+01,1.000000020040877343e+20,1.000000020040877343e+20,1.507800102233886719e+01,1.000000020040877343e+20,1.000000020040877343e+20,1.000000020040877343e+20,1.000000020040877343e+20,1.000000020040877343e+20,1.000000020040877343e+20,1.000000020040877343e+20,1.000000020040877343e+20,1.000000020040877343e+20,1.000000020040877343e+20,1.000000020040877343e+20,1.000000020040877343e+20,1.000000020040877343e+20,1.874300003051757812e+01,1.917800140380859375e+01,1.941300010681152344e+01,1.951500129699707031e+01,1.947000122070312500e+01,1.936500167846679688e+01,1.925000000000000000e+01,1.916800117492675781e+01,1.905800056457519531e+01,1.889500045776367188e+01,1.867500114440917969e+01,1.843300056457519531e+01,1.823000144958496094e+01,1.805300140380859375e+01,1.789500045776367188e+01,1.774000167846679688e+01,1.757000160217285156e+01,1.741300010681152344e+01,1.729300117492675781e+01,1.721800041198730469e+01,1.716800117492675781e+01,1.716500091552734375e+01,1.722500038146972656e+01,1.728500175476074219e+01,1.734300041198730469e+01,1.734300041198730469e+01,1.732299995422363281e+01,1.726300048828125000e+01,1.715500068664550781e+01,1.705800056457519531e+01,1.698000144958496094e+01,1.693000030517578125e+01,1.695300102233886719e+01,1.702799987792968750e+01,1.714300155639648438e+01,1.723800086975097656e+01,1.732299995422363281e+01,1.737300109863281250e+01,1.736300086975097656e+01,1.737000083923339844e+01,1.734500122070312500e+01,1.729500007629394531e+01,1.724000167846679688e+01,1.720000076293945312e+01,1.713300132751464844e+01,1.706500053405761719e+01,1.700300025939941406e+01,1.694300079345703125e+01,1.689500045776367188e+01,1.688000106811523438e+01,1.688000106811523438e+01,1.687300109863281250e+01,1.685000038146972656e+01,1.683300018310546875e+01,1.682999992370605469e+01,1.681800079345703125e+01,1.679300117492675781e+01,1.677300071716308594e+01,1.676300048828125000e+01,1.675300025939941406e+01,1.672000122070312500e+01,1.672800064086914062e+01,1.671500015258789062e+01,1.670300102233886719e+01,1.668800163269042969e+01,1.669500160217285156e+01,1.674800109863281250e+01,1.678300094604492188e+01,1.680000114440917969e+01,1.683500099182128906e+01,1.685500144958496094e+01,1.687500000000000000e+01,1.690000152587890625e+01,1.690299987792968750e+01,1.688500022888183594e+01,1.687800025939941406e+01,1.690299987792968750e+01,1.693800163269042969e+01,1.700000000000000000e+01,1.707999992370605469e+01,1.718300056457519531e+01,1.728000068664550781e+01,1.737800025939941406e+01,1.744500160217285156e+01,1.754000091552734375e+01,1.763800048828125000e+01,1.771800041198730469e+01,1.777800178527832031e+01,1.784500122070312500e+01,1.790500068664550781e+01,1.793000030517578125e+01,1.797000122070312500e+01,1.803500175476074219e+01,1.816000175476074219e+01,1.824000167846679688e+01,1.831800079345703125e+01,1.839000129699707031e+01,1.840000152587890625e+01,1.839500045776367188e+01,1.834300041198730469e+01,1.827000045776367188e+01,1.823300170898437500e+01,1.820499992370605469e+01,1.819300079345703125e+01,1.820499992370605469e+01,1.819300079345703125e+01,1.817300033569335938e+01,1.817300033569335938e+01,1.815300178527832031e+01,1.814300155639648438e+01,1.814000129699707031e+01,1.813500022888183594e+01,1.813500022888183594e+01,1.811000061035156250e+01,1.807000160217285156e+01,1.798500061035156250e+01,1.793800163269042969e+01,1.785300064086914062e+01,1.773800086975097656e+01,1.760000038146972656e+01,1.748000144958496094e+01,1.739000129699707031e+01,1.725300025939941406e+01,1.724000167846679688e+01,1.716500091552734375e+01,1.711500167846679688e+01,1.697000122070312500e+01,1.682800102233886719e+01,1.663800048828125000e+01,1.641300010681152344e+01,1.618800163269042969e+01,1.597500038146972656e+01,1.566500091552734375e+01,1.529800033569335938e+01,1.483000087738037109e+01,1.428500080108642578e+01,1.402500057220458984e+01,1.000000020040877343e+20,1.000000020040877343e+20,1.000000020040877343e+20,1.000000020040877343e+20,1.000000020040877343e+20,1.000000020040877343e+20,1.000000020040877343e+20,1.000000020040877343e+20,1.000000020040877343e+20,1.000000020040877343e+20,1.000000020040877343e+20,1.000000020040877343e+20,1.000000020040877343e+20,1.000000020040877343e+20,1.000000020040877343e+20,1.000000020040877343e+20,1.000000020040877343e+20,1.000000020040877343e+20,1.000000020040877343e+20,1.518300056457519531e+01,1.591800117492675781e+01,1.694500160217285156e+01,1.788500022888183594e+01,1.859000015258789062e+01,1.893800163269042969e+01,1.903800010681152344e+01,1.904500007629394531e+01,1.897300148010253906e+01,1.886800003051757812e+01,1.876800155639648438e+01,1.870300102233886719e+01,1.867300033569335938e+01,1.869000053405761719e+01,1.869799995422363281e+01,1.866000175476074219e+01,1.861800003051757812e+01,1.855500030517578125e+01,1.845499992370605469e+01,1.838500022888183594e+01,1.837300109863281250e+01,1.838300132751464844e+01,1.835800170898437500e+01,1.835500144958496094e+01,1.832299995422363281e+01,1.831500053405761719e+01,1.830000114440917969e+01,1.829000091552734375e+01,1.824000167846679688e+01,1.816800117492675781e+01,1.806500053405761719e+01,1.795800018310546875e+01,1.784800148010253906e+01,1.775500106811523438e+01,1.767800140380859375e+01,1.767500114440917969e+01,1.764300155639648438e+01,1.759000015258789062e+01,1.758300018310546875e+01,1.757999992370605469e+01,1.755300140380859375e+01,1.757800102233886719e+01,1.762500000000000000e+01,1.767300033569335938e+01,1.771800041198730469e+01,1.774300003051757812e+01,1.772500038146972656e+01,1.767000007629394531e+01,1.762800025939941406e+01,1.759000015258789062e+01,1.754800033569335938e+01,1.750800132751464844e+01,1.750000000000000000e+01
1.673300170898437500e+01,1.674300003051757812e+01,1.680500030517578125e+01,1.687300109863281250e+01,1.689800071716308594e+01,1.691000175476074219e+01,1.693500137329101562e+01,1.696300125122070312e+01,1.702799987792968750e+01,1.712300109863281250e+01,1.724800109863281250e+01,1.736300086975097656e+01,1.745499992370605469e+01,1.751300048828125000e+01,1.748800086975097656e+01,1.737300109863281250e+01,1.715299987792968750e+01,1.687300109863281250e+01,1.675000000000000000e+01,1.655000114440917969e+01,1.660500144958496094e+01,1.691500091552734375e+01,1.745000076293945312e+01,1.793800163269042969e+01,1.921500015258789062e+01,1.964300155639648438e+01,2.011000061035156250e+01,2.047800064086914062e+01,2.055800056457519531e+01,2.048500061035156250e+01,2.031500053405761719e+01,2.010300064086914062e+01,1.986800003051757812e+01,1.965800094604492188e+01,1.951800155639648438e+01,1.944000053405761719e+01,1.941300010681152344e+01,1.940000152587890625e+01,1.937800025939941406e+01,1.929500007629394531e+01,1.914300155639648438e+01,1.894799995422363281e+01,1.879000091552734375e+01,1.870300102233886719e+01,1.864800071716308594e+01,1.858500099182128906e+01,1.849500083923339844e+01,1.838800048828125000e+01,1.822000122070312500e+01,1.807500076293945312e+01,1.792500114440917969e+01,1.777800178527832031e+01,1.765500068664550781e+01,1.757000160217285156e+01,1.749300003051757812e+01,1.739000129699707031e+01,1.732000160217285156e+01,1.724800109863281250e+01,1.715500068664550781e+01,1.705300140380859375e+01,1.696800041198730469e+01,1.688500022888183594e+01,1.682500076293945312e+01,1.677300071716308594e+01,1.669799995422363281e+01,1.659000015258789062e+01,1.651300048828125000e+01,1.644500160217285156e+01,1.638500022888183594e+01,1.632299995422363281e+01,1.625500106811523438e+01,1.614500045776367188e+01,1.603300094604492188e+01,1.589000034332275391e+01,1.573300075531005859e+01,1.561000061035156250e+01,1.553300094604492188e+01,1.548300075531005859e+01,1.545800113677978516e+01,1.544300079345703125e+01,1.541500091552734375e+01,1.541800117492675781e+01,1.539300060272216797e+01,1.534800052642822266e+01,1.531500053405761719e+01,1.527800083160400391e+01,1.523000049591064453e+01,1.522500038146972656e+01,1.520800113677978516e+01,1.515800094604492188e+01,1.511800098419189453e+01,1.507800102233886719e+01,1.506000041961669922e+01,1.507000064849853516e+01,1.506500053405761719e+01,1.504500102996826172e+01,1.505000114440917969e+01,1.505800056457519531e+01,1.507300090789794922e+01,1.509500026702880859e+01,1.510500049591064453e+01,1.513500118255615234e+01,1.520500087738037109e+01,1.532800102233886719e+01,1.549000072479248047e+01,1.567500114440917969e+01,1.587800121307373047e+01,1.612000083923339844e+01,1.637800025939941406e+01,1.665999984741210938e+01,1.701000022888183594e+01,1.739500045776367188e+01,1.788000106811523438e+01,1.844500160217285156e+01,1.898500061035156250e+01,1.931000137329101562e+01,1.000000020040877343e+20,1.000000020040877343e+20,1.000000020040877343e+20,1.787000083923339844e+01,1.760000038146972656e+01,1.728800010681152344e+01,1.700300025939941406e+01,1.677799987792968750e+01,1.672500038146972656e+01,1.663800048828125000e+01,1.653499984741210938e+01,1.645000076293945312e+01,1.642800140380859375e+01,1.644300079345703125e+01,1.649800109863281250e+01,1.656500053405761719e+01,1.657000160217285156e+01,1.650000000000000000e+01,1.635800170898437500e+01,1.604800033569335938e+01,1.579800033569335938e+01,1.549300098419189453e+01,1.000000020040877343e+20,1.000000020040877343e+20,1.000000020040877343e+20,1.000000020040877343e+20,1.000000020040877343e+20,1.000000020040877343e+20,1.000000020040877343e+20,1.000000020040877343e+20,1.000000020040877343e+20,1.000000020040877343e+20,1.000000020040877343e+20,1.000000020040877343e+20,1.000000020040877343e+20,1.836300086975097656e+01,1.860800170898437500e+01,1.883300018310546875e+01,1.890500068664550781e+01,1.885300064086914062e+01,1.872000122070312500e+01,1.856000137329101562e+01,1.843500137329101562e+01,1.832800102233886719e+01,1.822500038146972656e+01,1.804000091552734375e+01,1.780800056457519531e+01,1.759300041198730469e+01,1.740299987792968750e+01,1.722800064086914062e+01,1.706300163269042969e+01,1.689500045776367188e+01,1.672500038146972656e+01,1.663800048828125000e+01,1.656300163269042969e+01,1.648500061035156250e+01,1.647800064086914062e+01,1.655500030517578125e+01,1.666500091552734375e+01,1.678300094604492188e+01,1.683300018310546875e+01,1.683300018310546875e+01,1.677799987792968750e+01,1.669799995422363281e+01,1.663000106811523438e+01,1.655800056457519531e+01,1.652000045776367188e+01,1.647500038146972656e+01,1.649800109863281250e+01,1.655500030517578125e+01,1.665299987792968750e+01,1.674300003051757812e+01,1.680800056457519531e+01,1.684000015258789062e+01,1.682800102233886719e+01,1.680300140380859375e+01,1.675500106811523438e+01,1.669300079345703125e+01,1.663800048828125000e+01,1.657299995422363281e+01,1.649800109863281250e+01,1.640999984741210938e+01,1.633800125122070312e+01,1.629500007629394531e+01,1.626800155639648438e+01,1.626300048828125000e+01,1.624800109863281250e+01,1.621800041198730469e+01,1.620800018310546875e+01,1.621300125122070312e+01,1.620300102233886719e+01,1.619000053405761719e+01,1.618500137329101562e+01,1.617800140380859375e+01,1.617500114440917969e+01,1.617300033569335938e+01,1.615299987792968750e+01,1.615299987792968750e+01,1.611800003051757812e+01,1.607299995422363281e+01,1.608500099182128906e+01,1.610300064086914062e+01,1.614800071716308594e+01,1.621800041198730469e+01,1.625300025939941406e+01,1.626500129699707031e+01,1.628300094604492188e+01,1.630800056457519531e+01,1.629800033569335938e+01,1.627500152587890625e+01,1.627799987792968750e+01,1.629000091552734375e+01,1.633500099182128906e+01,1.638000106811523438e+01,1.645499992370605469e+01,1.655000114440917969e+01,1.663500022888183594e+01,1.670000076293945312e+01,1.675800132751464844e+01,1.681800079345703125e+01,1.690299987792968750e+01,1.698000144958496094e+01,1.702799987792968750e+01,1.708800125122070312e+01,1.710300064086914062e+01,1.712000083923339844e+01,1.717500114440917969e+01,1.723000144958496094e+01,1.728000068664550781e+01,1.737800025939941406e+01,1.749800109863281250e+01,1.756300163269042969e+01,1.759500122070312500e+01,1.758500099182128906e+01,1.752800178527832031e+01,1.742300033569335938e+01,1.737300109863281250e+01,1.733500099182128906e+01,1.736800003051757812e+01,1.738800048828125000e+01,1.741800117492675781e+01,1.743000030517578125e+01,1.741300010681152344e+01,1.741800117492675781e+01,1.741300010681152344e+01,1.739500045776367188e+01,1.739000129699707031e+01,1.737500000000000000e+01,1.738000106811523438e+01,1.734800148010253906e+01,1.731500053405761719e+01,1.728000068664550781e+01,1.721000099182128906e+01,1.715500068664550781e+01,1.707299995422363281e+01,1.695000076293945312e+01,1.686500167846679688e+01,1.678800010681152344e+01,1.675000000000000000e+01,1.672300148010253906e+01,1.663000106811523438e+01,1.650800132751464844e+01,1.631300163269042969e+01,1.613300132751464844e+01,1.598300075531005859e+01,1.580800056457519531e+01,1.557000064849853516e+01,1.527300071716308594e+01,1.486000061035156250e+01,1.437000083923339844e+01,1.392300033569335938e+01,1.366500091552734375e+01,1.000000020040877343e+20,1.000000020040877343e+20,1.000000020040877343e+20,1.000000020040877343e+20,1.000000020040877343e+20,1.000000020040877343e+20,1.000000020040877343e+20,1.000000020040877343e+20,1.000000020040877343e+20,1.000000020040877343e+20,1.000000020040877343e+20,1.000000020040877343e+20,1.000000020040877343e+20,1.000000020040877343e+20,1.201000022888183594e+01,1.000000020040877343e+20,1.000000020040877343e+20,1.000000020040877343e+20,1.406300067901611328e+01,1.494300079345703125e+01,1.589300060272216797e+01,1.690000152587890625e+01,1.771000099182128906e+01,1.824300003051757812e+01,1.851500129699707031e+01,1.854800033569335938e+01,1.847000122070312500e+01,1.835500144958496094e+01,1.824000167846679688e+01,1.816300010681152344e+01,1.811500167846679688e+01,1.811800003051757812e+01,1.811000061035156250e+01,1.807999992370605469e+01,1.802500152587890625e+01,1.793800163269042969e+01,1.783800125122070312e+01,1.775500106811523438e+01,1.769500160217285156e+01,1.764500045776367188e+01,1.760300064086914062e+01,1.754800033569335938e+01,1.748300170898437500e+01,1.743500137329101562e+01,1.742300033569335938e+01,1.742300033569335938e+01,1.742300033569335938e+01,1.737500000000000000e+01,1.731800079345703125e+01,1.725300025939941406e+01,1.714000129699707031e+01,1.705000114440917969e+01,1.697800064086914062e+01,1.696000099182128906e+01,1.700000000000000000e+01,1.700300025939941406e+01,1.699500083923339844e+01,1.696800041198730469e+01,1.692500114440917969e+01,1.690000152587890625e+01,1.690299987792968750e+01,1.688000106811523438e+01,1.689500045776367188e+01,1.692500114440917969e+01,1.692000007629394531e+01,1.688800048828125000e+01,1.683800125122070312e+01,1.678800010681152344e+01,1.676500129699707031e+01,1.678000068664550781e+01,1.679800033569335938e+01,1.673500061035156250e+01
1.600800132751464844e+01,1.607000160217285156e+01,1.612800025939941406e+01,1.620300102233886719e+01,1.621800041198730469e+01,1.625300025939941406e+01,1.628300094604492188e+01,1.634800148010253906e+01,1.643300056457519531e+01,1.654800033569335938e+01,1.669000053405761719e+01,1.686800003051757812e+01,1.700300025939941406e+01,1.713800048828125000e+01,1.723500061035156250e+01,1.729000091552734375e+01,1.728000068664550781e+01,1.723300170898437500e+01,1.717300033569335938e+01,1.716500091552734375e+01,1.729500007629394531e+01,1.761800003051757812e+01,1.805800056457519531e+01,1.846300125122070312e+01,1.943300056457519531e+01,1.968000030517578125e+01,1.991000175476074219e+01,2.001500129699707031e+01,1.994300079345703125e+01,1.983800125122070312e+01,1.967500114440917969e+01,1.950800132751464844e+01,1.932800102233886719e+01,1.911800003051757812e+01,1.897000122070312500e+01,1.888800048828125000e+01,1.885000038146972656e+01,1.884800148010253906e+01,1.882800102233886719e+01,1.876800155639648438e+01,1.860300064086914062e+01,1.842800140380859375e+01,1.830800056457519531e+01,1.827300071716308594e+01,1.825000000000000000e+01,1.820499992370605469e+01,1.812800025939941406e+01,1.802300071716308594e+01,1.788000106811523438e+01,1.773300170898437500e+01,1.757999992370605469e+01,1.742800140380859375e+01,1.727300071716308594e+01,1.714800071716308594e+01,1.704500007629394531e+01,1.692000007629394531e+01,1.681300163269042969e+01,1.671500015258789062e+01,1.659300041198730469e+01,1.647300148010253906e+01,1.638000106811523438e+01,1.630000114440917969e+01,1.622300148010253906e+01,1.616800117492675781e+01,1.607299995422363281e+01,1.598300075531005859e+01,1.588800048828125000e+01,1.580800056457519531e+01,1.574800109863281250e+01,1.570500087738037109e+01,1.566800117492675781e+01,1.560300064086914062e+01,1.549500083923339844e+01,1.535500049591064453e+01,1.521300029754638672e+01,1.504500102996826172e+01,1.494000053405761719e+01,1.486800098419189453e+01,1.483000087738037109e+01,1.478500080108642578e+01,1.475500106811523438e+01,1.473800086975097656e+01,1.471800041198730469e+01,1.470000076293945312e+01,1.465800094604492188e+01,1.464300060272216797e+01,1.461500072479248047e+01,1.459000110626220703e+01,1.457000064849853516e+01,1.453300094604492188e+01,1.448000049591064453e+01,1.441800022125244141e+01,1.438300037384033203e+01,1.437800025939941406e+01,1.436500072479248047e+01,1.436500072479248047e+01,1.436500072479248047e+01,1.439300060272216797e+01,1.444800090789794922e+01,1.448300075531005859e+01,1.449800109863281250e+01,1.453800106048583984e+01,1.462000083923339844e+01,1.476300048828125000e+01,1.493800067901611328e+01,1.513300037384033203e+01,1.532500076293945312e+01,1.554500102996826172e+01,1.577300071716308594e+01,1.601300048828125000e+01,1.627500152587890625e+01,1.659000015258789062e+01,1.695300102233886719e+01,1.738000106811523438e+01,1.782500076293945312e+01,1.815000152587890625e+01,1.790500068664550781e+01,1.788500022888183594e+01,1.758500099182128906e+01,1.742000007629394531e+01,1.717000007629394531e+01,1.690800094604492188e+01,1.668000030517578125e+01,1.643500137329101562e+01,1.619500160217285156e+01,1.599300098419189453e+01,1.583000087738037109e+01,1.574300098419189453e+01,1.576500034332275391e+01,1.584300041198730469e+01,1.594800090789794922e+01,1.604800033569335938e+01,1.611800003051757812e+01,1.613000106811523438e+01,1.608300018310546875e+01,1.594300079345703125e+01,1.581800079345703125e+01,1.573500061035156250e+01,1.000000020040877343e+20,1.000000020040877343e+20,1.000000020040877343e+20,1.000000020040877343e+20,1.000000020040877343e+20,1.000000020040877343e+20,1.000000020040877343e+20,1.000000020040877343e+20,1.000000020040877343e+20,1.000000020040877343e+20,1.000000020040877343e+20,1.000000020040877343e+20,1.733800125122070312e+01,1.782500076293945312e+01,1.809300041198730469e+01,1.824800109863281250e+01,1.828000068664550781e+01,1.823000144958496094e+01,1.810000038146972656e+01,1.794300079345703125e+01,1.777800178527832031e+01,1.761300086975097656e+01,1.748500061035156250e+01,1.732999992370605469e+01,1.716300010681152344e+01,1.697000122070312500e+01,1.679500007629394531e+01,1.664000129699707031e+01,1.650300025939941406e+01,1.635800170898437500e+01,1.623000144958496094e+01,1.610800170898437500e+01,1.602799987792968750e+01,1.594800090789794922e+01,1.591500091552734375e+01,1.597000122070312500e+01,1.612000083923339844e+01,1.628800010681152344e+01,1.638300132751464844e+01,1.639800071716308594e+01,1.635500144958496094e+01,1.627300071716308594e+01,1.620499992370605469e+01,1.613500022888183594e+01,1.611800003051757812e+01,1.606500053405761719e+01,1.604800033569335938e+01,1.603300094604492188e+01,1.607000160217285156e+01,1.612000083923339844e+01,1.617500114440917969e+01,1.621800041198730469e+01,1.623000144958496094e+01,1.622300148010253906e+01,1.619000053405761719e+01,1.613000106811523438e+01,1.607999992370605469e+01,1.602300071716308594e+01,1.595800113677978516e+01,1.587800121307373047e+01,1.579500102996826172e+01,1.572800064086914062e+01,1.567800045013427734e+01,1.563500118255615234e+01,1.559500026702880859e+01,1.557800102233886719e+01,1.556300067901611328e+01,1.555000114440917969e+01,1.554300117492675781e+01,1.556000041961669922e+01,1.557000064849853516e+01,1.557800102233886719e+01,1.557000064849853516e+01,1.557300090789794922e+01,1.556500053405761719e+01,1.553500080108642578e+01,1.552300071716308594e+01,1.551300048828125000e+01,1.553500080108642578e+01,1.555000114440917969e+01,1.559500026702880859e+01,1.563500118255615234e+01,1.567500114440917969e+01,1.571000099182128906e+01,1.572800064086914062e+01,1.574300098419189453e+01,1.574000072479248047e+01,1.576000118255615234e+01,1.576300048828125000e+01,1.576800060272216797e+01,1.577800083160400391e+01,1.581800079345703125e+01,1.587800121307373047e+01,1.595500087738037109e+01,1.601000022888183594e+01,1.606500053405761719e+01,1.607500076293945312e+01,1.610300064086914062e+01,1.614300155639648438e+01,1.620499992370605469e+01,1.621500015258789062e+01,1.622800064086914062e+01,1.623300170898437500e+01,1.625800132751464844e+01,1.628800010681152344e+01,1.633800125122070312e+01,1.641300010681152344e+01,1.649500083923339844e+01,1.656000137329101562e+01,1.662300109863281250e+01,1.667000007629394531e+01,1.666800117492675781e+01,1.662500000000000000e+01,1.654000091552734375e+01,1.650300025939941406e+01,1.648800086975097656e+01,1.649500083923339844e+01,1.652000045776367188e+01,1.652799987792968750e+01,1.655800056457519531e+01,1.657500076293945312e+01,1.661000061035156250e+01,1.661300086975097656e+01,1.662000083923339844e+01,1.658800125122070312e+01,1.657800102233886719e+01,1.657999992370605469e+01,1.658300018310546875e+01,1.658800125122070312e+01,1.657999992370605469e+01,1.654300117492675781e+01,1.651300048828125000e+01,1.644500160217285156e+01,1.639800071716308594e+01,1.632299995422363281e+01,1.626000022888183594e+01,1.618300056457519531e+01,1.609300041198730469e+01,1.599000072479248047e+01,1.588500118255615234e+01,1.577800083160400391e+01,1.571300029754638672e+01,1.558500099182128906e+01,1.541500091552734375e+01,1.518000030517578125e+01,1.485800075531005859e+01,1.441000080108642578e+01,1.393000030517578125e+01,1.351500034332275391e+01,1.328800106048583984e+01,1.000000020040877343e+20,1.000000020040877343e+20,1.000000020040877343e+20,1.000000020040877343e+20,1.000000020040877343e+20,1.000000020040877343e+20,1.000000020040877343e+20,1.000000020040877343e+20,1.000000020040877343e+20,1.000000020040877343e+20,1.000000020040877343e+20,1.000000020040877343e+20,1.000000020040877343e+20,1.000000020040877343e+20,1.000000020040877343e+20,1.286000061035156250e+01,1.285500049591064453e+01,1.320300102233886719e+01,1.403800106048583984e+01,1.490000057220458984e+01,1.590000057220458984e+01,1.678800010681152344e+01,1.747800064086914062e+01,1.792300033569335938e+01,1.811300086975097656e+01,1.813800048828125000e+01,1.799800109863281250e+01,1.784000015258789062e+01,1.771300125122070312e+01,1.763800048828125000e+01,1.759800148010253906e+01,1.759300041198730469e+01,1.757999992370605469e+01,1.754300117492675781e+01,1.745300102233886719e+01,1.735800170898437500e+01,1.724800109863281250e+01,1.716000175476074219e+01,1.710800170898437500e+01,1.703800010681152344e+01,1.697300148010253906e+01,1.689500045776367188e+01,1.679300117492675781e+01,1.671000099182128906e+01,1.664800071716308594e+01,1.660800170898437500e+01,1.657299995422363281e+01,1.653800010681152344e+01,1.650000000000000000e+01,1.640500068664550781e+01,1.632500076293945312e+01,1.625500106811523438e+01,1.619500160217285156e+01,1.618300056457519531e+01,1.617500114440917969e+01,1.616500091552734375e+01,1.617800140380859375e+01,1.619500160217285156e+01,1.615299987792968750e+01,1.611300086975097656e+01,1.610500144958496094e+01,1.608300018310546875e+01,1.605300140380859375e+01,1.605000114440917969e+01,1.601300048828125000e+01,1.596300029754638672e+01,1.584500122070312500e+01,1.581800079345703125e+01,1.584500122070312500e+01,1.590000057220458984e+01,1.595500087738037109e+01,1.597800064086914062e+01
1.515300083160400391e+01,1.520800113677978516e+01,1.521500110626220703e+01,1.523300075531005859e+01,1.526500034332275391e+01,1.531000041961669922e+01,1.536300086975097656e+01,1.544300079345703125e+01,1.556300067901611328e+01,1.570800113677978516e+01,1.589300060272216797e+01,1.611300086975097656e+01,1.639300155639648438e+01,1.666300010681152344e+01,1.698000144958496094e+01,1.726800155639648438e+01,1.756500053405761719e+01,1.781500053405761719e+01,1.800800132751464844e+01,1.815300178527832031e+01,1.834300041198730469e+01,1.858000183105468750e+01,1.884000015258789062e+01,1.903300094604492188e+01,1.957500076293945312e+01,1.956300163269042969e+01,1.948500061035156250e+01,1.940500068664550781e+01,1.930800056457519531e+01,1.921300125122070312e+01,1.912500000000000000e+01,1.904500007629394531e+01,1.894500160217285156e+01,1.880500030517578125e+01,1.869000053405761719e+01,1.857500076293945312e+01,1.849500083923339844e+01,1.843800163269042969e+01,1.838300132751464844e+01,1.828500175476074219e+01,1.814500045776367188e+01,1.799500083923339844e+01,1.785300064086914062e+01,1.780500030517578125e+01,1.782000160217285156e+01,1.781000137329101562e+01,1.777300071716308594e+01,1.770000076293945312e+01,1.758800125122070312e+01,1.742800140380859375e+01,1.728800010681152344e+01,1.712000083923339844e+01,1.697000122070312500e+01,1.682500076293945312e+01,1.671000099182128906e+01,1.658300018310546875e+01,1.645300102233886719e+01,1.632000160217285156e+01,1.619500160217285156e+01,1.605500030517578125e+01,1.593800067901611328e+01,1.583800029754638672e+01,1.574300098419189453e+01,1.566800117492675781e+01,1.558300113677978516e+01,1.549800109863281250e+01,1.540800094604492188e+01,1.530500030517578125e+01,1.522500038146972656e+01,1.519500064849853516e+01,1.514500045776367188e+01,1.508000087738037109e+01,1.498300075531005859e+01,1.485000038146972656e+01,1.470000076293945312e+01,1.455300045013427734e+01,1.442800045013427734e+01,1.433300113677978516e+01,1.428000068664550781e+01,1.422000026702880859e+01,1.416500091552734375e+01,1.415500068664550781e+01,1.413000106811523438e+01,1.410800075531005859e+01,1.410300064086914062e+01,1.410800075531005859e+01,1.407500076293945312e+01,1.405500030517578125e+01,1.402800083160400391e+01,1.396300029754638672e+01,1.389000034332275391e+01,1.380500030517578125e+01,1.374800109863281250e+01,1.371300029754638672e+01,1.367000102996826172e+01,1.364500045776367188e+01,1.365300083160400391e+01,1.369000053405761719e+01,1.377000045776367188e+01,1.382300090789794922e+01,1.389000034332275391e+01,1.395000076293945312e+01,1.402500057220458984e+01,1.416300106048583984e+01,1.434800052642822266e+01,1.451800060272216797e+01,1.471300029754638672e+01,1.488800048828125000e+01,1.508800029754638672e+01,1.526300048828125000e+01,1.546800041198730469e+01,1.570000076293945312e+01,1.592300033569335938e+01,1.618300056457519531e+01,1.646800041198730469e+01,1.675300025939941406e+01,1.693300056457519531e+01,1.695499992370605469e+01,1.675800132751464844e+01,1.650500106811523438e+01,1.629800033569335938e+01,1.611000061035156250e+01,1.594300079345703125e+01,1.575500106811523438e+01,1.555500030517578125e+01,1.532300090789794922e+01,1.514300060272216797e+01,1.505000114440917969e+01,1.507300090789794922e+01,1.512500095367431641e+01,1.524000072479248047e+01,1.535500049591064453e+01,1.541300106048583984e+01,1.547000026702880859e+01,1.550300121307373047e+01,1.552500057220458984e+01,1.554500102996826172e+01,1.555500030517578125e+01,1.541800117492675781e+01,1.535000038146972656e+01,1.000000020040877343e+20,1.000000020040877343e+20,1.000000020040877343e+20,1.000000020040877343e+20,1.000000020040877343e+20,1.000000020040877343e+20,1.000000020040877343e+20,1.000000020040877343e+20,1.000000020040877343e+20,1.000000020040877343e+20,1.709800148010253906e+01,1.730000114440917969e+01,1.756000137329101562e+01,1.767800140380859375e+01,1.766300010681152344e+01,1.758300018310546875e+01,1.747000122070312500e+01,1.732000160217285156e+01,1.717000007629394531e+01,1.700500106811523438e+01,1.686500167846679688e+01,1.672800064086914062e+01,1.656300163269042969e+01,1.640999984741210938e+01,1.628000068664550781e+01,1.615299987792968750e+01,1.603499984741210938e+01,1.594500064849853516e+01,1.586000061035156250e+01,1.574300098419189453e+01,1.564000034332275391e+01,1.554800033569335938e+01,1.546300029754638672e+01,1.546800041198730469e+01,1.555800056457519531e+01,1.594800090789794922e+01,1.597800064086914062e+01,1.597300052642822266e+01,1.590300083160400391e+01,1.581800079345703125e+01,1.576500034332275391e+01,1.570500087738037109e+01,1.567500114440917969e+01,1.564500045776367188e+01,1.560300064086914062e+01,1.553500080108642578e+01,1.550800037384033203e+01,1.551800060272216797e+01,1.555500030517578125e+01,1.559000110626220703e+01,1.563300037384033203e+01,1.564300060272216797e+01,1.563300037384033203e+01,1.560500049591064453e+01,1.555000114440917969e+01,1.550300121307373047e+01,1.545500087738037109e+01,1.538500118255615234e+01,1.527800083160400391e+01,1.520000076293945312e+01,1.512800025939941406e+01,1.506000041961669922e+01,1.499500083923339844e+01,1.494800090789794922e+01,1.491500091552734375e+01,1.490000057220458984e+01,1.489300060272216797e+01,1.490800094604492188e+01,1.493800067901611328e+01,1.495500087738037109e+01,1.494500064849853516e+01,1.497300052642822266e+01,1.497500038146972656e+01,1.497800064086914062e+01,1.497500038146972656e+01,1.498800086975097656e+01,1.498800086975097656e+01,1.500000095367431641e+01,1.501500034332275391e+01,1.503800106048583984e+01,1.507000064849853516e+01,1.511000061035156250e+01,1.516000080108642578e+01,1.517800045013427734e+01,1.519000053405761719e+01,1.520300102233886719e+01,1.521000099182128906e+01,1.522300052642822266e+01,1.522500038146972656e+01,1.526000118255615234e+01,1.532800102233886719e+01,1.536800098419189453e+01,1.540800094604492188e+01,1.542800045013427734e+01,1.542500114440917969e+01,1.538500118255615234e+01,1.535500049591064453e+01,1.533300113677978516e+01,1.536300086975097656e+01,1.539800071716308594e+01,1.546500110626220703e+01,1.550000095367431641e+01,1.555500030517578125e+01,1.559300041198730469e+01,1.564300060272216797e+01,1.570300102233886719e+01,1.577800083160400391e+01,1.583300113677978516e+01,1.584500122070312500e+01,1.583500099182128906e+01,1.578500080108642578e+01,1.574500083923339844e+01,1.568500041961669922e+01,1.566300106048583984e+01,1.566000080108642578e+01,1.565800094604492188e+01,1.567800045013427734e+01,1.569500064849853516e+01,1.571500110626220703e+01,1.574300098419189453e+01,1.576300048828125000e+01,1.577800083160400391e+01,1.578000068664550781e+01,1.577800083160400391e+01,1.579500102996826172e+01,1.581800079345703125e+01,1.584300041198730469e+01,1.585800075531005859e+01,1.586300086975097656e+01,1.586300086975097656e+01,1.585500049591064453e+01,1.581800079345703125e+01,1.574500083923339844e+01,1.570000076293945312e+01,1.563000106811523438e+01,1.552000045776367188e+01,1.548300075531005859e+01,1.540800094604492188e+01,1.536300086975097656e+01,1.526800060272216797e+01,1.518300056457519531e+01,1.499800109863281250e+01,1.475300025939941406e+01,1.442800045013427734e+01,1.398000049591064453e+01,1.350500106811523438e+01,1.316500091552734375e+01,1.000000020040877343e+20,1.000000020040877343e+20,1.000000020040877343e+20,1.000000020040877343e+20,1.000000020040877343e+20,1.000000020040877343e+20,1.000000020040877343e+20,1.000000020040877343e+20,1.000000020040877343e+20,1.000000020040877343e+20,1.000000020040877343e+20,1.000000020040877343e+20,1.000000020040877343e+20,1.000000020040877343e+20,1.000000020040877343e+20,1.000000020040877343e+20,1.298800086975097656e+01,1.298800086975097656e+01,1.336000061035156250e+01,1.407500076293945312e+01,1.499000072479248047e+01,1.589300060272216797e+01,1.664800071716308594e+01,1.721500015258789062e+01,1.754300117492675781e+01,1.767000007629394531e+01,1.758500099182128906e+01,1.742300033569335938e+01,1.724800109863281250e+01,1.711300086975097656e+01,1.706000137329101562e+01,1.708300018310546875e+01,1.708800125122070312e+01,1.708800125122070312e+01,1.703000068664550781e+01,1.692000007629394531e+01,1.681000137329101562e+01,1.670300102233886719e+01,1.662000083923339844e+01,1.657299995422363281e+01,1.652799987792968750e+01,1.646300125122070312e+01,1.637500000000000000e+01,1.627799987792968750e+01,1.614000129699707031e+01,1.602000045776367188e+01,1.594300079345703125e+01,1.587000083923339844e+01,1.579500102996826172e+01,1.570800113677978516e+01,1.560800075531005859e+01,1.552800083160400391e+01,1.544800090789794922e+01,1.538000106811523438e+01,1.533300113677978516e+01,1.527300071716308594e+01,1.524800109863281250e+01,1.524800109863281250e+01,1.526500034332275391e+01,1.523800086975097656e+01,1.518800067901611328e+01,1.515500068664550781e+01,1.507000064849853516e+01,1.503300094604492188e+01,1.498300075531005859e+01,1.492300033569335938e+01,1.486300086975097656e+01,1.484300041198730469e+01,1.485800075531005859e+01,1.492000102996826172e+01,1.502300071716308594e+01,1.508000087738037109e+01,1.510500049591064453e+01
1.404500102996826172e+01,1.405300045013427734e+01,1.401500034332275391e+01,1.399300098419189453e+01,1.402500057220458984e+01,1.409500026702880859e+01,1.421800041198730469e+01,1.435000038146972656e+01,1.448800086975097656e+01,1.465000057220458984e+01,1.486800098419189453e+01,1.519300079345703125e+01,1.558300113677978516e+01,1.609000015258789062e+01,1.665299987792968750e+01,1.725000000000000000e+01,1.778500175476074219e+01,1.824500083923339844e+01,1.858000183105468750e+01,1.875000000000000000e+01,1.885300064086914062e+01,1.895500183105468750e+01,1.898300170898437500e+01,1.894300079345703125e+01,1.923800086975097656e+01,1.903000068664550781e+01,1.879300117492675781e+01,1.858300018310546875e+01,1.840500068664550781e+01,1.836800003051757812e+01,1.843000030517578125e+01,1.850300025939941406e+01,1.846300125122070312e+01,1.836800003051757812e+01,1.826800155639648438e+01,1.811500167846679688e+01,1.796800041198730469e+01,1.780000114440917969e+01,1.771300125122070312e+01,1.762800025939941406e+01,1.753300094604492188e+01,1.743300056457519531e+01,1.732800102233886719e+01,1.729300117492675781e+01,1.730300140380859375e+01,1.732000160217285156e+01,1.732000160217285156e+01,1.725800132751464844e+01,1.715299987792968750e+01,1.703800010681152344e+01,1.691500091552734375e+01,1.679000091552734375e+01,1.668000030517578125e+01,1.655300140380859375e+01,1.645300102233886719e+01,1.633300018310546875e+01,1.619000053405761719e+01,1.602799987792968750e+01,1.586800098419189453e+01,1.569300079345703125e+01,1.554500102996826172e+01,1.542300033569335938e+01,1.536000061035156250e+01,1.529300117492675781e+01,1.521500110626220703e+01,1.513800048828125000e+01,1.503500080108642578e+01,1.494300079345703125e+01,1.485800075531005859e+01,1.477000045776367188e+01,1.471800041198730469e+01,1.461300086975097656e+01,1.451000022888183594e+01,1.437500095367431641e+01,1.423500061035156250e+01,1.409500026702880859e+01,1.395800113677978516e+01,1.386800098419189453e+01,1.379000091552734375e+01,1.373300075531005859e+01,1.367300033569335938e+01,1.362500095367431641e+01,1.360500049591064453e+01,1.359800052642822266e+01,1.360800075531005859e+01,1.361500072479248047e+01,1.359000110626220703e+01,1.355500030517578125e+01,1.350300025939941406e+01,1.343500041961669922e+01,1.334300041198730469e+01,1.322500038146972656e+01,1.314300060272216797e+01,1.308000087738037109e+01,1.299800014495849609e+01,1.293800067901611328e+01,1.294000053405761719e+01,1.299000072479248047e+01,1.309000015258789062e+01,1.317300033569335938e+01,1.325000095367431641e+01,1.334500026702880859e+01,1.344000053405761719e+01,1.355800056457519531e+01,1.369000053405761719e+01,1.383800029754638672e+01,1.397500038146972656e+01,1.410800075531005859e+01,1.427300071716308594e+01,1.443500041961669922e+01,1.459300041198730469e+01,1.474800109863281250e+01,1.489800071716308594e+01,1.507300090789794922e+01,1.524500083923339844e+01,1.546000099182128906e+01,1.563000106811523438e+01,1.568000030517578125e+01,1.555300045013427734e+01,1.539000034332275391e+01,1.524000072479248047e+01,1.513800048828125000e+01,1.503000068664550781e+01,1.492800045013427734e+01,1.482800102233886719e+01,1.467800045013427734e+01,1.455300045013427734e+01,1.447300052642822266e+01,1.444800090789794922e+01,1.448800086975097656e+01,1.455000114440917969e+01,1.460000038146972656e+01,1.462800025939941406e+01,1.466500091552734375e+01,1.470300102233886719e+01,1.480500030517578125e+01,1.492800045013427734e+01,1.504500102996826172e+01,1.512500095367431641e+01,1.514000034332275391e+01,1.000000020040877343e+20,1.000000020040877343e+20,1.000000020040877343e+20,1.000000020040877343e+20,1.000000020040877343e+20,1.000000020040877343e+20,1.000000020040877343e+20,1.000000020040877343e+20,1.000000020040877343e+20,1.000000020040877343e+20,1.651800155639648438e+01,1.677300071716308594e+01,1.700800132751464844e+01,1.708300018310546875e+01,1.703000068664550781e+01,1.691500091552734375e+01,1.680300140380859375e+01,1.663800048828125000e+01,1.649500083923339844e+01,1.637000083923339844e+01,1.625000000000000000e+01,1.614000129699707031e+01,1.600500106811523438e+01,1.586800098419189453e+01,1.575300121307373047e+01,1.569800090789794922e+01,1.566800117492675781e+01,1.563300037384033203e+01,1.557300090789794922e+01,1.546300029754638672e+01,1.532500076293945312e+01,1.514800071716308594e+01,1.502300071716308594e+01,1.498800086975097656e+01,1.502000045776367188e+01,1.000000020040877343e+20,1.579500102996826172e+01,1.574300098419189453e+01,1.539000034332275391e+01,1.531500053405761719e+01,1.528000068664550781e+01,1.524800109863281250e+01,1.521300029754638672e+01,1.517500114440917969e+01,1.512000083923339844e+01,1.505000114440917969e+01,1.500300025939941406e+01,1.498300075531005859e+01,1.501000118255615234e+01,1.504300117492675781e+01,1.508300113677978516e+01,1.510000038146972656e+01,1.510000038146972656e+01,1.509500026702880859e+01,1.506500053405761719e+01,1.502000045776367188e+01,1.496800041198730469e+01,1.490000057220458984e+01,1.482800102233886719e+01,1.474300098419189453e+01,1.463800048828125000e+01,1.456300067901611328e+01,1.450800037384033203e+01,1.444500064849853516e+01,1.438800048828125000e+01,1.437800025939941406e+01,1.437500095367431641e+01,1.435500049591064453e+01,1.436800098419189453e+01,1.438800048828125000e+01,1.439300060272216797e+01,1.440800094604492188e+01,1.441300106048583984e+01,1.442800045013427734e+01,1.444300079345703125e+01,1.443800067901611328e+01,1.443000030517578125e+01,1.444300079345703125e+01,1.445500087738037109e+01,1.446000099182128906e+01,1.448000049591064453e+01,1.450300025939941406e+01,1.455800056457519531e+01,1.458800029754638672e+01,1.462000083923339844e+01,1.464000034332275391e+01,1.463500022888183594e+01,1.462800025939941406e+01,1.462300109863281250e+01,1.463800048828125000e+01,1.468000030517578125e+01,1.472500038146972656e+01,1.474300098419189453e+01,1.476300048828125000e+01,1.475300025939941406e+01,1.471800041198730469e+01,1.468800067901611328e+01,1.467000102996826172e+01,1.464800071716308594e+01,1.467300033569335938e+01,1.470000076293945312e+01,1.474800109863281250e+01,1.481300067901611328e+01,1.485300064086914062e+01,1.489800071716308594e+01,1.493500041961669922e+01,1.497300052642822266e+01,1.504300117492675781e+01,1.508300113677978516e+01,1.506500053405761719e+01,1.501300048828125000e+01,1.496300029754638672e+01,1.492000102996826172e+01,1.490000057220458984e+01,1.485800075531005859e+01,1.484500026702880859e+01,1.486800098419189453e+01,1.490300083160400391e+01,1.490800094604492188e+01,1.490300083160400391e+01,1.489800071716308594e+01,1.493000030517578125e+01,1.494800090789794922e+01,1.497000026702880859e+01,1.498000049591064453e+01,1.500500106811523438e+01,1.505500030517578125e+01,1.509800052642822266e+01,1.514000034332275391e+01,1.514800071716308594e+01,1.518800067901611328e+01,1.520000076293945312e+01,1.521000099182128906e+01,1.512500095367431641e+01,1.504000091552734375e+01,1.493800067901611328e+01,1.488000106811523438e+01,1.484800052642822266e+01,1.484800052642822266e+01,1.476800060272216797e+01,1.467800045013427734e+01,1.454500102996826172e+01,1.434000110626220703e+01,1.401800060272216797e+01,1.362000083923339844e+01,1.318800067901611328e+01,1.293500041961669922e+01,1.000000020040877343e+20,1.000000020040877343e+20,1.000000020040877343e+20,1.000000020040877343e+20,1.000000020040877343e+20,1.000000020040877343e+20,1.000000020040877343e+20,1.000000020040877343e+20,1.000000020040877343e+20,1.000000020040877343e+20,1.000000020040877343e+20,1.000000020040877343e+20,1.000000020040877343e+20,1.000000020040877343e+20,1.000000020040877343e+20,1.000000020040877343e+20,1.264000034332275391e+01,1.274500083923339844e+01,1.319800090789794922e+01,1.397300052642822266e+01,1.486000061035156250e+01,1.567000102996826172e+01,1.628800010681152344e+01,1.670300102233886719e+01,1.695000076293945312e+01,1.700500106811523438e+01,1.688500022888183594e+01,1.667800140380859375e+01,1.647500038146972656e+01,1.637300109863281250e+01,1.637000083923339844e+01,1.643800163269042969e+01,1.646300125122070312e+01,1.647300148010253906e+01,1.642500114440917969e+01,1.632299995422363281e+01,1.621300125122070312e+01,1.612800025939941406e+01,1.606000137329101562e+01,1.601000022888183594e+01,1.595500087738037109e+01,1.589500045776367188e+01,1.583000087738037109e+01,1.572800064086914062e+01,1.559500026702880859e+01,1.548000049591064453e+01,1.535300064086914062e+01,1.524500083923339844e+01,1.510800075531005859e+01,1.497500038146972656e+01,1.486300086975097656e+01,1.477000045776367188e+01,1.466300106048583984e+01,1.458500099182128906e+01,1.449000072479248047e+01,1.443000030517578125e+01,1.437300109863281250e+01,1.434500026702880859e+01,1.431000041961669922e+01,1.423300075531005859e+01,1.416800022125244141e+01,1.410800075531005859e+01,1.408000087738037109e+01,1.402300071716308594e+01,1.396300029754638672e+01,1.389800071716308594e+01,1.383300018310546875e+01,1.382300090789794922e+01,1.384300041198730469e+01,1.390300083160400391e+01,1.396300029754638672e+01,1.400500106811523438e+01,1.402500057220458984e+01
1.276000022888183594e+01,1.273800086975097656e+01,1.267000102996826172e+01,1.268300056457519531e+01,1.270800018310546875e+01,1.281800079345703125e+01,1.298500061035156250e+01,1.315300083160400391e+01,1.333800029754638672e+01,1.353500080108642578e+01,1.380300045013427734e+01,1.417000102996826172e+01,1.465500068664550781e+01,1.529500102996826172e+01,1.607800102233886719e+01,1.687000083923339844e+01,1.755800056457519531e+01,1.807999992370605469e+01,1.843300056457519531e+01,1.857000160217285156e+01,1.854500007629394531e+01,1.844500160217285156e+01,1.831000137329101562e+01,1.810800170898437500e+01,1.815800094604492188e+01,1.782299995422363281e+01,1.747300148010253906e+01,1.723000144958496094e+01,1.712300109863281250e+01,1.723500061035156250e+01,1.750000000000000000e+01,1.769500160217285156e+01,1.770000076293945312e+01,1.756500053405761719e+01,1.736800003051757812e+01,1.717000007629394531e+01,1.698300170898437500e+01,1.684300041198730469e+01,1.678000068664550781e+01,1.676500129699707031e+01,1.676800155639648438e+01,1.673500061035156250e+01,1.668800163269042969e+01,1.665299987792968750e+01,1.669300079345703125e+01,1.675000000000000000e+01,1.677000045776367188e+01,1.673800086975097656e+01,1.665999984741210938e+01,1.657999992370605469e+01,1.652000045776367188e+01,1.647500038146972656e+01,1.639800071716308594e+01,1.632800102233886719e+01,1.624500083923339844e+01,1.615999984741210938e+01,1.603499984741210938e+01,1.587500095367431641e+01,1.567000102996826172e+01,1.545800113677978516e+01,1.527300071716308594e+01,1.512000083923339844e+01,1.505300045013427734e+01,1.498500061035156250e+01,1.491300106048583984e+01,1.482800102233886719e+01,1.471500110626220703e+01,1.460800075531005859e+01,1.451000022888183594e+01,1.442000102996826172e+01,1.435500049591064453e+01,1.425000095367431641e+01,1.413300037384033203e+01,1.402800083160400391e+01,1.386000061035156250e+01,1.372300052642822266e+01,1.360000038146972656e+01,1.348300075531005859e+01,1.339800071716308594e+01,1.332800102233886719e+01,1.321800041198730469e+01,1.314500045776367188e+01,1.311800098419189453e+01,1.310300064086914062e+01,1.310800075531005859e+01,1.310300064086914062e+01,1.309000015258789062e+01,1.305500030517578125e+01,1.298000049591064453e+01,1.292000102996826172e+01,1.282000064849853516e+01,1.273500061035156250e+01,1.267500019073486328e+01,1.258500099182128906e+01,1.248800086975097656e+01,1.244000053405761719e+01,1.239000034332275391e+01,1.242800045013427734e+01,1.250000095367431641e+01,1.259300041198730469e+01,1.268500041961669922e+01,1.277000045776367188e+01,1.283300018310546875e+01,1.291300106048583984e+01,1.300500106811523438e+01,1.311500072479248047e+01,1.319300079345703125e+01,1.329800033569335938e+01,1.343800067901611328e+01,1.355800056457519531e+01,1.369300079345703125e+01,1.378500080108642578e+01,1.389000034332275391e+01,1.402000045776367188e+01,1.418800067901611328e+01,1.437500095367431641e+01,1.451000022888183594e+01,1.453300094604492188e+01,1.442800045013427734e+01,1.428800106048583984e+01,1.417500114440917969e+01,1.409000110626220703e+01,1.404300022125244141e+01,1.401800060272216797e+01,1.401800060272216797e+01,1.398500061035156250e+01,1.392800045013427734e+01,1.389300060272216797e+01,1.389300060272216797e+01,1.387800025939941406e+01,1.388300037384033203e+01,1.389800071716308594e+01,1.386800098419189453e+01,1.385000038146972656e+01,1.391300106048583984e+01,1.400800037384033203e+01,1.419500064849853516e+01,1.440300083160400391e+01,1.456300067901611328e+01,1.468300056457519531e+01,1.451500034332275391e+01,1.456000041961669922e+01,1.462800025939941406e+01,1.451000022888183594e+01,1.440000057220458984e+01,1.432000064849853516e+01,1.000000020040877343e+20,1.452300071716308594e+01,1.464800071716308594e+01,1.505800056457519531e+01,1.580000114440917969e+01,1.613500022888183594e+01,1.636800003051757812e+01,1.646000099182128906e+01,1.638300132751464844e+01,1.623000144958496094e+01,1.605500030517578125e+01,1.587800121307373047e+01,1.572500038146972656e+01,1.563300037384033203e+01,1.558800029754638672e+01,1.552300071716308594e+01,1.540800094604492188e+01,1.530300045013427734e+01,1.522000026702880859e+01,1.520300102233886719e+01,1.526000118255615234e+01,1.530800056457519531e+01,1.529300117492675781e+01,1.518800067901611328e+01,1.499800109863281250e+01,1.476800060272216797e+01,1.457300090789794922e+01,1.449500083923339844e+01,1.472500038146972656e+01,1.000000020040877343e+20,1.000000020040877343e+20,1.000000020040877343e+20,1.480000114440917969e+01,1.480800056457519531e+01,1.481500053405761719e+01,1.480500030517578125e+01,1.477500057220458984e+01,1.472800064086914062e+01,1.471000099182128906e+01,1.464800071716308594e+01,1.460500049591064453e+01,1.458300113677978516e+01,1.459300041198730469e+01,1.462000083923339844e+01,1.461800098419189453e+01,1.463800048828125000e+01,1.463300037384033203e+01,1.462300109863281250e+01,1.459300041198730469e+01,1.455300045013427734e+01,1.449800109863281250e+01,1.442800045013427734e+01,1.436000061035156250e+01,1.429000091552734375e+01,1.420800113677978516e+01,1.414000034332275391e+01,1.408800029754638672e+01,1.403300094604492188e+01,1.400000095367431641e+01,1.397000026702880859e+01,1.395000076293945312e+01,1.392300033569335938e+01,1.390800094604492188e+01,1.389500045776367188e+01,1.388500022888183594e+01,1.389300060272216797e+01,1.388800048828125000e+01,1.387500095367431641e+01,1.387800025939941406e+01,1.388000106811523438e+01,1.388500022888183594e+01,1.386800098419189453e+01,1.387000083923339844e+01,1.386800098419189453e+01,1.388500022888183594e+01,1.390300083160400391e+01,1.391500091552734375e+01,1.393300056457519531e+01,1.396500110626220703e+01,1.396300029754638672e+01,1.396000099182128906e+01,1.393300056457519531e+01,1.392800045013427734e+01,1.396000099182128906e+01,1.399300098419189453e+01,1.402500057220458984e+01,1.401500034332275391e+01,1.405800056457519531e+01,1.402800083160400391e+01,1.401000022888183594e+01,1.400300025939941406e+01,1.402000045776367188e+01,1.401500034332275391e+01,1.403000068664550781e+01,1.401800060272216797e+01,1.405500030517578125e+01,1.407300090789794922e+01,1.408000087738037109e+01,1.411800098419189453e+01,1.417300033569335938e+01,1.422500038146972656e+01,1.429300022125244141e+01,1.431800079345703125e+01,1.433300113677978516e+01,1.431000041961669922e+01,1.426800060272216797e+01,1.424800109863281250e+01,1.421300029754638672e+01,1.418000030517578125e+01,1.414500045776367188e+01,1.416000080108642578e+01,1.415800094604492188e+01,1.414800071716308594e+01,1.412000083923339844e+01,1.413300037384033203e+01,1.413000106811523438e+01,1.416000080108642578e+01,1.417000102996826172e+01,1.419800090789794922e+01,1.422500038146972656e+01,1.424800109863281250e+01,1.430800056457519531e+01,1.436800098419189453e+01,1.445000076293945312e+01,1.449300098419189453e+01,1.447800064086914062e+01,1.445500087738037109e+01,1.438800048828125000e+01,1.429800033569335938e+01,1.421500110626220703e+01,1.419800090789794922e+01,1.418800067901611328e+01,1.423300075531005859e+01,1.421500110626220703e+01,1.416300106048583984e+01,1.407300090789794922e+01,1.391500091552734375e+01,1.365800094604492188e+01,1.331000041961669922e+01,1.293300056457519531e+01,1.276800060272216797e+01,1.000000020040877343e+20,1.000000020040877343e+20,1.000000020040877343e+20,1.000000020040877343e+20,1.000000020040877343e+20,1.000000020040877343e+20,1.000000020040877343e+20,1.000000020040877343e+20,1.000000020040877343e+20,1.000000020040877343e+20,1.000000020040877343e+20,1.000000020040877343e+20,1.000000020040877343e+20,1.000000020040877343e+20,1.184800052642822266e+01,1.158800029754638672e+01,1.180800056457519531e+01,1.199800014495849609e+01,1.257000064849853516e+01,1.346500110626220703e+01,1.440300083160400391e+01,1.514500045776367188e+01,1.568000030517578125e+01,1.600800132751464844e+01,1.618500137329101562e+01,1.617800140380859375e+01,1.598500061035156250e+01,1.573500061035156250e+01,1.554300117492675781e+01,1.545800113677978516e+01,1.547500038146972656e+01,1.559500026702880859e+01,1.567000102996826172e+01,1.571800041198730469e+01,1.568800067901611328e+01,1.562500095367431641e+01,1.552800083160400391e+01,1.544300079345703125e+01,1.538000106811523438e+01,1.532800102233886719e+01,1.527000045776367188e+01,1.519500064849853516e+01,1.511800098419189453e+01,1.503300094604492188e+01,1.493300056457519531e+01,1.483000087738037109e+01,1.475300025939941406e+01,1.463500022888183594e+01,1.447800064086914062e+01,1.432300090789794922e+01,1.419000053405761719e+01,1.409500026702880859e+01,1.399300098419189453e+01,1.390000057220458984e+01,1.378000068664550781e+01,1.368300056457519531e+01,1.359300041198730469e+01,1.351500034332275391e+01,1.345300102233886719e+01,1.334300041198730469e+01,1.323300075531005859e+01,1.314300060272216797e+01,1.307300090789794922e+01,1.300800037384033203e+01,1.292800045013427734e+01,1.285300064086914062e+01,1.281800079345703125e+01,1.281300067901611328e+01,1.281800079345703125e+01,1.280800056457519531e+01,1.279800033569335938e+01,1.277800083160400391e+01,1.277300071716308594e+01
1.162000083923339844e+01,1.154000091552734375e+01,1.145800018310546875e+01,1.143300056457519531e+01,1.148000049591064453e+01,1.158500099182128906e+01,1.176300048828125000e+01,1.192300033569335938e+01,1.211000061035156250e+01,1.235300064086914062e+01,1.264500045776367188e+01,1.307500076293945312e+01,1.361800098419189453e+01,1.431500053405761719e+01,1.509800052642822266e+01,1.591800117492675781e+01,1.665299987792968750e+01,1.720300102233886719e+01,1.753800010681152344e+01,1.764500045776367188e+01,1.754000091552734375e+01,1.735800170898437500e+01,1.713500022888183594e+01,1.684500122070312500e+01,1.681000137329101562e+01,1.644500160217285156e+01,1.608300018310546875e+01,1.587300109863281250e+01,1.579800033569335938e+01,1.595000076293945312e+01,1.625000000000000000e+01,1.647800064086914062e+01,1.645800018310546875e+01,1.625300025939941406e+01,1.598300075531005859e+01,1.571500110626220703e+01,1.552500057220458984e+01,1.544300079345703125e+01,1.547000026702880859e+01,1.555800056457519531e+01,1.564500045776367188e+01,1.568000030517578125e+01,1.567800045013427734e+01,1.567000102996826172e+01,1.569800090789794922e+01,1.575300121307373047e+01,1.578300094604492188e+01,1.575800037384033203e+01,1.572300052642822266e+01,1.568000030517578125e+01,1.570000076293945312e+01,1.574500083923339844e+01,1.578000068664550781e+01,1.582000064849853516e+01,1.584000110626220703e+01,1.587000083923339844e+01,1.584000110626220703e+01,1.575000095367431641e+01,1.557500076293945312e+01,1.536800098419189453e+01,1.517800045013427734e+01,1.501800060272216797e+01,1.489800071716308594e+01,1.478300094604492188e+01,1.463800048828125000e+01,1.448000049591064453e+01,1.434000110626220703e+01,1.420800113677978516e+01,1.410300064086914062e+01,1.403800106048583984e+01,1.399500083923339844e+01,1.391500091552734375e+01,1.380300045013427734e+01,1.366000080108642578e+01,1.349000072479248047e+01,1.333300018310546875e+01,1.321000099182128906e+01,1.307300090789794922e+01,1.297000026702880859e+01,1.290300083160400391e+01,1.284300041198730469e+01,1.280000019073486328e+01,1.277000045776367188e+01,1.272300052642822266e+01,1.268800067901611328e+01,1.264800071716308594e+01,1.260800075531005859e+01,1.253500080108642578e+01,1.244300079345703125e+01,1.237300014495849609e+01,1.230800056457519531e+01,1.224500083923339844e+01,1.218000030517578125e+01,1.211800098419189453e+01,1.204800033569335938e+01,1.198000049591064453e+01,1.195500087738037109e+01,1.195300102233886719e+01,1.199800014495849609e+01,1.204500102996826172e+01,1.209500026702880859e+01,1.212800025939941406e+01,1.219000053405761719e+01,1.224500083923339844e+01,1.234300041198730469e+01,1.244800090789794922e+01,1.252800083160400391e+01,1.261800098419189453e+01,1.273000049591064453e+01,1.282300090789794922e+01,1.289800071716308594e+01,1.296800041198730469e+01,1.303500080108642578e+01,1.311000061035156250e+01,1.326500034332275391e+01,1.341000080108642578e+01,1.351000022888183594e+01,1.356800079345703125e+01,1.347800064086914062e+01,1.336300086975097656e+01,1.326300048828125000e+01,1.318000030517578125e+01,1.315000057220458984e+01,1.316000080108642578e+01,1.317800045013427734e+01,1.320500087738037109e+01,1.321000099182128906e+01,1.319300079345703125e+01,1.319500064849853516e+01,1.317500019073486328e+01,1.315000057220458984e+01,1.315000057220458984e+01,1.311800098419189453e+01,1.312500095367431641e+01,1.315300083160400391e+01,1.323800086975097656e+01,1.341000080108642578e+01,1.362500095367431641e+01,1.379800033569335938e+01,1.395300102233886719e+01,1.405500030517578125e+01,1.415500068664550781e+01,1.425000095367431641e+01,1.420000076293945312e+01,1.421000099182128906e+01,1.422300052642822266e+01,1.424000072479248047e+01,1.434000110626220703e+01,1.444800090789794922e+01,1.473300075531005859e+01,1.507300090789794922e+01,1.540300083160400391e+01,1.560300064086914062e+01,1.570500087738037109e+01,1.567000102996826172e+01,1.553300094604492188e+01,1.534300041198730469e+01,1.514800071716308594e+01,1.501300048828125000e+01,1.493800067901611328e+01,1.493800067901611328e+01,1.490800094604492188e+01,1.481500053405761719e+01,1.475300025939941406e+01,1.473300075531005859e+01,1.477000045776367188e+01,1.483800029754638672e+01,1.491000080108642578e+01,1.489800071716308594e+01,1.479300117492675781e+01,1.460800075531005859e+01,1.436500072479248047e+01,1.413800048828125000e+01,1.396000099182128906e+01,1.000000020040877343e+20,1.000000020040877343e+20,1.000000020040877343e+20,1.409500026702880859e+01,1.438300037384033203e+01,1.448800086975097656e+01,1.454000091552734375e+01,1.452800083160400391e+01,1.448000049591064453e+01,1.441800022125244141e+01,1.436500072479248047e+01,1.430800056457519531e+01,1.427800083160400391e+01,1.428000068664550781e+01,1.426500034332275391e+01,1.425500106811523438e+01,1.423800086975097656e+01,1.420300102233886719e+01,1.415800094604492188e+01,1.412000083923339844e+01,1.405300045013427734e+01,1.400300025939941406e+01,1.397000026702880859e+01,1.391800022125244141e+01,1.386800098419189453e+01,1.380500030517578125e+01,1.375800037384033203e+01,1.369800090789794922e+01,1.366000080108642578e+01,1.363300037384033203e+01,1.362500095367431641e+01,1.359800052642822266e+01,1.357800102233886719e+01,1.352500057220458984e+01,1.350000095367431641e+01,1.346000099182128906e+01,1.342800045013427734e+01,1.340300083160400391e+01,1.336000061035156250e+01,1.334800052642822266e+01,1.336300086975097656e+01,1.334500026702880859e+01,1.334000110626220703e+01,1.333300018310546875e+01,1.332800102233886719e+01,1.332000064849853516e+01,1.331500053405761719e+01,1.329800033569335938e+01,1.330300045013427734e+01,1.331300067901611328e+01,1.331500053405761719e+01,1.332500076293945312e+01,1.331300067901611328e+01,1.332800102233886719e+01,1.329000091552734375e+01,1.330000019073486328e+01,1.330800056457519531e+01,1.327500057220458984e+01,1.327800083160400391e+01,1.327800083160400391e+01,1.329000091552734375e+01,1.328000068664550781e+01,1.327800083160400391e+01,1.332500076293945312e+01,1.332000064849853516e+01,1.330000019073486328e+01,1.330500030517578125e+01,1.329300022125244141e+01,1.328800106048583984e+01,1.329500102996826172e+01,1.332300090789794922e+01,1.338500022888183594e+01,1.345500087738037109e+01,1.349300098419189453e+01,1.352500057220458984e+01,1.355000019073486328e+01,1.354500102996826172e+01,1.352300071716308594e+01,1.350500106811523438e+01,1.345000076293945312e+01,1.343800067901611328e+01,1.346300029754638672e+01,1.343000030517578125e+01,1.341300106048583984e+01,1.338800048828125000e+01,1.334500026702880859e+01,1.333800029754638672e+01,1.332300090789794922e+01,1.332300090789794922e+01,1.333000087738037109e+01,1.335000038146972656e+01,1.337500095367431641e+01,1.340500068664550781e+01,1.346000099182128906e+01,1.352000045776367188e+01,1.360800075531005859e+01,1.365300083160400391e+01,1.368800067901611328e+01,1.364500045776367188e+01,1.359000110626220703e+01,1.352800083160400391e+01,1.347000026702880859e+01,1.348000049591064453e+01,1.350000095367431641e+01,1.356300067901611328e+01,1.359300041198730469e+01,1.361300086975097656e+01,1.356800079345703125e+01,1.347000026702880859e+01,1.327500057220458984e+01,1.297800064086914062e+01,1.270500087738037109e+01,1.259000015258789062e+01,1.000000020040877343e+20,1.000000020040877343e+20,1.000000020040877343e+20,1.000000020040877343e+20,1.000000020040877343e+20,1.000000020040877343e+20,1.000000020040877343e+20,1.000000020040877343e+20,1.000000020040877343e+20,1.000000020040877343e+20,1.000000020040877343e+20,1.285000038146972656e+01,1.233800029754638672e+01,1.164500045776367188e+01,1.121500015258789062e+01,1.085300064086914062e+01,1.077300071716308594e+01,1.109800052642822266e+01,1.182800102233886719e+01,1.276300048828125000e+01,1.365000057220458984e+01,1.431800079345703125e+01,1.479300117492675781e+01,1.511800098419189453e+01,1.524300098419189453e+01,1.515800094604492188e+01,1.494000053405761719e+01,1.467000102996826172e+01,1.445300102233886719e+01,1.437500095367431641e+01,1.440000057220458984e+01,1.451000022888183594e+01,1.464300060272216797e+01,1.473800086975097656e+01,1.475300025939941406e+01,1.471800041198730469e+01,1.465000057220458984e+01,1.456800079345703125e+01,1.449800109863281250e+01,1.446800041198730469e+01,1.441800022125244141e+01,1.437500095367431641e+01,1.431800079345703125e+01,1.424000072479248047e+01,1.415000057220458984e+01,1.405800056457519531e+01,1.399000072479248047e+01,1.389300060272216797e+01,1.377000045776367188e+01,1.363300037384033203e+01,1.350500106811523438e+01,1.342300033569335938e+01,1.332800102233886719e+01,1.323300075531005859e+01,1.310300064086914062e+01,1.298800086975097656e+01,1.288000106811523438e+01,1.279800033569335938e+01,1.270800018310546875e+01,1.260500049591064453e+01,1.247500038146972656e+01,1.234300041198730469e+01,1.222300052642822266e+01,1.211300086975097656e+01,1.202300071716308594e+01,1.195500087738037109e+01,1.188300037384033203e+01,1.185000038146972656e+01,1.181500053405761719e+01,1.176300048828125000e+01,1.171000099182128906e+01,1.167000102996826172e+01,1.164300060272216797e+01
1.068800067901611328e+01,1.062300014495849609e+01,1.052800083160400391e+01,1.048500061035156250e+01,1.046500015258789062e+01,1.054300022125244141e+01,1.065300083160400391e+01,1.076000022888183594e+01,1.089500045776367188e+01,1.107500076293945312e+01,1.136300086975097656e+01,1.176500034332275391e+01,1.229800033569335938e+01,1.295800018310546875e+01,1.370800018310546875e+01,1.445800113677978516e+01,1.515800094604492188e+01,1.572000122070312500e+01,1.603300094604492188e+01,1.612800025939941406e+01,1.609500122070312500e+01,1.591000080108642578e+01,1.569800090789794922e+01,1.543500041961669922e+01,1.543300056457519531e+01,1.510500049591064453e+01,1.483800029754638672e+01,1.465300083160400391e+01,1.458800029754638672e+01,1.468800067901611328e+01,1.481500053405761719e+01,1.486500072479248047e+01,1.474500083923339844e+01,1.445500087738037109e+01,1.418300056457519531e+01,1.392500019073486328e+01,1.374500083923339844e+01,1.371800041198730469e+01,1.379300022125244141e+01,1.395500087738037109e+01,1.406500053405761719e+01,1.412800025939941406e+01,1.411500072479248047e+01,1.404800033569335938e+01,1.400300025939941406e+01,1.400800037384033203e+01,1.403000068664550781e+01,1.403300094604492188e+01,1.401500034332275391e+01,1.402800083160400391e+01,1.414800071716308594e+01,1.433000087738037109e+01,1.456300067901611328e+01,1.477500057220458984e+01,1.499800109863281250e+01,1.519300079345703125e+01,1.540300083160400391e+01,1.547300052642822266e+01,1.546000099182128906e+01,1.533800029754638672e+01,1.519300079345703125e+01,1.503000068664550781e+01,1.484000110626220703e+01,1.463300037384033203e+01,1.440500068664550781e+01,1.418300056457519531e+01,1.396800041198730469e+01,1.380800056457519531e+01,1.371300029754638672e+01,1.365800094604492188e+01,1.359800052642822266e+01,1.354500102996826172e+01,1.342300033569335938e+01,1.323300075531005859e+01,1.303500080108642578e+01,1.286000061035156250e+01,1.271800041198730469e+01,1.261000061035156250e+01,1.253800106048583984e+01,1.250500106811523438e+01,1.248300075531005859e+01,1.247300052642822266e+01,1.245300102233886719e+01,1.240300083160400391e+01,1.234800052642822266e+01,1.227800083160400391e+01,1.218800067901611328e+01,1.208000087738037109e+01,1.199000072479248047e+01,1.188500022888183594e+01,1.181500053405761719e+01,1.173500061035156250e+01,1.167300033569335938e+01,1.162800025939941406e+01,1.158300018310546875e+01,1.155000019073486328e+01,1.151500034332275391e+01,1.150300025939941406e+01,1.151800060272216797e+01,1.150500011444091797e+01,1.150000095367431641e+01,1.147800064086914062e+01,1.147300052642822266e+01,1.152000045776367188e+01,1.159300041198730469e+01,1.170500087738037109e+01,1.182000064849853516e+01,1.192300033569335938e+01,1.199000072479248047e+01,1.205800056457519531e+01,1.208800029754638672e+01,1.211800098419189453e+01,1.216300010681152344e+01,1.224000072479248047e+01,1.234000015258789062e+01,1.244800090789794922e+01,1.254800033569335938e+01,1.261800098419189453e+01,1.257000064849853516e+01,1.249800014495849609e+01,1.241500091552734375e+01,1.237300014495849609e+01,1.235500049591064453e+01,1.237800025939941406e+01,1.240000057220458984e+01,1.240300083160400391e+01,1.240000057220458984e+01,1.239300060272216797e+01,1.243000030517578125e+01,1.246500015258789062e+01,1.246500015258789062e+01,1.244800090789794922e+01,1.243300056457519531e+01,1.242800045013427734e+01,1.243000030517578125e+01,1.248500061035156250e+01,1.260000038146972656e+01,1.280000019073486328e+01,1.298800086975097656e+01,1.318000030517578125e+01,1.335500049591064453e+01,1.352800083160400391e+01,1.369800090789794922e+01,1.379500102996826172e+01,1.387800025939941406e+01,1.410800075531005859e+01,1.415300083160400391e+01,1.418300056457519531e+01,1.416300106048583984e+01,1.427800083160400391e+01,1.445500087738037109e+01,1.463500022888183594e+01,1.477000045776367188e+01,1.485000038146972656e+01,1.483300113677978516e+01,1.475500106811523438e+01,1.462300109863281250e+01,1.448300075531005859e+01,1.436800098419189453e+01,1.432000064849853516e+01,1.430300045013427734e+01,1.428500080108642578e+01,1.426800060272216797e+01,1.425000095367431641e+01,1.426800060272216797e+01,1.432300090789794922e+01,1.438300037384033203e+01,1.439300060272216797e+01,1.436500072479248047e+01,1.426300048828125000e+01,1.411000061035156250e+01,1.394800090789794922e+01,1.389300060272216797e+01,1.364500045776367188e+01,1.309000015258789062e+01,1.000000020040877343e+20,1.357500076293945312e+01,1.391500091552734375e+01,1.413000106811523438e+01,1.425300025939941406e+01,1.431500053405761719e+01,1.432800102233886719e+01,1.430000114440917969e+01,1.421500110626220703e+01,1.414300060272216797e+01,1.406300067901611328e+01,1.401800060272216797e+01,1.400800037384033203e+01,1.396800041198730469e+01,1.392300033569335938e+01,1.384800052642822266e+01,1.376800060272216797e+01,1.368000030517578125e+01,1.361300086975097656e+01,1.351500034332275391e+01,1.341800022125244141e+01,1.334300041198730469e+01,1.329800033569335938e+01,1.327500057220458984e+01,1.324800109863281250e+01,1.321800041198730469e+01,1.318000030517578125e+01,1.315000057220458984e+01,1.314500045776367188e+01,1.314300060272216797e+01,1.315000057220458984e+01,1.313300037384033203e+01,1.312000083923339844e+01,1.308500099182128906e+01,1.303000068664550781e+01,1.296800041198730469e+01,1.291000080108642578e+01,1.285300064086914062e+01,1.281300067901611328e+01,1.280800056457519531e+01,1.278800106048583984e+01,1.277800083160400391e+01,1.276000022888183594e+01,1.273800086975097656e+01,1.270300102233886719e+01,1.269000053405761719e+01,1.266300106048583984e+01,1.266500091552734375e+01,1.268500041961669922e+01,1.268800067901611328e+01,1.267500019073486328e+01,1.269000053405761719e+01,1.265500068664550781e+01,1.265500068664550781e+01,1.265500068664550781e+01,1.267000102996826172e+01,1.266300106048583984e+01,1.263800048828125000e+01,1.260500049591064453e+01,1.259000015258789062e+01,1.263800048828125000e+01,1.266000080108642578e+01,1.271800041198730469e+01,1.273800086975097656e+01,1.269000053405761719e+01,1.267000102996826172e+01,1.264300060272216797e+01,1.260800075531005859e+01,1.261500072479248047e+01,1.266000080108642578e+01,1.272000026702880859e+01,1.276800060272216797e+01,1.283800029754638672e+01,1.289300060272216797e+01,1.286000061035156250e+01,1.288000106811523438e+01,1.285500049591064453e+01,1.279800033569335938e+01,1.272800064086914062e+01,1.267500019073486328e+01,1.266000080108642578e+01,1.265000057220458984e+01,1.262300014495849609e+01,1.259800052642822266e+01,1.254300022125244141e+01,1.254500102996826172e+01,1.256000041961669922e+01,1.256500053405761719e+01,1.254800033569335938e+01,1.256800079345703125e+01,1.259500026702880859e+01,1.260800075531005859e+01,1.266300106048583984e+01,1.270000076293945312e+01,1.275000095367431641e+01,1.280000019073486328e+01,1.283500099182128906e+01,1.281800079345703125e+01,1.277000045776367188e+01,1.273300075531005859e+01,1.272000026702880859e+01,1.277800083160400391e+01,1.284300041198730469e+01,1.293800067901611328e+01,1.299300098419189453e+01,1.303800106048583984e+01,1.304000091552734375e+01,1.295800018310546875e+01,1.281800079345703125e+01,1.260000038146972656e+01,1.242300033569335938e+01,1.000000020040877343e+20,1.000000020040877343e+20,1.000000020040877343e+20,1.000000020040877343e+20,1.000000020040877343e+20,1.000000020040877343e+20,1.000000020040877343e+20,1.000000020040877343e+20,1.000000020040877343e+20,1.000000020040877343e+20,1.000000020040877343e+20,1.301300048828125000e+01,1.250300025939941406e+01,1.177500057220458984e+01,1.091300010681152344e+01,1.014300060272216797e+01,9.695000648498535156e+00,9.730000495910644531e+00,1.026500034332275391e+01,1.112500095367431641e+01,1.207500076293945312e+01,1.286800098419189453e+01,1.347000026702880859e+01,1.388000106811523438e+01,1.414000034332275391e+01,1.420000076293945312e+01,1.407500076293945312e+01,1.380000019073486328e+01,1.348500061035156250e+01,1.324800109863281250e+01,1.316500091552734375e+01,1.319300079345703125e+01,1.330800056457519531e+01,1.344800090789794922e+01,1.353500080108642578e+01,1.354500102996826172e+01,1.352800083160400391e+01,1.346800041198730469e+01,1.341300106048583984e+01,1.338000106811523438e+01,1.336500072479248047e+01,1.336500072479248047e+01,1.336800098419189453e+01,1.336800098419189453e+01,1.335800075531005859e+01,1.330800056457519531e+01,1.324000072479248047e+01,1.316800022125244141e+01,1.308300018310546875e+01,1.298500061035156250e+01,1.288000106811523438e+01,1.279300022125244141e+01,1.265000057220458984e+01,1.253500080108642578e+01,1.243000030517578125e+01,1.230300045013427734e+01,1.221500015258789062e+01,1.216300010681152344e+01,1.211300086975097656e+01,1.207000064849853516e+01,1.201800060272216797e+01,1.196000099182128906e+01,1.186800098419189453e+01,1.174000072479248047e+01,1.159300041198730469e+01,1.144300079345703125e+01,1.127800083160400391e+01,1.114000034332275391e+01,1.100500011444091797e+01,1.091500091552734375e+01,1.085300064086914062e+01,1.081500053405761719e+01,1.080800056457519531e+01,1.073800086975097656e+01
9.968000411987304688e+00,9.915000915527343750e+00,9.815000534057617188e+00,9.733000755310058594e+00,9.698000907897949219e+00,9.703000068664550781e+00,9.713000297546386719e+00,9.770000457763671875e+00,9.838000297546386719e+00,9.965000152587890625e+00,1.013800048828125000e+01,1.045500087738037109e+01,1.089800071716308594e+01,1.147300052642822266e+01,1.213000011444091797e+01,1.280800056457519531e+01,1.338800048828125000e+01,1.385800075531005859e+01,1.416800022125244141e+01,1.432300090789794922e+01,1.434500026702880859e+01,1.425500106811523438e+01,1.411300086975097656e+01,1.393500041961669922e+01,1.401800060272216797e+01,1.382300090789794922e+01,1.362000083923339844e+01,1.350000095367431641e+01,1.340500068664550781e+01,1.333300018310546875e+01,1.326500034332275391e+01,1.307300090789794922e+01,1.278800106048583984e+01,1.247000026702880859e+01,1.215800094604492188e+01,1.190800094604492188e+01,1.174500083923339844e+01,1.170300102233886719e+01,1.179300022125244141e+01,1.195300102233886719e+01,1.203300094604492188e+01,1.202800083160400391e+01,1.194000053405761719e+01,1.179300022125244141e+01,1.168800067901611328e+01,1.162300014495849609e+01,1.158000087738037109e+01,1.156000041961669922e+01,1.157300090789794922e+01,1.168500041961669922e+01,1.190000057220458984e+01,1.220800018310546875e+01,1.258800029754638672e+01,1.304800033569335938e+01,1.353300094604492188e+01,1.401300048828125000e+01,1.445800113677978516e+01,1.482000064849853516e+01,1.501500034332275391e+01,1.507300090789794922e+01,1.499800109863281250e+01,1.483800029754638672e+01,1.464300060272216797e+01,1.444000053405761719e+01,1.418300056457519531e+01,1.391500091552734375e+01,1.365800094604492188e+01,1.346500110626220703e+01,1.335000038146972656e+01,1.330000019073486328e+01,1.326000022888183594e+01,1.316000080108642578e+01,1.303800106048583984e+01,1.285800075531005859e+01,1.263800048828125000e+01,1.243000030517578125e+01,1.225000095367431641e+01,1.211000061035156250e+01,1.203500080108642578e+01,1.202500057220458984e+01,1.203800010681152344e+01,1.202000045776367188e+01,1.200300025939941406e+01,1.197000026702880859e+01,1.193300056457519531e+01,1.185500049591064453e+01,1.175300025939941406e+01,1.165800094604492188e+01,1.154800033569335938e+01,1.141800022125244141e+01,1.129300022125244141e+01,1.123500061035156250e+01,1.119300079345703125e+01,1.115300083160400391e+01,1.113800048828125000e+01,1.113000011444091797e+01,1.112500095367431641e+01,1.111800098419189453e+01,1.111800098419189453e+01,1.108300018310546875e+01,1.103800010681152344e+01,1.095800018310546875e+01,1.087500095367431641e+01,1.083800029754638672e+01,1.084300041198730469e+01,1.093800067901611328e+01,1.102800083160400391e+01,1.111500072479248047e+01,1.119300079345703125e+01,1.124800014495849609e+01,1.129300022125244141e+01,1.132000064849853516e+01,1.134800052642822266e+01,1.140800094604492188e+01,1.145000076293945312e+01,1.150300025939941406e+01,1.156000041961669922e+01,1.161800098419189453e+01,1.159500026702880859e+01,1.155300045013427734e+01,1.154500007629394531e+01,1.153500080108642578e+01,1.157000064849853516e+01,1.163800048828125000e+01,1.166300010681152344e+01,1.169300079345703125e+01,1.167800045013427734e+01,1.167300033569335938e+01,1.172800064086914062e+01,1.177000045776367188e+01,1.181500053405761719e+01,1.180500030517578125e+01,1.178800010681152344e+01,1.178800010681152344e+01,1.180300045013427734e+01,1.184500026702880859e+01,1.196800041198730469e+01,1.214800071716308594e+01,1.234000015258789062e+01,1.253500080108642578e+01,1.272800064086914062e+01,1.292800045013427734e+01,1.315500068664550781e+01,1.329500102996826172e+01,1.338000106811523438e+01,1.000000020040877343e+20,1.000000020040877343e+20,1.000000020040877343e+20,1.388300037384033203e+01,1.391800022125244141e+01,1.396300029754638672e+01,1.397800064086914062e+01,1.396800041198730469e+01,1.395300102233886719e+01,1.392300033569335938e+01,1.385500049591064453e+01,1.377000045776367188e+01,1.369500064849853516e+01,1.364300060272216797e+01,1.362300109863281250e+01,1.360800075531005859e+01,1.361500072479248047e+01,1.362500095367431641e+01,1.364800071716308594e+01,1.370800018310546875e+01,1.378800106048583984e+01,1.385500049591064453e+01,1.384500026702880859e+01,1.376800060272216797e+01,1.366800022125244141e+01,1.357300090789794922e+01,1.364500045776367188e+01,1.000000020040877343e+20,1.000000020040877343e+20,1.269800090789794922e+01,1.264300060272216797e+01,1.313800048828125000e+01,1.341000080108642578e+01,1.360800075531005859e+01,1.375500106811523438e+01,1.386500072479248047e+01,1.393800067901611328e+01,1.393300056457519531e+01,1.389800071716308594e+01,1.384000110626220703e+01,1.380000019073486328e+01,1.377500057220458984e+01,1.372500038146972656e+01,1.365800094604492188e+01,1.354800033569335938e+01,1.343800067901611328e+01,1.330300045013427734e+01,1.318000030517578125e+01,1.306500053405761719e+01,1.295000076293945312e+01,1.282300090789794922e+01,1.271800041198730469e+01,1.263300037384033203e+01,1.261300086975097656e+01,1.259000015258789062e+01,1.258000087738037109e+01,1.255800056457519531e+01,1.255500030517578125e+01,1.256500053405761719e+01,1.257300090789794922e+01,1.260000038146972656e+01,1.264000034332275391e+01,1.263800048828125000e+01,1.260500049591064453e+01,1.255300045013427734e+01,1.248500061035156250e+01,1.239300060272216797e+01,1.233300018310546875e+01,1.230300045013427734e+01,1.229000091552734375e+01,1.229500102996826172e+01,1.226500034332275391e+01,1.222300052642822266e+01,1.218500041961669922e+01,1.214800071716308594e+01,1.210500049591064453e+01,1.205300045013427734e+01,1.202800083160400391e+01,1.201500034332275391e+01,1.205300045013427734e+01,1.205500030517578125e+01,1.203800010681152344e+01,1.204300022125244141e+01,1.204800033569335938e+01,1.207000064849853516e+01,1.201500034332275391e+01,1.200000095367431641e+01,1.198000049591064453e+01,1.197500038146972656e+01,1.196800041198730469e+01,1.201300048828125000e+01,1.205800056457519531e+01,1.210300064086914062e+01,1.209000015258789062e+01,1.207500076293945312e+01,1.203300094604492188e+01,1.199000072479248047e+01,1.193000030517578125e+01,1.190800094604492188e+01,1.192000102996826172e+01,1.197500038146972656e+01,1.204500102996826172e+01,1.212300014495849609e+01,1.218300056457519531e+01,1.221300029754638672e+01,1.220800018310546875e+01,1.218500041961669922e+01,1.215300083160400391e+01,1.206800079345703125e+01,1.201800060272216797e+01,1.195800018310546875e+01,1.192500019073486328e+01,1.186800098419189453e+01,1.183800029754638672e+01,1.179300022125244141e+01,1.177300071716308594e+01,1.177300071716308594e+01,1.178800010681152344e+01,1.178300094604492188e+01,1.179300022125244141e+01,1.182800102233886719e+01,1.183300018310546875e+01,1.187300014495849609e+01,1.189500045776367188e+01,1.192500019073486328e+01,1.195000076293945312e+01,1.199000072479248047e+01,1.198800086975097656e+01,1.197000026702880859e+01,1.198500061035156250e+01,1.201500034332275391e+01,1.205300045013427734e+01,1.213300037384033203e+01,1.225000095367431641e+01,1.235300064086914062e+01,1.245000076293945312e+01,1.248500061035156250e+01,1.243800067901611328e+01,1.233300018310546875e+01,1.217800045013427734e+01,1.204500102996826172e+01,1.000000020040877343e+20,1.000000020040877343e+20,1.000000020040877343e+20,1.000000020040877343e+20,1.000000020040877343e+20,1.000000020040877343e+20,1.000000020040877343e+20,1.000000020040877343e+20,1.000000020040877343e+20,1.339800071716308594e+01,1.286300086975097656e+01,1.247300052642822266e+01,1.178000068664550781e+01,1.083300018310546875e+01,9.818000793457031250e+00,9.018000602722167969e+00,8.675000190734863281e+00,8.907999992370605469e+00,9.640000343322753906e+00,1.063300037384033203e+01,1.159300041198730469e+01,1.231000041961669922e+01,1.279300022125244141e+01,1.307000064849853516e+01,1.320300102233886719e+01,1.319800090789794922e+01,1.301500034332275391e+01,1.271500015258789062e+01,1.237500095367431641e+01,1.213500022888183594e+01,1.199800014495849609e+01,1.198000049591064453e+01,1.201500034332275391e+01,1.208500099182128906e+01,1.211300086975097656e+01,1.211500072479248047e+01,1.210300064086914062e+01,1.205800056457519531e+01,1.200300025939941406e+01,1.197500038146972656e+01,1.199000072479248047e+01,1.206300067901611328e+01,1.213500022888183594e+01,1.222800064086914062e+01,1.231800079345703125e+01,1.234800052642822266e+01,1.236000061035156250e+01,1.230800056457519531e+01,1.223300075531005859e+01,1.213000011444091797e+01,1.203000068664550781e+01,1.190300083160400391e+01,1.177000045776367188e+01,1.164500045776367188e+01,1.151300048828125000e+01,1.137800025939941406e+01,1.131800079345703125e+01,1.127300071716308594e+01,1.130000019073486328e+01,1.132300090789794922e+01,1.137300014495849609e+01,1.141300010681152344e+01,1.141300010681152344e+01,1.134500026702880859e+01,1.125300025939941406e+01,1.107800006866455078e+01,1.088300037384033203e+01,1.066800022125244141e+01,1.044300079345703125e+01,1.025500011444091797e+01,1.013300037384033203e+01,1.009800052642822266e+01,1.007800006866455078e+01,1.002500057220458984e+01
9.350000381469726562e+00,9.310000419616699219e+00,9.195000648498535156e+00,9.083000183105468750e+00,9.020000457763671875e+00,8.965000152587890625e+00,8.903000831604003906e+00,8.885000228881835938e+00,8.885000228881835938e+00,8.955000877380371094e+00,9.100000381469726562e+00,9.318000793457031250e+00,9.663000106811523438e+00,1.013000011444091797e+01,1.067000007629394531e+01,1.117300033569335938e+01,1.160300064086914062e+01,1.194300079345703125e+01,1.217800045013427734e+01,1.235300064086914062e+01,1.240800094604492188e+01,1.239000034332275391e+01,1.233500099182128906e+01,1.228500080108642578e+01,1.245300102233886719e+01,1.231500053405761719e+01,1.219800090789794922e+01,1.210500049591064453e+01,1.198000049591064453e+01,1.179800033569335938e+01,1.157800102233886719e+01,1.126800060272216797e+01,1.092000007629394531e+01,1.055300045013427734e+01,1.022500038146972656e+01,1.000300025939941406e+01,9.828000068664550781e+00,9.788000106811523438e+00,9.833000183105468750e+00,9.913000106811523438e+00,9.938000679016113281e+00,9.848000526428222656e+00,9.695000648498535156e+00,9.488000869750976562e+00,9.300000190734863281e+00,9.150000572204589844e+00,9.020000457763671875e+00,8.960000038146972656e+00,9.005000114440917969e+00,9.145000457763671875e+00,9.418000221252441406e+00,9.785000801086425781e+00,1.027500057220458984e+01,1.087500095367431641e+01,1.157000064849853516e+01,1.229000091552734375e+01,1.297300052642822266e+01,1.356500053405761719e+01,1.400800037384033203e+01,1.421500110626220703e+01,1.427500057220458984e+01,1.420500087738037109e+01,1.407300090789794922e+01,1.385300064086914062e+01,1.360300064086914062e+01,1.330500030517578125e+01,1.304800033569335938e+01,1.286000061035156250e+01,1.275300025939941406e+01,1.270800018310546875e+01,1.267000102996826172e+01,1.263300037384033203e+01,1.256300067901611328e+01,1.243000030517578125e+01,1.226800060272216797e+01,1.205300045013427734e+01,1.185800075531005859e+01,1.169500064849853516e+01,1.157500076293945312e+01,1.149300098419189453e+01,1.143800067901611328e+01,1.144300079345703125e+01,1.143800067901611328e+01,1.141800022125244141e+01,1.138500022888183594e+01,1.131300067901611328e+01,1.121800041198730469e+01,1.111300086975097656e+01,1.097500038146972656e+01,1.082000064849853516e+01,1.069000053405761719e+01,1.062500095367431641e+01,1.059000015258789062e+01,1.060300064086914062e+01,1.063800048828125000e+01,1.066000080108642578e+01,1.068500041961669922e+01,1.071500015258789062e+01,1.073000049591064453e+01,1.073800086975097656e+01,1.070300006866455078e+01,1.061300086975097656e+01,1.048500061035156250e+01,1.039500045776367188e+01,1.034300041198730469e+01,1.036000061035156250e+01,1.043500041961669922e+01,1.050300025939941406e+01,1.055300045013427734e+01,1.059500026702880859e+01,1.061300086975097656e+01,1.064000034332275391e+01,1.066300010681152344e+01,1.067800045013427734e+01,1.070000076293945312e+01,1.072500038146972656e+01,1.075300025939941406e+01,1.077300071716308594e+01,1.077500057220458984e+01,1.075800037384033203e+01,1.075800037384033203e+01,1.079300022125244141e+01,1.086000061035156250e+01,1.094800090789794922e+01,1.101300048828125000e+01,1.107000064849853516e+01,1.108300018310546875e+01,1.107000064849853516e+01,1.111500072479248047e+01,1.115500068664550781e+01,1.119300079345703125e+01,1.120300006866455078e+01,1.121500015258789062e+01,1.126000022888183594e+01,1.131500053405761719e+01,1.136800098419189453e+01,1.145500087738037109e+01,1.160500049591064453e+01,1.179500102996826172e+01,1.199500083923339844e+01,1.219800090789794922e+01,1.239000034332275391e+01,1.262300014495849609e+01,1.278800106048583984e+01,1.291800022125244141e+01,1.279300022125244141e+01,1.000000020040877343e+20,1.000000020040877343e+20,1.350500106811523438e+01,1.355300045013427734e+01,1.352500057220458984e+01,1.344800090789794922e+01,1.332000064849853516e+01,1.321300029754638672e+01,1.311000061035156250e+01,1.301800060272216797e+01,1.295500087738037109e+01,1.289000034332275391e+01,1.286000061035156250e+01,1.286300086975097656e+01,1.287000083923339844e+01,1.287500095367431641e+01,1.290000057220458984e+01,1.296300029754638672e+01,1.307300090789794922e+01,1.320800018310546875e+01,1.329300022125244141e+01,1.331800079345703125e+01,1.327800083160400391e+01,1.318500041961669922e+01,1.319500064849853516e+01,1.000000020040877343e+20,1.000000020040877343e+20,1.156500053405761719e+01,1.193000030517578125e+01,1.203500080108642578e+01,1.218000030517578125e+01,1.236800098419189453e+01,1.254500102996826172e+01,1.274500083923339844e+01,1.294300079345703125e+01,1.310800075531005859e+01,1.319000053405761719e+01,1.322800064086914062e+01,1.324500083923339844e+01,1.327500057220458984e+01,1.329800033569335938e+01,1.330800056457519531e+01,1.326800060272216797e+01,1.313800048828125000e+01,1.298500061035156250e+01,1.284300041198730469e+01,1.269300079345703125e+01,1.255300045013427734e+01,1.242000102996826172e+01,1.227300071716308594e+01,1.215500068664550781e+01,1.205800056457519531e+01,1.200000095367431641e+01,1.195800018310546875e+01,1.194800090789794922e+01,1.195000076293945312e+01,1.195300102233886719e+01,1.196500015258789062e+01,1.199500083923339844e+01,1.201300048828125000e+01,1.204300022125244141e+01,1.206000041961669922e+01,1.203500080108642578e+01,1.199800014495849609e+01,1.194300079345703125e+01,1.188500022888183594e+01,1.185300064086914062e+01,1.182800102233886719e+01,1.178800010681152344e+01,1.176500034332275391e+01,1.173000049591064453e+01,1.170300102233886719e+01,1.161000061035156250e+01,1.152500057220458984e+01,1.149300098419189453e+01,1.141300010681152344e+01,1.139500045776367188e+01,1.137300014495849609e+01,1.142000007629394531e+01,1.139500045776367188e+01,1.140300083160400391e+01,1.142800045013427734e+01,1.144300079345703125e+01,1.141500091552734375e+01,1.139500045776367188e+01,1.140300083160400391e+01,1.139500045776367188e+01,1.141800022125244141e+01,1.144000053405761719e+01,1.146300029754638672e+01,1.145800018310546875e+01,1.145800018310546875e+01,1.144800090789794922e+01,1.140800094604492188e+01,1.136800098419189453e+01,1.133500099182128906e+01,1.131500053405761719e+01,1.129000091552734375e+01,1.128300094604492188e+01,1.131800079345703125e+01,1.136000061035156250e+01,1.140000057220458984e+01,1.144000053405761719e+01,1.147800064086914062e+01,1.148500061035156250e+01,1.146500015258789062e+01,1.141300010681152344e+01,1.133800029754638672e+01,1.126000022888183594e+01,1.122000026702880859e+01,1.115500068664550781e+01,1.112800025939941406e+01,1.110800075531005859e+01,1.109300041198730469e+01,1.106500053405761719e+01,1.106500053405761719e+01,1.104300022125244141e+01,1.107800006866455078e+01,1.109800052642822266e+01,1.111300086975097656e+01,1.111800098419189453e+01,1.112500095367431641e+01,1.114800071716308594e+01,1.116500091552734375e+01,1.118500041961669922e+01,1.121000099182128906e+01,1.125800037384033203e+01,1.127000045776367188e+01,1.129300022125244141e+01,1.133500099182128906e+01,1.140000057220458984e+01,1.150300025939941406e+01,1.163800048828125000e+01,1.174300098419189453e+01,1.185000038146972656e+01,1.190300083160400391e+01,1.188800048828125000e+01,1.182000064849853516e+01,1.166500091552734375e+01,1.149300098419189453e+01,1.115000057220458984e+01,1.000000020040877343e+20,1.000000020040877343e+20,1.000000020040877343e+20,1.000000020040877343e+20,1.000000020040877343e+20,1.000000020040877343e+20,1.000000020040877343e+20,1.000000020040877343e+20,1.000000020040877343e+20,1.213300037384033203e+01,1.161800098419189453e+01,1.078500080108642578e+01,9.785000801086425781e+00,8.818000793457031250e+00,8.190000534057617188e+00,8.078000068664550781e+00,8.483000755310058594e+00,9.298000335693359375e+00,1.025500011444091797e+01,1.117000007629394531e+01,1.184300041198730469e+01,1.221000099182128906e+01,1.237000083923339844e+01,1.240800094604492188e+01,1.231000041961669922e+01,1.205500030517578125e+01,1.176000022888183594e+01,1.142800045013427734e+01,1.114300060272216797e+01,1.096800041198730469e+01,1.086300086975097656e+01,1.080800056457519531e+01,1.077000045776367188e+01,1.074500083923339844e+01,1.072000026702880859e+01,1.067300033569335938e+01,1.061000061035156250e+01,1.054300022125244141e+01,1.050500011444091797e+01,1.053300094604492188e+01,1.063500022888183594e+01,1.075300025939941406e+01,1.089300060272216797e+01,1.102500057220458984e+01,1.112300014495849609e+01,1.119800090789794922e+01,1.124000072479248047e+01,1.123500061035156250e+01,1.119300079345703125e+01,1.111500072479248047e+01,1.101000022888183594e+01,1.081800079345703125e+01,1.066500091552734375e+01,1.053500080108642578e+01,1.037800025939941406e+01,1.025500011444091797e+01,1.020300006866455078e+01,1.020800018310546875e+01,1.026000022888183594e+01,1.037500095367431641e+01,1.047800064086914062e+01,1.057800006866455078e+01,1.063800048828125000e+01,1.063000011444091797e+01,1.056500053405761719e+01,1.039500045776367188e+01,1.019300079345703125e+01,9.928000450134277344e+00,9.720000267028808594e+00,9.550000190734863281e+00,9.468000411987304688e+00,9.423000335693359375e+00,9.383000373840332031e+00
8.628000259399414062e+00,8.603000640869140625e+00,8.488000869750976562e+00,8.395000457763671875e+00,8.278000831604003906e+00,8.208000183105468750e+00,8.133000373840332031e+00,8.079999923706054688e+00,8.039999961853027344e+00,8.055000305175781250e+00,8.157999992370605469e+00,8.315000534057617188e+00,8.585000038146972656e+00,8.930000305175781250e+00,9.318000793457031250e+00,9.670000076293945312e+00,9.935000419616699219e+00,1.014800071716308594e+01,1.032800006866455078e+01,1.046500015258789062e+01,1.049800014495849609e+01,1.051000022888183594e+01,1.049300003051757812e+01,1.044800090789794922e+01,1.065800094604492188e+01,1.060500049591064453e+01,1.057300090789794922e+01,1.049300003051757812e+01,1.036500072479248047e+01,1.019000053405761719e+01,9.958000183105468750e+00,9.698000907897949219e+00,9.365000724792480469e+00,9.015000343322753906e+00,8.705000877380371094e+00,8.440000534057617188e+00,8.280000686645507812e+00,8.210000038146972656e+00,8.200000762939453125e+00,8.197999954223632812e+00,8.180000305175781250e+00,8.093000411987304688e+00,7.938000202178955078e+00,7.720000267028808594e+00,7.495000362396240234e+00,7.275000572204589844e+00,7.083000183105468750e+00,6.978000164031982422e+00,6.960000514984130859e+00,7.043000221252441406e+00,7.215000152587890625e+00,7.520000457763671875e+00,8.003000259399414062e+00,8.638000488281250000e+00,9.405000686645507812e+00,1.024300003051757812e+01,1.106300067901611328e+01,1.179000091552734375e+01,1.232000064849853516e+01,1.268800067901611328e+01,1.285500049591064453e+01,1.288500022888183594e+01,1.279300022125244141e+01,1.257300090789794922e+01,1.229800033569335938e+01,1.195000076293945312e+01,1.165300083160400391e+01,1.143800067901611328e+01,1.135500049591064453e+01,1.139500045776367188e+01,1.149300098419189453e+01,1.160000038146972656e+01,1.165000057220458984e+01,1.165500068664550781e+01,1.159000015258789062e+01,1.146500015258789062e+01,1.128000068664550781e+01,1.112500095367431641e+01,1.095800018310546875e+01,1.083000087738037109e+01,1.074000072479248047e+01,1.073000049591064453e+01,1.075000095367431641e+01,1.076800060272216797e+01,1.076500034332275391e+01,1.073300075531005859e+01,1.064800071716308594e+01,1.052300071716308594e+01,1.036300086975097656e+01,1.016000080108642578e+01,9.993000030517578125e+00,9.863000869750976562e+00,9.848000526428222656e+00,9.878000259399414062e+00,9.950000762939453125e+00,1.003500080108642578e+01,1.012300014495849609e+01,1.016500091552734375e+01,1.021300029754638672e+01,1.024300003051757812e+01,1.026000022888183594e+01,1.023300075531005859e+01,1.018300056457519531e+01,1.013300037384033203e+01,1.008800029754638672e+01,1.006500053405761719e+01,1.007800006866455078e+01,1.010500049591064453e+01,1.011500072479248047e+01,1.015000057220458984e+01,1.015300083160400391e+01,1.015000057220458984e+01,1.013300037384033203e+01,1.011500072479248047e+01,1.009800052642822266e+01,1.011800003051757812e+01,1.015800094604492188e+01,1.018800067901611328e+01,1.021500015258789062e+01,1.024300003051757812e+01,1.026000022888183594e+01,1.030500030517578125e+01,1.037000083923339844e+01,1.045000076293945312e+01,1.051300048828125000e+01,1.055000019073486328e+01,1.057500076293945312e+01,1.057500076293945312e+01,1.057500076293945312e+01,1.057000064849853516e+01,1.056000041961669922e+01,1.057300090789794922e+01,1.061300086975097656e+01,1.067500019073486328e+01,1.075300025939941406e+01,1.085800075531005859e+01,1.095800018310546875e+01,1.108300018310546875e+01,1.126000022888183594e+01,1.144800090789794922e+01,1.164800071716308594e+01,1.181000041961669922e+01,1.199800014495849609e+01,1.217500019073486328e+01,1.233500099182128906e+01,1.245300102233886719e+01,1.240300083160400391e+01,1.255800056457519531e+01,1.294300079345703125e+01,1.300500106811523438e+01,1.297300052642822266e+01,1.287300014495849609e+01,1.272500038146972656e+01,1.257500076293945312e+01,1.244000053405761719e+01,1.231800079345703125e+01,1.221500015258789062e+01,1.215500068664550781e+01,1.213300037384033203e+01,1.213000011444091797e+01,1.211800098419189453e+01,1.212800025939941406e+01,1.218800067901611328e+01,1.232000064849853516e+01,1.250300025939941406e+01,1.270300102233886719e+01,1.286300086975097656e+01,1.295800018310546875e+01,1.302300071716308594e+01,1.298000049591064453e+01,1.000000020040877343e+20,1.000000020040877343e+20,1.000000020040877343e+20,1.103500080108642578e+01,1.104300022125244141e+01,1.105500030517578125e+01,1.109300041198730469e+01,1.119800090789794922e+01,1.135800075531005859e+01,1.160300064086914062e+01,1.185000038146972656e+01,1.207300090789794922e+01,1.225800037384033203e+01,1.237800025939941406e+01,1.247800064086914062e+01,1.257800102233886719e+01,1.265500068664550781e+01,1.270500087738037109e+01,1.269500064849853516e+01,1.261500072479248047e+01,1.246800041198730469e+01,1.231300067901611328e+01,1.220500087738037109e+01,1.208800029754638672e+01,1.195000076293945312e+01,1.181300067901611328e+01,1.168500041961669922e+01,1.157300090789794922e+01,1.147300052642822266e+01,1.140300083160400391e+01,1.137500095367431641e+01,1.135800075531005859e+01,1.137300014495849609e+01,1.139300060272216797e+01,1.143300056457519531e+01,1.146000099182128906e+01,1.149000072479248047e+01,1.149800014495849609e+01,1.149500083923339844e+01,1.147800064086914062e+01,1.142500019073486328e+01,1.136800098419189453e+01,1.134000015258789062e+01,1.131300067901611328e+01,1.128000068664550781e+01,1.128300094604492188e+01,1.123500061035156250e+01,1.116800022125244141e+01,1.108500099182128906e+01,1.100800037384033203e+01,1.093300056457519531e+01,1.087500095367431641e+01,1.088800048828125000e+01,1.087800025939941406e+01,1.087500095367431641e+01,1.083000087738037109e+01,1.080500030517578125e+01,1.080500030517578125e+01,1.079000091552734375e+01,1.075300025939941406e+01,1.076000022888183594e+01,1.075300025939941406e+01,1.076500034332275391e+01,1.079300022125244141e+01,1.077500057220458984e+01,1.076800060272216797e+01,1.078500080108642578e+01,1.077000045776367188e+01,1.074300098419189453e+01,1.070800018310546875e+01,1.069500064849853516e+01,1.069000053405761719e+01,1.068500041961669922e+01,1.069000053405761719e+01,1.068800067901611328e+01,1.074300098419189453e+01,1.078300094604492188e+01,1.085000038146972656e+01,1.083300018310546875e+01,1.083000087738037109e+01,1.083800029754638672e+01,1.081800079345703125e+01,1.075000095367431641e+01,1.065800094604492188e+01,1.058500003814697266e+01,1.053000068664550781e+01,1.048300075531005859e+01,1.043800067901611328e+01,1.044500064849853516e+01,1.043500041961669922e+01,1.044300079345703125e+01,1.043500041961669922e+01,1.042500019073486328e+01,1.042800045013427734e+01,1.046300029754638672e+01,1.047000026702880859e+01,1.046500015258789062e+01,1.045500087738037109e+01,1.045300006866455078e+01,1.047300052642822266e+01,1.052800083160400391e+01,1.056300067901611328e+01,1.062000083923339844e+01,1.065500068664550781e+01,1.071300029754638672e+01,1.076800060272216797e+01,1.086500072479248047e+01,1.096300029754638672e+01,1.108300018310546875e+01,1.120300006866455078e+01,1.130300045013427734e+01,1.136500072479248047e+01,1.139000034332275391e+01,1.135300064086914062e+01,1.122800064086914062e+01,1.106500053405761719e+01,1.093800067901611328e+01,1.000000020040877343e+20,1.000000020040877343e+20,1.000000020040877343e+20,1.000000020040877343e+20,1.000000020040877343e+20,1.000000020040877343e+20,1.000000020040877343e+20,1.000000020040877343e+20,1.119300079345703125e+01,1.116500091552734375e+01,1.058300018310546875e+01,9.770000457763671875e+00,8.868000030517578125e+00,8.130000114440917969e+00,7.753000259399414062e+00,7.860000610351562500e+00,8.375000000000000000e+00,9.103000640869140625e+00,9.970000267028808594e+00,1.080300045013427734e+01,1.138300037384033203e+01,1.168300056457519531e+01,1.175000095367431641e+01,1.167800045013427734e+01,1.149000072479248047e+01,1.122800064086914062e+01,1.096300029754638672e+01,1.068800067901611328e+01,1.043800067901611328e+01,1.022300052642822266e+01,1.005500030517578125e+01,9.920000076293945312e+00,9.823000907897949219e+00,9.735000610351562500e+00,9.603000640869140625e+00,9.478000640869140625e+00,9.378000259399414062e+00,9.280000686645507812e+00,9.225000381469726562e+00,9.205000877380371094e+00,9.253000259399414062e+00,9.355000495910644531e+00,9.488000869750976562e+00,9.610000610351562500e+00,9.743000030517578125e+00,9.853000640869140625e+00,9.968000411987304688e+00,1.005300045013427734e+01,1.010000038146972656e+01,1.011000061035156250e+01,1.005300045013427734e+01,9.920000076293945312e+00,9.765000343322753906e+00,9.575000762939453125e+00,9.378000259399414062e+00,9.163000106811523438e+00,9.010000228881835938e+00,8.945000648498535156e+00,8.933000564575195312e+00,9.003000259399414062e+00,9.148000717163085938e+00,9.303000450134277344e+00,9.420000076293945312e+00,9.518000602722167969e+00,9.530000686645507812e+00,9.453000068664550781e+00,9.295000076293945312e+00,9.100000381469726562e+00,8.893000602722167969e+00,8.753000259399414062e+00,8.693000793457031250e+00,8.685000419616699219e+00,8.648000717163085938e+00
7.668000221252441406e+00,7.718000411987304688e+00,7.623000144958496094e+00,7.545000553131103516e+00,7.473000526428222656e+00,7.390000343322753906e+00,7.328000545501708984e+00,7.300000190734863281e+00,7.293000221252441406e+00,7.265000343322753906e+00,7.333000183105468750e+00,7.460000514984130859e+00,7.628000259399414062e+00,7.848000526428222656e+00,8.075000762939453125e+00,8.285000801086425781e+00,8.455000877380371094e+00,8.580000877380371094e+00,8.675000190734863281e+00,8.758000373840332031e+00,8.810000419616699219e+00,8.805000305175781250e+00,8.778000831604003906e+00,8.782999992370605469e+00,8.958000183105468750e+00,8.958000183105468750e+00,8.968000411987304688e+00,8.953000068664550781e+00,8.888000488281250000e+00,8.800000190734863281e+00,8.663000106811523438e+00,8.470000267028808594e+00,8.235000610351562500e+00,7.940000534057617188e+00,7.625000476837158203e+00,7.375000476837158203e+00,7.153000354766845703e+00,7.063000202178955078e+00,7.018000125885009766e+00,7.018000125885009766e+00,6.995000362396240234e+00,6.948000431060791016e+00,6.835000514984130859e+00,6.670000553131103516e+00,6.480000495910644531e+00,6.263000488281250000e+00,6.063000202178955078e+00,5.905000209808349609e+00,5.810000419616699219e+00,5.740000247955322266e+00,5.758000373840332031e+00,5.920000076293945312e+00,6.240000247955322266e+00,6.790000438690185547e+00,7.483000278472900391e+00,8.258000373840332031e+00,9.063000679016113281e+00,9.800000190734863281e+00,1.036000061035156250e+01,1.072000026702880859e+01,1.092000007629394531e+01,1.097300052642822266e+01,1.085000038146972656e+01,1.060800075531005859e+01,1.025300025939941406e+01,9.878000259399414062e+00,9.548000335693359375e+00,9.345000267028808594e+00,9.308000564575195312e+00,9.460000038146972656e+00,9.683000564575195312e+00,9.930000305175781250e+00,1.014300060272216797e+01,1.029000091552734375e+01,1.036000061035156250e+01,1.035500049591064453e+01,1.028800010681152344e+01,1.014500045776367188e+01,9.965000152587890625e+00,9.845000267028808594e+00,9.780000686645507812e+00,9.805000305175781250e+00,9.848000526428222656e+00,9.930000305175781250e+00,9.995000839233398438e+00,1.004000091552734375e+01,1.004000091552734375e+01,9.968000411987304688e+00,9.795000076293945312e+00,9.558000564575195312e+00,9.323000907897949219e+00,9.130000114440917969e+00,9.023000717163085938e+00,9.038000106811523438e+00,9.108000755310058594e+00,9.213000297546386719e+00,9.295000076293945312e+00,9.340000152587890625e+00,9.400000572204589844e+00,9.473000526428222656e+00,9.558000564575195312e+00,9.630000114440917969e+00,9.693000793457031250e+00,9.703000068664550781e+00,9.680000305175781250e+00,9.675000190734863281e+00,9.660000801086425781e+00,9.670000076293945312e+00,9.705000877380371094e+00,9.735000610351562500e+00,9.750000000000000000e+00,9.733000755310058594e+00,9.693000793457031250e+00,9.648000717163085938e+00,9.608000755310058594e+00,9.618000030517578125e+00,9.628000259399414062e+00,9.653000831604003906e+00,9.688000679016113281e+00,9.733000755310058594e+00,9.805000305175781250e+00,9.878000259399414062e+00,9.955000877380371094e+00,1.004800033569335938e+01,1.011800003051757812e+01,1.016300010681152344e+01,1.014000034332275391e+01,1.011500072479248047e+01,1.006800079345703125e+01,1.003500080108642578e+01,1.000000000000000000e+01,1.000500011444091797e+01,1.006300067901611328e+01,1.016800022125244141e+01,1.027300071716308594e+01,1.038500022888183594e+01,1.049300003051757812e+01,1.062300014495849609e+01,1.076300048828125000e+01,1.091800022125244141e+01,1.106000041961669922e+01,1.120800018310546875e+01,1.136800098419189453e+01,1.152000045776367188e+01,1.166000080108642578e+01,1.183000087738037109e+01,1.197800064086914062e+01,1.214000034332275391e+01,1.224000072479248047e+01,1.227500057220458984e+01,1.222500038146972656e+01,1.212800025939941406e+01,1.198500061035156250e+01,1.187000083923339844e+01,1.173000049591064453e+01,1.162000083923339844e+01,1.152800083160400391e+01,1.145800018310546875e+01,1.143500041961669922e+01,1.142800045013427734e+01,1.144500064849853516e+01,1.147800064086914062e+01,1.161000061035156250e+01,1.180300045013427734e+01,1.205300045013427734e+01,1.230300045013427734e+01,1.250800037384033203e+01,1.281000041961669922e+01,1.000000020040877343e+20,1.000000020040877343e+20,1.000000020040877343e+20,1.007300090789794922e+01,1.002300071716308594e+01,1.028000068664550781e+01,1.025300025939941406e+01,1.026500034332275391e+01,1.030800056457519531e+01,1.040300083160400391e+01,1.058500003814697266e+01,1.082300090789794922e+01,1.109300041198730469e+01,1.133300018310546875e+01,1.153300094604492188e+01,1.168500041961669922e+01,1.183800029754638672e+01,1.197800064086914062e+01,1.207300090789794922e+01,1.213800048828125000e+01,1.210800075531005859e+01,1.203500080108642578e+01,1.190800094604492188e+01,1.179000091552734375e+01,1.168300056457519531e+01,1.157000064849853516e+01,1.148500061035156250e+01,1.140300083160400391e+01,1.130000019073486328e+01,1.120500087738037109e+01,1.108800029754638672e+01,1.101000022888183594e+01,1.095500087738037109e+01,1.092300033569335938e+01,1.092300033569335938e+01,1.092300033569335938e+01,1.094300079345703125e+01,1.097300052642822266e+01,1.099300098419189453e+01,1.100300025939941406e+01,1.099500083923339844e+01,1.098000049591064453e+01,1.095300006866455078e+01,1.089800071716308594e+01,1.089000034332275391e+01,1.087800025939941406e+01,1.086800098419189453e+01,1.081800079345703125e+01,1.079000091552734375e+01,1.072500038146972656e+01,1.063300037384033203e+01,1.056500053405761719e+01,1.049000072479248047e+01,1.045000076293945312e+01,1.041800022125244141e+01,1.039000034332275391e+01,1.039300060272216797e+01,1.042000007629394531e+01,1.039800071716308594e+01,1.035800075531005859e+01,1.032300090789794922e+01,1.024500083923339844e+01,1.021300029754638672e+01,1.018000030517578125e+01,1.014300060272216797e+01,1.013500022888183594e+01,1.009800052642822266e+01,1.007800006866455078e+01,1.010800075531005859e+01,1.008800029754638672e+01,1.008800029754638672e+01,1.007300090789794922e+01,1.004800033569335938e+01,1.005800056457519531e+01,1.008500003814697266e+01,1.011300086975097656e+01,1.011800003051757812e+01,1.012800025939941406e+01,1.015300083160400391e+01,1.019000053405761719e+01,1.022000026702880859e+01,1.026000022888183594e+01,1.027500057220458984e+01,1.025500011444091797e+01,1.018500041961669922e+01,1.013500022888183594e+01,1.006800079345703125e+01,1.000000000000000000e+01,9.950000762939453125e+00,9.913000106811523438e+00,9.910000801086425781e+00,9.908000946044921875e+00,9.895000457763671875e+00,9.858000755310058594e+00,9.855000495910644531e+00,9.835000038146972656e+00,9.850000381469726562e+00,9.833000183105468750e+00,9.838000297546386719e+00,9.805000305175781250e+00,9.798000335693359375e+00,9.825000762939453125e+00,9.873000144958496094e+00,9.935000419616699219e+00,9.993000030517578125e+00,1.004800033569335938e+01,1.010000038146972656e+01,1.018000030517578125e+01,1.028000068664550781e+01,1.039300060272216797e+01,1.052800083160400391e+01,1.063800048828125000e+01,1.073300075531005859e+01,1.080800056457519531e+01,1.086000061035156250e+01,1.085300064086914062e+01,1.079500007629394531e+01,1.071800041198730469e+01,1.068000030517578125e+01,1.000000020040877343e+20,1.000000020040877343e+20,1.000000020040877343e+20,1.000000020040877343e+20,1.000000020040877343e+20,1.000000020040877343e+20,1.000000020040877343e+20,1.058300018310546875e+01,1.063800048828125000e+01,1.024000072479248047e+01,9.620000839233398438e+00,8.893000602722167969e+00,8.175000190734863281e+00,7.680000305175781250e+00,7.555000305175781250e+00,7.825000286102294922e+00,8.335000038146972656e+00,9.018000602722167969e+00,9.763000488281250000e+00,1.046300029754638672e+01,1.098500061035156250e+01,1.122500038146972656e+01,1.125000095367431641e+01,1.111500072479248047e+01,1.093800067901611328e+01,1.073300075531005859e+01,1.049000072479248047e+01,1.032000064849853516e+01,1.015000057220458984e+01,9.973000526428222656e+00,9.800000190734863281e+00,9.655000686645507812e+00,9.498000144958496094e+00,9.315000534057617188e+00,9.145000457763671875e+00,8.970000267028808594e+00,8.750000000000000000e+00,8.580000877380371094e+00,8.413000106811523438e+00,8.270000457763671875e+00,8.197999954223632812e+00,8.188000679016113281e+00,8.235000610351562500e+00,8.268000602722167969e+00,8.328000068664550781e+00,8.443000793457031250e+00,8.580000877380371094e+00,8.728000640869140625e+00,8.845000267028808594e+00,8.918000221252441406e+00,8.933000564575195312e+00,8.870000839233398438e+00,8.763000488281250000e+00,8.610000610351562500e+00,8.420000076293945312e+00,8.183000564575195312e+00,7.958000183105468750e+00,7.728000164031982422e+00,7.588000297546386719e+00,7.523000240325927734e+00,7.550000190734863281e+00,7.678000450134277344e+00,7.803000450134277344e+00,7.900000572204589844e+00,7.968000411987304688e+00,7.988000392913818359e+00,7.950000286102294922e+00,7.830000400543212891e+00,7.708000183105468750e+00,7.618000507354736328e+00,7.585000514984130859e+00,7.618000507354736328e+00,7.660000324249267578e+00
6.743000507354736328e+00,6.818000316619873047e+00,6.760000228881835938e+00,6.715000152587890625e+00,6.660000324249267578e+00,6.593000411987304688e+00,6.545000076293945312e+00,6.553000450134277344e+00,6.573000431060791016e+00,6.595000267028808594e+00,6.648000240325927734e+00,6.723000526428222656e+00,6.803000450134277344e+00,6.933000564575195312e+00,7.050000190734863281e+00,7.158000469207763672e+00,7.233000278472900391e+00,7.260000228881835938e+00,7.260000228881835938e+00,7.273000240325927734e+00,7.258000373840332031e+00,7.243000507354736328e+00,7.210000514984130859e+00,7.200000286102294922e+00,7.400000572204589844e+00,7.450000286102294922e+00,7.535000324249267578e+00,7.643000125885009766e+00,7.713000297546386719e+00,7.738000392913818359e+00,7.720000267028808594e+00,7.640000343322753906e+00,7.488000392913818359e+00,7.248000144958496094e+00,6.935000419616699219e+00,6.600000381469726562e+00,6.345000267028808594e+00,6.203000068664550781e+00,6.163000106811523438e+00,6.195000171661376953e+00,6.210000514984130859e+00,6.215000152587890625e+00,6.138000488281250000e+00,6.033000469207763672e+00,5.900000095367431641e+00,5.760000228881835938e+00,5.588000297546386719e+00,5.408000469207763672e+00,5.275000095367431641e+00,5.145000457763671875e+00,5.068000316619873047e+00,5.095000267028808594e+00,5.273000240325927734e+00,5.650000095367431641e+00,6.180000305175781250e+00,6.790000438690185547e+00,7.428000450134277344e+00,8.000000000000000000e+00,8.463000297546386719e+00,8.735000610351562500e+00,8.855000495910644531e+00,8.828000068664550781e+00,8.633000373840332031e+00,8.363000869750976562e+00,7.970000267028808594e+00,7.603000164031982422e+00,7.300000190734863281e+00,7.158000469207763672e+00,7.175000190734863281e+00,7.335000514984130859e+00,7.608000278472900391e+00,7.925000190734863281e+00,8.195000648498535156e+00,8.433000564575195312e+00,8.638000488281250000e+00,8.782999992370605469e+00,8.805000305175781250e+00,8.740000724792480469e+00,8.635000228881835938e+00,8.539999961853027344e+00,8.528000831604003906e+00,8.593000411987304688e+00,8.715000152587890625e+00,8.880000114440917969e+00,9.068000793457031250e+00,9.240000724792480469e+00,9.355000495910644531e+00,9.368000030517578125e+00,9.265000343322753906e+00,9.038000106811523438e+00,8.760000228881835938e+00,8.500000000000000000e+00,8.300000190734863281e+00,8.208000183105468750e+00,8.210000038146972656e+00,8.233000755310058594e+00,8.243000030517578125e+00,8.273000717163085938e+00,8.335000038146972656e+00,8.440000534057617188e+00,8.578000068664550781e+00,8.713000297546386719e+00,8.798000335693359375e+00,8.825000762939453125e+00,8.848000526428222656e+00,8.868000030517578125e+00,8.883000373840332031e+00,8.920000076293945312e+00,8.998000144958496094e+00,9.083000183105468750e+00,9.140000343322753906e+00,9.157999992370605469e+00,9.150000572204589844e+00,9.133000373840332031e+00,9.123000144958496094e+00,9.088000297546386719e+00,9.075000762939453125e+00,9.039999961853027344e+00,9.038000106811523438e+00,9.083000183105468750e+00,9.163000106811523438e+00,9.285000801086425781e+00,9.403000831604003906e+00,9.538000106811523438e+00,9.648000717163085938e+00,9.730000495910644531e+00,9.755000114440917969e+00,9.733000755310058594e+00,9.693000793457031250e+00,9.655000686645507812e+00,9.633000373840332031e+00,9.643000602722167969e+00,9.695000648498535156e+00,9.793000221252441406e+00,9.918000221252441406e+00,1.003300094604492188e+01,1.013500022888183594e+01,1.025800037384033203e+01,1.037500095367431641e+01,1.046300029754638672e+01,1.054300022125244141e+01,1.062000083923339844e+01,1.070300006866455078e+01,1.076000022888183594e+01,1.088300037384033203e+01,1.102500057220458984e+01,1.117500019073486328e+01,1.130800056457519531e+01,1.139000034332275391e+01,1.139500045776367188e+01,1.135300064086914062e+01,1.128300094604492188e+01,1.118300056457519531e+01,1.110800075531005859e+01,1.102300071716308594e+01,1.093800067901611328e+01,1.084000015258789062e+01,1.076000022888183594e+01,1.072800064086914062e+01,1.076000022888183594e+01,1.082500076293945312e+01,1.096300029754638672e+01,1.115000057220458984e+01,1.140300083160400391e+01,1.165800094604492188e+01,1.189800071716308594e+01,1.204500102996826172e+01,1.000000020040877343e+20,1.000000020040877343e+20,1.000000020040877343e+20,1.000000020040877343e+20,9.890000343322753906e+00,9.808000564575195312e+00,9.735000610351562500e+00,9.685000419616699219e+00,9.708000183105468750e+00,9.782999992370605469e+00,9.928000450134277344e+00,1.013800048828125000e+01,1.038800048828125000e+01,1.063800048828125000e+01,1.088300037384033203e+01,1.110500049591064453e+01,1.129300022125244141e+01,1.145000076293945312e+01,1.159800052642822266e+01,1.171300029754638672e+01,1.177300071716308594e+01,1.173000049591064453e+01,1.161300086975097656e+01,1.145000076293945312e+01,1.130500030517578125e+01,1.118800067901611328e+01,1.112000083923339844e+01,1.107000064849853516e+01,1.101000022888183594e+01,1.093500041961669922e+01,1.085300064086914062e+01,1.078000068664550781e+01,1.070800018310546875e+01,1.064300060272216797e+01,1.061000061035156250e+01,1.057000064849853516e+01,1.054800033569335938e+01,1.052500057220458984e+01,1.052000045776367188e+01,1.050000095367431641e+01,1.049800014495849609e+01,1.050300025939941406e+01,1.048800086975097656e+01,1.047800064086914062e+01,1.044500064849853516e+01,1.041800022125244141e+01,1.039800071716308594e+01,1.036800003051757812e+01,1.036300086975097656e+01,1.032300090789794922e+01,1.034500026702880859e+01,1.032000064849853516e+01,1.028800010681152344e+01,1.021000003814697266e+01,1.013500022888183594e+01,1.007800006866455078e+01,1.002800083160400391e+01,9.953000068664550781e+00,9.913000106811523438e+00,9.888000488281250000e+00,9.823000907897949219e+00,9.748000144958496094e+00,9.623000144958496094e+00,9.585000038146972656e+00,9.532999992370605469e+00,9.530000686645507812e+00,9.488000869750976562e+00,9.513000488281250000e+00,9.523000717163085938e+00,9.528000831604003906e+00,9.523000717163085938e+00,9.513000488281250000e+00,9.530000686645507812e+00,9.558000564575195312e+00,9.580000877380371094e+00,9.633000373840332031e+00,9.640000343322753906e+00,9.645000457763671875e+00,9.645000457763671875e+00,9.640000343322753906e+00,9.673000335693359375e+00,9.648000717163085938e+00,9.628000259399414062e+00,9.603000640869140625e+00,9.588000297546386719e+00,9.550000190734863281e+00,9.500000000000000000e+00,9.433000564575195312e+00,9.400000572204589844e+00,9.333000183105468750e+00,9.318000793457031250e+00,9.325000762939453125e+00,9.328000068664550781e+00,9.333000183105468750e+00,9.315000534057617188e+00,9.328000068664550781e+00,9.313000679016113281e+00,9.288000106811523438e+00,9.268000602722167969e+00,9.255000114440917969e+00,9.248000144958496094e+00,9.255000114440917969e+00,9.255000114440917969e+00,9.290000915527343750e+00,9.345000267028808594e+00,9.413000106811523438e+00,9.488000869750976562e+00,9.553000450134277344e+00,9.638000488281250000e+00,9.738000869750976562e+00,9.853000640869140625e+00,9.983000755310058594e+00,1.010300064086914062e+01,1.022300052642822266e+01,1.031000041961669922e+01,1.041500091552734375e+01,1.044500064849853516e+01,1.045800018310546875e+01,1.055800056457519531e+01,1.000000020040877343e+20,1.000000020040877343e+20,1.000000020040877343e+20,1.000000020040877343e+20,1.000000020040877343e+20,1.000000020040877343e+20,1.000000020040877343e+20,1.001300048828125000e+01,1.012800025939941406e+01,9.858000755310058594e+00,9.395000457763671875e+00,8.789999961853027344e+00,8.155000686645507812e+00,7.610000133514404297e+00,7.308000564575195312e+00,7.330000400543212891e+00,7.680000305175781250e+00,8.200000762939453125e+00,8.780000686645507812e+00,9.388000488281250000e+00,9.970000267028808594e+00,1.045500087738037109e+01,1.075000095367431641e+01,1.085000038146972656e+01,1.082300090789794922e+01,1.069500064849853516e+01,1.054300022125244141e+01,1.040500068664550781e+01,1.024300003051757812e+01,1.011000061035156250e+01,9.983000755310058594e+00,9.845000267028808594e+00,9.700000762939453125e+00,9.543000221252441406e+00,9.343000411987304688e+00,9.118000030517578125e+00,8.848000526428222656e+00,8.553000450134277344e+00,8.260000228881835938e+00,7.945000171661376953e+00,7.668000221252441406e+00,7.448000431060791016e+00,7.290000438690185547e+00,7.193000316619873047e+00,7.113000392913818359e+00,7.088000297546386719e+00,7.110000133514404297e+00,7.220000267028808594e+00,7.340000152587890625e+00,7.460000514984130859e+00,7.565000534057617188e+00,7.660000324249267578e+00,7.715000152587890625e+00,7.710000514984130859e+00,7.660000324249267578e+00,7.533000469207763672e+00,7.318000316619873047e+00,7.035000324249267578e+00,6.748000144958496094e+00,6.473000526428222656e+00,6.270000457763671875e+00,6.138000488281250000e+00,6.075000286102294922e+00,6.058000087738037109e+00,6.083000183105468750e+00,6.168000221252441406e+00,6.278000354766845703e+00,6.325000286102294922e+00,6.333000183105468750e+00,6.333000183105468750e+00,6.405000209808349609e+00,6.470000267028808594e+00,6.585000514984130859e+00,6.658000469207763672e+00
5.900000095367431641e+00,6.028000354766845703e+00,5.980000495910644531e+00,5.915000438690185547e+00,5.815000057220458984e+00,5.765000343322753906e+00,5.698000431060791016e+00,5.713000297546386719e+00,5.765000343322753906e+00,5.865000247955322266e+00,5.943000316619873047e+00,6.000000476837158203e+00,6.063000202178955078e+00,6.100000381469726562e+00,6.118000507354736328e+00,6.150000095367431641e+00,6.160000324249267578e+00,6.128000259399414062e+00,6.063000202178955078e+00,5.983000278472900391e+00,5.905000209808349609e+00,5.853000164031982422e+00,5.825000286102294922e+00,5.820000171661376953e+00,6.038000106811523438e+00,6.170000076293945312e+00,6.323000431060791016e+00,6.518000125885009766e+00,6.713000297546386719e+00,6.855000495910644531e+00,6.903000354766845703e+00,6.903000354766845703e+00,6.793000221252441406e+00,6.558000087738037109e+00,6.245000362396240234e+00,5.918000221252441406e+00,5.618000030517578125e+00,5.435000419616699219e+00,5.403000354766845703e+00,5.463000297546386719e+00,5.523000240325927734e+00,5.563000202178955078e+00,5.550000190734863281e+00,5.485000133514404297e+00,5.388000488281250000e+00,5.275000095367431641e+00,5.170000076293945312e+00,5.048000335693359375e+00,4.913000106811523438e+00,4.803000450134277344e+00,4.693000316619873047e+00,4.678000450134277344e+00,4.803000450134277344e+00,5.028000354766845703e+00,5.370000362396240234e+00,5.788000106811523438e+00,6.220000267028808594e+00,6.578000545501708984e+00,6.833000183105468750e+00,6.943000316619873047e+00,6.958000183105468750e+00,6.860000133514404297e+00,6.640000343322753906e+00,6.360000133514404297e+00,6.043000221252441406e+00,5.713000297546386719e+00,5.465000152587890625e+00,5.328000068664550781e+00,5.340000152587890625e+00,5.490000247955322266e+00,5.705000400543212891e+00,5.955000400543212891e+00,6.228000164031982422e+00,6.530000209808349609e+00,6.793000221252441406e+00,6.990000247955322266e+00,7.128000259399414062e+00,7.170000553131103516e+00,7.193000316619873047e+00,7.195000171661376953e+00,7.250000476837158203e+00,7.340000152587890625e+00,7.520000457763671875e+00,7.768000602722167969e+00,8.068000793457031250e+00,8.343000411987304688e+00,8.572999954223632812e+00,8.725000381469726562e+00,8.715000152587890625e+00,8.588000297546386719e+00,8.353000640869140625e+00,8.093000411987304688e+00,7.843000411987304688e+00,7.643000125885009766e+00,7.483000278472900391e+00,7.373000144958496094e+00,7.295000553131103516e+00,7.213000297546386719e+00,7.253000259399414062e+00,7.338000297546386719e+00,7.425000190734863281e+00,7.535000324249267578e+00,7.590000152587890625e+00,7.650000572204589844e+00,7.693000316619873047e+00,7.710000514984130859e+00,7.755000591278076172e+00,7.870000362396240234e+00,8.018000602722167969e+00,8.155000686645507812e+00,8.273000717163085938e+00,8.353000640869140625e+00,8.440000534057617188e+00,8.513000488281250000e+00,8.545000076293945312e+00,8.518000602722167969e+00,8.458000183105468750e+00,8.393000602722167969e+00,8.378000259399414062e+00,8.390000343322753906e+00,8.460000038146972656e+00,8.583000183105468750e+00,8.735000610351562500e+00,8.885000228881835938e+00,9.058000564575195312e+00,9.205000877380371094e+00,9.290000915527343750e+00,9.325000762939453125e+00,9.338000297546386719e+00,9.345000267028808594e+00,9.338000297546386719e+00,9.328000068664550781e+00,9.355000495910644531e+00,9.410000801086425781e+00,9.485000610351562500e+00,9.578000068664550781e+00,9.713000297546386719e+00,9.863000869750976562e+00,9.958000183105468750e+00,1.004300022125244141e+01,1.008300018310546875e+01,1.008300018310546875e+01,1.009000015258789062e+01,1.006800079345703125e+01,1.008300018310546875e+01,1.014300060272216797e+01,1.022300052642822266e+01,1.030300045013427734e+01,1.037500095367431641e+01,1.041800022125244141e+01,1.042800045013427734e+01,1.041500091552734375e+01,1.040500068664550781e+01,1.040800094604492188e+01,1.038500022888183594e+01,1.033300018310546875e+01,1.026000022888183594e+01,1.018500041961669922e+01,1.014800071716308594e+01,1.018000030517578125e+01,1.032300090789794922e+01,1.051800060272216797e+01,1.072500038146972656e+01,1.095300006866455078e+01,1.119000053405761719e+01,1.139300060272216797e+01,1.144000053405761719e+01,1.097300052642822266e+01,1.058300018310546875e+01,1.016000080108642578e+01,9.765000343322753906e+00,9.628000259399414062e+00,9.445000648498535156e+00,9.330000877380371094e+00,9.270000457763671875e+00,9.273000717163085938e+00,9.323000907897949219e+00,9.443000793457031250e+00,9.618000030517578125e+00,9.880000114440917969e+00,1.016000080108642578e+01,1.047000026702880859e+01,1.075800037384033203e+01,1.099500083923339844e+01,1.118300056457519531e+01,1.135500049591064453e+01,1.148000049591064453e+01,1.150500011444091797e+01,1.145300006866455078e+01,1.132300090789794922e+01,1.116300010681152344e+01,1.101500034332275391e+01,1.088800048828125000e+01,1.078000068664550781e+01,1.070300006866455078e+01,1.065300083160400391e+01,1.059300041198730469e+01,1.053300094604492188e+01,1.047800064086914062e+01,1.039800071716308594e+01,1.036300086975097656e+01,1.032800006866455078e+01,1.028000068664550781e+01,1.023500061035156250e+01,1.017800045013427734e+01,1.011300086975097656e+01,1.007300090789794922e+01,1.004500007629394531e+01,1.004300022125244141e+01,1.003300094604492188e+01,1.002500057220458984e+01,1.002300071716308594e+01,1.001300048828125000e+01,9.990000724792480469e+00,9.948000907897949219e+00,9.930000305175781250e+00,9.885000228881835938e+00,9.868000030517578125e+00,9.833000183105468750e+00,9.803000450134277344e+00,9.745000839233398438e+00,9.685000419616699219e+00,9.613000869750976562e+00,9.558000564575195312e+00,9.525000572204589844e+00,9.473000526428222656e+00,9.403000831604003906e+00,9.360000610351562500e+00,9.295000076293945312e+00,9.228000640869140625e+00,9.143000602722167969e+00,9.103000640869140625e+00,9.068000793457031250e+00,9.048000335693359375e+00,9.050000190734863281e+00,9.010000228881835938e+00,9.063000679016113281e+00,9.043000221252441406e+00,9.035000801086425781e+00,9.030000686645507812e+00,9.038000106811523438e+00,9.045000076293945312e+00,9.058000564575195312e+00,9.068000793457031250e+00,9.083000183105468750e+00,9.072999954223632812e+00,9.090000152587890625e+00,9.095000267028808594e+00,9.095000267028808594e+00,9.105000495910644531e+00,9.098000526428222656e+00,9.083000183105468750e+00,9.050000190734863281e+00,9.013000488281250000e+00,8.945000648498535156e+00,8.930000305175781250e+00,8.910000801086425781e+00,8.907999992370605469e+00,8.878000259399414062e+00,8.863000869750976562e+00,8.838000297546386719e+00,8.822999954223632812e+00,8.815000534057617188e+00,8.805000305175781250e+00,8.785000801086425781e+00,8.743000030517578125e+00,8.718000411987304688e+00,8.690000534057617188e+00,8.693000793457031250e+00,8.708000183105468750e+00,8.738000869750976562e+00,8.780000686645507812e+00,8.848000526428222656e+00,8.940000534057617188e+00,9.020000457763671875e+00,9.103000640869140625e+00,9.193000793457031250e+00,9.328000068664550781e+00,9.468000411987304688e+00,9.623000144958496094e+00,9.785000801086425781e+00,9.905000686645507812e+00,1.001800060272216797e+01,1.010000038146972656e+01,1.014500045776367188e+01,1.000000020040877343e+20,1.000000020040877343e+20,1.000000020040877343e+20,1.000000020040877343e+20,1.000000020040877343e+20,1.000000020040877343e+20,1.000000020040877343e+20,9.858000755310058594e+00,9.903000831604003906e+00,9.420000076293945312e+00,9.088000297546386719e+00,8.620000839233398438e+00,8.085000038146972656e+00,7.578000545501708984e+00,7.150000572204589844e+00,6.960000514984130859e+00,7.033000469207763672e+00,7.315000534057617188e+00,7.723000526428222656e+00,8.157999992370605469e+00,8.615000724792480469e+00,9.118000030517578125e+00,9.613000869750976562e+00,1.000300025939941406e+01,1.026500034332275391e+01,1.040000057220458984e+01,1.043800067901611328e+01,1.038300037384033203e+01,1.026300048828125000e+01,1.009300041198730469e+01,9.915000915527343750e+00,9.778000831604003906e+00,9.655000686645507812e+00,9.532999992370605469e+00,9.363000869750976562e+00,9.133000373840332031e+00,8.868000030517578125e+00,8.575000762939453125e+00,8.233000755310058594e+00,7.860000610351562500e+00,7.483000278472900391e+00,7.098000526428222656e+00,6.773000240325927734e+00,6.523000240325927734e+00,6.333000183105468750e+00,6.193000316619873047e+00,6.080000400543212891e+00,6.008000373840332031e+00,6.023000240325927734e+00,6.083000183105468750e+00,6.180000305175781250e+00,6.318000316619873047e+00,6.450000286102294922e+00,6.565000534057617188e+00,6.645000457763671875e+00,6.670000553131103516e+00,6.640000343322753906e+00,6.513000488281250000e+00,6.288000106811523438e+00,5.960000514984130859e+00,5.648000240325927734e+00,5.365000247955322266e+00,5.093000411987304688e+00,4.898000240325927734e+00,4.770000457763671875e+00,4.740000247955322266e+00,4.782999992370605469e+00,4.875000000000000000e+00,4.963000297546386719e+00,5.005000114440917969e+00,5.103000164031982422e+00,5.228000164031982422e+00,5.425000190734863281e+00,5.638000488281250000e+00,5.768000125885009766e+00
5.048000335693359375e+00,5.178000450134277344e+00,5.178000450134277344e+00,5.088000297546386719e+00,4.975000381469726562e+00,4.853000164031982422e+00,4.760000228881835938e+00,4.790000438690185547e+00,4.843000411987304688e+00,4.938000202178955078e+00,5.035000324249267578e+00,5.110000133514404297e+00,5.153000354766845703e+00,5.175000190734863281e+00,5.195000171661376953e+00,5.173000335693359375e+00,5.168000221252441406e+00,5.120000362396240234e+00,5.033000469207763672e+00,4.920000076293945312e+00,4.795000076293945312e+00,4.695000171661376953e+00,4.668000221252441406e+00,4.698000431060791016e+00,4.903000354766845703e+00,5.063000202178955078e+00,5.265000343322753906e+00,5.508000373840332031e+00,5.730000495910644531e+00,5.918000221252441406e+00,6.038000106811523438e+00,6.038000106811523438e+00,5.945000171661376953e+00,5.750000476837158203e+00,5.483000278472900391e+00,5.183000087738037109e+00,4.890000343322753906e+00,4.695000171661376953e+00,4.635000228881835938e+00,4.665000438690185547e+00,4.738000392913818359e+00,4.782999992370605469e+00,4.770000457763671875e+00,4.745000362396240234e+00,4.710000038146972656e+00,4.650000095367431641e+00,4.575000286102294922e+00,4.510000228881835938e+00,4.443000316619873047e+00,4.380000114440917969e+00,4.333000183105468750e+00,4.345000267028808594e+00,4.435000419616699219e+00,4.578000068664550781e+00,4.798000335693359375e+00,5.055000305175781250e+00,5.313000202178955078e+00,5.503000259399414062e+00,5.583000183105468750e+00,5.595000267028808594e+00,5.518000125885009766e+00,5.390000343322753906e+00,5.203000068664550781e+00,4.983000278472900391e+00,4.735000133514404297e+00,4.468000411987304688e+00,4.268000125885009766e+00,4.144999980926513672e+00,4.100000381469726562e+00,4.155000209808349609e+00,4.253000259399414062e+00,4.398000240325927734e+00,4.605000019073486328e+00,4.883000373840332031e+00,5.138000011444091797e+00,5.385000228881835938e+00,5.563000202178955078e+00,5.723000049591064453e+00,5.848000049591064453e+00,5.985000133514404297e+00,6.150000095367431641e+00,6.338000297546386719e+00,6.573000431060791016e+00,6.845000267028808594e+00,7.135000228881835938e+00,7.445000171661376953e+00,7.723000526428222656e+00,7.915000438690185547e+00,8.025000572204589844e+00,8.018000602722167969e+00,7.913000583648681641e+00,7.748000144958496094e+00,7.498000144958496094e+00,7.265000343322753906e+00,7.048000335693359375e+00,6.828000545501708984e+00,6.628000259399414062e+00,6.445000171661376953e+00,6.340000152587890625e+00,6.313000202178955078e+00,6.333000183105468750e+00,6.378000259399414062e+00,6.375000476837158203e+00,6.380000114440917969e+00,6.398000240325927734e+00,6.430000305175781250e+00,6.510000228881835938e+00,6.628000259399414062e+00,6.800000190734863281e+00,6.983000278472900391e+00,7.175000190734863281e+00,7.330000400543212891e+00,7.493000507354736328e+00,7.608000278472900391e+00,7.678000450134277344e+00,7.703000545501708984e+00,7.673000335693359375e+00,7.635000228881835938e+00,7.623000144958496094e+00,7.653000354766845703e+00,7.738000392913818359e+00,7.875000476837158203e+00,8.043000221252441406e+00,8.233000755310058594e+00,8.420000076293945312e+00,8.598000526428222656e+00,8.765000343322753906e+00,8.903000831604003906e+00,8.975000381469726562e+00,8.988000869750976562e+00,8.985000610351562500e+00,8.943000793457031250e+00,8.888000488281250000e+00,8.878000259399414062e+00,8.895000457763671875e+00,8.955000877380371094e+00,9.080000877380371094e+00,9.238000869750976562e+00,9.388000488281250000e+00,9.500000000000000000e+00,9.563000679016113281e+00,9.555000305175781250e+00,9.535000801086425781e+00,9.445000648498535156e+00,9.383000373840332031e+00,9.335000038146972656e+00,9.318000793457031250e+00,9.325000762939453125e+00,9.363000869750976562e+00,9.425000190734863281e+00,9.518000602722167969e+00,9.608000755310058594e+00,9.680000305175781250e+00,9.763000488281250000e+00,9.803000450134277344e+00,9.800000190734863281e+00,9.755000114440917969e+00,9.695000648498535156e+00,9.680000305175781250e+00,9.735000610351562500e+00,9.868000030517578125e+00,1.006300067901611328e+01,1.026000022888183594e+01,1.043500041961669922e+01,1.060800075531005859e+01,1.075300025939941406e+01,1.078000068664550781e+01,1.062000083923339844e+01,1.032800006866455078e+01,9.945000648498535156e+00,9.588000297546386719e+00,9.288000106811523438e+00,9.055000305175781250e+00,8.920000076293945312e+00,8.835000038146972656e+00,8.805000305175781250e+00,8.815000534057617188e+00,8.900000572204589844e+00,9.058000564575195312e+00,9.323000907897949219e+00,9.620000839233398438e+00,9.950000762939453125e+00,1.030300045013427734e+01,1.060800075531005859e+01,1.085800075531005859e+01,1.103000068664550781e+01,1.116800022125244141e+01,1.120800018310546875e+01,1.118300056457519531e+01,1.107300090789794922e+01,1.092500019073486328e+01,1.074800014495849609e+01,1.062300014495849609e+01,1.050300025939941406e+01,1.042500019073486328e+01,1.036000061035156250e+01,1.028300094604492188e+01,1.022800064086914062e+01,1.018000030517578125e+01,1.013800048828125000e+01,1.014000034332275391e+01,1.012000083923339844e+01,1.011000061035156250e+01,1.007500076293945312e+01,9.990000724792480469e+00,9.908000946044921875e+00,9.823000907897949219e+00,9.765000343322753906e+00,9.728000640869140625e+00,9.695000648498535156e+00,9.690000534057617188e+00,9.665000915527343750e+00,9.645000457763671875e+00,9.605000495910644531e+00,9.583000183105468750e+00,9.550000190734863281e+00,9.548000335693359375e+00,9.550000190734863281e+00,9.523000717163085938e+00,9.470000267028808594e+00,9.438000679016113281e+00,9.375000000000000000e+00,9.278000831604003906e+00,9.238000869750976562e+00,9.180000305175781250e+00,9.123000144958496094e+00,9.063000679016113281e+00,9.015000343322753906e+00,8.938000679016113281e+00,8.860000610351562500e+00,8.778000831604003906e+00,8.730000495910644531e+00,8.675000190734863281e+00,8.653000831604003906e+00,8.638000488281250000e+00,8.613000869750976562e+00,8.625000000000000000e+00,8.595000267028808594e+00,8.608000755310058594e+00,8.593000411987304688e+00,8.538000106811523438e+00,8.483000755310058594e+00,8.513000488281250000e+00,8.572999954223632812e+00,8.583000183105468750e+00,8.608000755310058594e+00,8.628000259399414062e+00,8.657999992370605469e+00,8.660000801086425781e+00,8.660000801086425781e+00,8.628000259399414062e+00,8.600000381469726562e+00,8.565000534057617188e+00,8.495000839233398438e+00,8.450000762939453125e+00,8.413000106811523438e+00,8.388000488281250000e+00,8.360000610351562500e+00,8.340000152587890625e+00,8.305000305175781250e+00,8.295000076293945312e+00,8.300000190734863281e+00,8.295000076293945312e+00,8.273000717163085938e+00,8.263000488281250000e+00,8.258000373840332031e+00,8.228000640869140625e+00,8.200000762939453125e+00,8.180000305175781250e+00,8.195000648498535156e+00,8.220000267028808594e+00,8.280000686645507812e+00,8.345000267028808594e+00,8.414999961853027344e+00,8.508000373840332031e+00,8.578000068664550781e+00,8.645000457763671875e+00,8.768000602722167969e+00,8.920000076293945312e+00,9.105000495910644531e+00,9.278000831604003906e+00,9.455000877380371094e+00,9.625000000000000000e+00,9.705000877380371094e+00,9.733000755310058594e+00,9.690000534057617188e+00,1.000000020040877343e+20,1.000000020040877343e+20,1.000000020040877343e+20,1.000000020040877343e+20,1.000000020040877343e+20,1.000000020040877343e+20,1.000000020040877343e+20,1.000000020040877343e+20,8.803000450134277344e+00,8.500000000000000000e+00,8.068000793457031250e+00,7.603000164031982422e+00,7.180000305175781250e+00,6.863000392913818359e+00,6.700000286102294922e+00,6.705000400543212891e+00,6.873000144958496094e+00,7.103000164031982422e+00,7.345000267028808594e+00,7.618000507354736328e+00,7.963000297546386719e+00,8.375000000000000000e+00,8.782999992370605469e+00,9.113000869750976562e+00,9.360000610351562500e+00,9.483000755310058594e+00,9.498000144958496094e+00,9.395000457763671875e+00,9.235000610351562500e+00,9.032999992370605469e+00,8.865000724792480469e+00,8.730000495910644531e+00,8.538000106811523438e+00,8.333000183105468750e+00,8.100000381469726562e+00,7.850000381469726562e+00,7.585000514984130859e+00,7.288000583648681641e+00,6.950000286102294922e+00,6.590000152587890625e+00,6.263000488281250000e+00,5.963000297546386719e+00,5.723000049591064453e+00,5.510000228881835938e+00,5.350000381469726562e+00,5.220000267028808594e+00,5.168000221252441406e+00,5.145000457763671875e+00,5.155000209808349609e+00,5.198000431060791016e+00,5.278000354766845703e+00,5.348000049591064453e+00,5.483000278472900391e+00,5.625000476837158203e+00,5.713000297546386719e+00,5.708000183105468750e+00,5.640000343322753906e+00,5.493000030517578125e+00,5.278000354766845703e+00,5.008000373840332031e+00,4.705000400543212891e+00,4.393000125885009766e+00,4.115000247955322266e+00,3.918000221252441406e+00,3.815000295639038086e+00,3.785000085830688477e+00,3.843000173568725586e+00,3.923000097274780273e+00,4.043000221252441406e+00,4.164999961853027344e+00,4.385000228881835938e+00,4.628000259399414062e+00,4.790000438690185547e+00,4.915000438690185547e+00
4.263000011444091797e+00,4.370000362396240234e+00,4.308000087738037109e+00,4.218000411987304688e+00,4.115000247955322266e+00,4.013000011444091797e+00,3.950000286102294922e+00,3.908000230789184570e+00,3.928000211715698242e+00,3.970000267028808594e+00,4.028000354766845703e+00,4.060000419616699219e+00,4.085000038146972656e+00,4.095000267028808594e+00,4.105000019073486328e+00,4.110000133514404297e+00,4.120000362396240234e+00,4.108000278472900391e+00,4.063000202178955078e+00,3.955000162124633789e+00,3.835000276565551758e+00,3.703000068664550781e+00,3.630000114440917969e+00,3.638000249862670898e+00,3.803000211715698242e+00,4.003000259399414062e+00,4.215000152587890625e+00,4.450000286102294922e+00,4.653000354766845703e+00,4.830000400543212891e+00,4.953000068664550781e+00,5.005000114440917969e+00,4.970000267028808594e+00,4.823000431060791016e+00,4.613000392913818359e+00,4.394999980926513672e+00,4.133000373840332031e+00,3.953000068664550781e+00,3.868000268936157227e+00,3.880000114440917969e+00,3.915000200271606445e+00,3.960000276565551758e+00,3.953000068664550781e+00,3.933000087738037109e+00,3.920000076293945312e+00,3.925000190734863281e+00,3.938000202178955078e+00,3.970000267028808594e+00,3.988000154495239258e+00,4.019999980926513672e+00,4.038000106811523438e+00,4.058000087738037109e+00,4.083000183105468750e+00,4.175000190734863281e+00,4.305000305175781250e+00,4.448000431060791016e+00,4.595000267028808594e+00,4.683000087738037109e+00,4.683000087738037109e+00,4.645000457763671875e+00,4.568000316619873047e+00,4.475000381469726562e+00,4.328000068664550781e+00,4.185000419616699219e+00,4.039999961853027344e+00,3.885000228881835938e+00,3.723000288009643555e+00,3.578000068664550781e+00,3.490000247955322266e+00,3.443000078201293945e+00,3.410000085830688477e+00,3.420000076293945312e+00,3.513000249862670898e+00,3.668000221252441406e+00,3.868000268936157227e+00,4.080000400543212891e+00,4.265000343322753906e+00,4.488000392913818359e+00,4.710000038146972656e+00,4.938000202178955078e+00,5.208000183105468750e+00,5.508000373840332031e+00,5.823000431060791016e+00,6.128000259399414062e+00,6.393000125885009766e+00,6.660000324249267578e+00,6.910000324249267578e+00,7.113000392913818359e+00,7.253000259399414062e+00,7.300000190734863281e+00,7.288000583648681641e+00,7.203000545501708984e+00,7.028000354766845703e+00,6.835000514984130859e+00,6.608000278472900391e+00,6.355000495910644531e+00,6.098000526428222656e+00,5.848000049591064453e+00,5.643000125885009766e+00,5.515000343322753906e+00,5.435000419616699219e+00,5.375000476837158203e+00,5.355000019073486328e+00,5.325000286102294922e+00,5.278000354766845703e+00,5.285000324249267578e+00,5.333000183105468750e+00,5.410000324249267578e+00,5.533000469207763672e+00,5.713000297546386719e+00,5.903000354766845703e+00,6.113000392913818359e+00,6.308000087738037109e+00,6.438000202178955078e+00,6.533000469207763672e+00,6.598000526428222656e+00,6.628000259399414062e+00,6.665000438690185547e+00,6.735000133514404297e+00,6.843000411987304688e+00,6.995000362396240234e+00,7.145000457763671875e+00,7.333000183105468750e+00,7.553000450134277344e+00,7.775000572204589844e+00,7.990000247955322266e+00,8.155000686645507812e+00,8.328000068664550781e+00,8.445000648498535156e+00,8.488000869750976562e+00,8.453000068664550781e+00,8.348000526428222656e+00,8.258000373840332031e+00,8.193000793457031250e+00,8.183000564575195312e+00,8.228000640869140625e+00,8.343000411987304688e+00,8.485000610351562500e+00,8.625000000000000000e+00,8.733000755310058594e+00,8.810000419616699219e+00,8.868000030517578125e+00,8.858000755310058594e+00,8.810000419616699219e+00,8.763000488281250000e+00,8.725000381469726562e+00,8.700000762939453125e+00,8.690000534057617188e+00,8.688000679016113281e+00,8.723000526428222656e+00,8.805000305175781250e+00,8.928000450134277344e+00,9.048000335693359375e+00,9.173000335693359375e+00,9.255000114440917969e+00,9.303000450134277344e+00,9.290000915527343750e+00,9.258000373840332031e+00,9.265000343322753906e+00,9.325000762939453125e+00,9.428000450134277344e+00,9.568000793457031250e+00,9.715000152587890625e+00,9.843000411987304688e+00,9.948000907897949219e+00,1.005500030517578125e+01,1.008000087738037109e+01,1.000300025939941406e+01,9.820000648498535156e+00,9.525000572204589844e+00,9.218000411987304688e+00,8.925000190734863281e+00,8.718000411987304688e+00,8.555000305175781250e+00,8.463000297546386719e+00,8.400000572204589844e+00,8.373000144958496094e+00,8.403000831604003906e+00,8.543000221252441406e+00,8.753000259399414062e+00,9.025000572204589844e+00,9.340000152587890625e+00,9.668000221252441406e+00,1.001000022888183594e+01,1.026800060272216797e+01,1.045800018310546875e+01,1.060800075531005859e+01,1.070000076293945312e+01,1.067500019073486328e+01,1.058800029754638672e+01,1.048300075531005859e+01,1.035000038146972656e+01,1.023800086975097656e+01,1.013800048828125000e+01,1.007000064849853516e+01,1.001800060272216797e+01,9.968000411987304688e+00,9.940000534057617188e+00,9.925000190734863281e+00,9.923000335693359375e+00,9.938000679016113281e+00,9.963000297546386719e+00,9.980000495910644531e+00,9.950000762939453125e+00,9.905000686645507812e+00,9.820000648498535156e+00,9.740000724792480469e+00,9.650000572204589844e+00,9.575000762939453125e+00,9.530000686645507812e+00,9.460000038146972656e+00,9.405000686645507812e+00,9.358000755310058594e+00,9.320000648498535156e+00,9.303000450134277344e+00,9.273000717163085938e+00,9.255000114440917969e+00,9.208000183105468750e+00,9.185000419616699219e+00,9.148000717163085938e+00,9.070000648498535156e+00,9.013000488281250000e+00,8.935000419616699219e+00,8.828000068664550781e+00,8.753000259399414062e+00,8.680000305175781250e+00,8.605000495910644531e+00,8.570000648498535156e+00,8.528000831604003906e+00,8.475000381469726562e+00,8.450000762939453125e+00,8.414999961853027344e+00,8.383000373840332031e+00,8.380000114440917969e+00,8.365000724792480469e+00,8.303000450134277344e+00,8.285000801086425781e+00,8.265000343322753906e+00,8.210000038146972656e+00,8.148000717163085938e+00,8.075000762939453125e+00,8.008000373840332031e+00,7.988000392913818359e+00,7.990000247955322266e+00,8.030000686645507812e+00,8.070000648498535156e+00,8.148000717163085938e+00,8.175000190734863281e+00,8.218000411987304688e+00,8.240000724792480469e+00,8.250000000000000000e+00,8.235000610351562500e+00,8.210000038146972656e+00,8.133000373840332031e+00,8.120000839233398438e+00,8.030000686645507812e+00,7.993000507354736328e+00,7.933000564575195312e+00,7.915000438690185547e+00,7.883000373840332031e+00,7.883000373840332031e+00,7.878000259399414062e+00,7.883000373840332031e+00,7.890000343322753906e+00,7.883000373840332031e+00,7.868000507354736328e+00,7.838000297546386719e+00,7.805000305175781250e+00,7.828000545501708984e+00,7.813000202178955078e+00,7.823000431060791016e+00,7.880000591278076172e+00,7.943000316619873047e+00,8.000000000000000000e+00,8.072999954223632812e+00,8.148000717163085938e+00,8.193000793457031250e+00,8.288000106811523438e+00,8.447999954223632812e+00,8.638000488281250000e+00,8.865000724792480469e+00,9.068000793457031250e+00,9.240000724792480469e+00,9.368000030517578125e+00,9.398000717163085938e+00,1.000000020040877343e+20,1.000000020040877343e+20,1.000000020040877343e+20,1.000000020040877343e+20,1.000000020040877343e+20,1.000000020040877343e+20,1.000000020040877343e+20,1.000000020040877343e+20,8.388000488281250000e+00,8.350000381469726562e+00,8.110000610351562500e+00,7.758000373840332031e+00,7.380000114440917969e+00,7.020000457763671875e+00,6.715000152587890625e+00,6.523000240325927734e+00,6.440000534057617188e+00,6.455000400543212891e+00,6.493000507354736328e+00,6.528000354766845703e+00,6.598000526428222656e+00,6.763000488281250000e+00,7.013000488281250000e+00,7.318000316619873047e+00,7.585000514984130859e+00,7.785000324249267578e+00,7.943000316619873047e+00,7.960000514984130859e+00,7.875000476837158203e+00,7.705000400543212891e+00,7.500000476837158203e+00,7.313000202178955078e+00,7.098000526428222656e+00,6.908000469207763672e+00,6.693000316619873047e+00,6.485000133514404297e+00,6.298000335693359375e+00,6.085000514984130859e+00,5.863000392913818359e+00,5.608000278472900391e+00,5.333000183105468750e+00,5.055000305175781250e+00,4.838000297546386719e+00,4.673000335693359375e+00,4.573000431060791016e+00,4.532999992370605469e+00,4.513000011444091797e+00,4.478000164031982422e+00,4.473000049591064453e+00,4.415000438690185547e+00,4.388000011444091797e+00,4.403000354766845703e+00,4.455000400543212891e+00,4.573000431060791016e+00,4.680000305175781250e+00,4.805000305175781250e+00,4.870000362396240234e+00,4.870000362396240234e+00,4.793000221252441406e+00,4.623000144958496094e+00,4.418000221252441406e+00,4.143000125885009766e+00,3.840000152587890625e+00,3.535000085830688477e+00,3.288000106811523438e+00,3.113000154495239258e+00,3.000000238418579102e+00,2.983000040054321289e+00,3.040000200271606445e+00,3.190000057220458984e+00,3.385000228881835938e+00,3.623000144958496094e+00,3.855000257492065430e+00,4.058000087738037109e+00,4.160000324249267578e+00
3.440000057220458984e+00,3.538000106811523438e+00,3.518000125885009766e+00,3.460000276565551758e+00,3.400000095367431641e+00,3.325000047683715820e+00,3.273000240325927734e+00,3.240000247955322266e+00,3.220000267028808594e+00,3.208000183105468750e+00,3.203000068664550781e+00,3.178000211715698242e+00,3.168000221252441406e+00,3.133000135421752930e+00,3.100000143051147461e+00,3.095000028610229492e+00,3.100000143051147461e+00,3.090000152587890625e+00,3.045000076293945312e+00,2.960000038146972656e+00,2.830000162124633789e+00,2.683000087738037109e+00,2.605000019073486328e+00,2.595000028610229492e+00,2.720000028610229492e+00,2.908000230789184570e+00,3.118000030517578125e+00,3.313000202178955078e+00,3.478000164031982422e+00,3.620000123977661133e+00,3.745000123977661133e+00,3.825000286102294922e+00,3.838000297546386719e+00,3.800000190734863281e+00,3.713000059127807617e+00,3.570000171661376953e+00,3.408000230789184570e+00,3.253000259399414062e+00,3.160000085830688477e+00,3.143000125885009766e+00,3.145000219345092773e+00,3.158000230789184570e+00,3.180000066757202148e+00,3.188000202178955078e+00,3.208000183105468750e+00,3.273000240325927734e+00,3.363000154495239258e+00,3.480000257492065430e+00,3.548000097274780273e+00,3.633000135421752930e+00,3.680000066757202148e+00,3.723000288009643555e+00,3.750000238418579102e+00,3.778000116348266602e+00,3.848000288009643555e+00,3.928000211715698242e+00,3.993000268936157227e+00,4.013000011444091797e+00,4.005000114440917969e+00,3.953000068664550781e+00,3.888000249862670898e+00,3.838000297546386719e+00,3.800000190734863281e+00,3.740000247955322266e+00,3.673000097274780273e+00,3.568000078201293945e+00,3.478000164031982422e+00,3.353000164031982422e+00,3.235000133514404297e+00,3.093000173568725586e+00,2.955000162124633789e+00,2.838000059127807617e+00,2.798000097274780273e+00,2.835000038146972656e+00,2.950000047683715820e+00,3.095000028610229492e+00,3.248000144958496094e+00,3.433000087738037109e+00,3.660000085830688477e+00,3.940000295639038086e+00,4.285000324249267578e+00,4.668000221252441406e+00,5.030000209808349609e+00,5.358000278472900391e+00,5.655000209808349609e+00,5.913000106811523438e+00,6.148000240325927734e+00,6.303000450134277344e+00,6.418000221252441406e+00,6.475000381469726562e+00,6.478000164031982422e+00,6.388000488281250000e+00,6.258000373840332031e+00,6.095000267028808594e+00,5.888000488281250000e+00,5.673000335693359375e+00,5.433000087738037109e+00,5.218000411987304688e+00,5.055000305175781250e+00,4.928000450134277344e+00,4.835000038146972656e+00,4.748000144958496094e+00,4.655000209808349609e+00,4.580000400543212891e+00,4.530000209808349609e+00,4.455000400543212891e+00,4.423000335693359375e+00,4.425000190734863281e+00,4.450000286102294922e+00,4.498000144958496094e+00,4.583000183105468750e+00,4.753000259399414062e+00,4.930000305175781250e+00,5.138000011444091797e+00,5.308000087738037109e+00,5.428000450134277344e+00,5.508000373840332031e+00,5.608000278472900391e+00,5.758000373840332031e+00,5.930000305175781250e+00,6.135000228881835938e+00,6.380000114440917969e+00,6.610000133514404297e+00,6.853000164031982422e+00,7.080000400543212891e+00,7.283000469207763672e+00,7.483000278472900391e+00,7.640000343322753906e+00,7.763000488281250000e+00,7.800000190734863281e+00,7.783000469207763672e+00,7.658000469207763672e+00,7.523000240325927734e+00,7.433000564575195312e+00,7.395000457763671875e+00,7.425000190734863281e+00,7.493000507354736328e+00,7.593000411987304688e+00,7.698000431060791016e+00,7.803000450134277344e+00,7.913000583648681641e+00,8.013000488281250000e+00,8.090000152587890625e+00,8.138000488281250000e+00,8.197999954223632812e+00,8.263000488281250000e+00,8.288000106811523438e+00,8.300000190734863281e+00,8.280000686645507812e+00,8.285000801086425781e+00,8.338000297546386719e+00,8.407999992370605469e+00,8.518000602722167969e+00,8.643000602722167969e+00,8.735000610351562500e+00,8.798000335693359375e+00,8.815000534057617188e+00,8.828000068664550781e+00,8.860000610351562500e+00,8.905000686645507812e+00,8.988000869750976562e+00,9.075000762939453125e+00,9.160000801086425781e+00,9.250000000000000000e+00,9.325000762939453125e+00,9.373000144958496094e+00,9.393000602722167969e+00,9.363000869750976562e+00,9.250000000000000000e+00,9.058000564575195312e+00,8.822999954223632812e+00,8.600000381469726562e+00,8.420000076293945312e+00,8.295000076293945312e+00,8.188000679016113281e+00,8.078000068664550781e+00,7.985000610351562500e+00,7.963000297546386719e+00,7.995000362396240234e+00,8.148000717163085938e+00,8.385000228881835938e+00,8.700000762939453125e+00,9.045000076293945312e+00,9.365000724792480469e+00,9.623000144958496094e+00,9.858000755310058594e+00,1.002800083160400391e+01,1.010500049591064453e+01,1.012300014495849609e+01,1.006300067901611328e+01,9.955000877380371094e+00,9.868000030517578125e+00,9.780000686645507812e+00,9.703000068664550781e+00,9.645000457763671875e+00,9.615000724792480469e+00,9.615000724792480469e+00,9.620000839233398438e+00,9.638000488281250000e+00,9.665000915527343750e+00,9.703000068664550781e+00,9.738000869750976562e+00,9.758000373840332031e+00,9.765000343322753906e+00,9.745000839233398438e+00,9.683000564575195312e+00,9.613000869750976562e+00,9.532999992370605469e+00,9.465000152587890625e+00,9.410000801086425781e+00,9.335000038146972656e+00,9.245000839233398438e+00,9.168000221252441406e+00,9.108000755310058594e+00,9.063000679016113281e+00,9.000000000000000000e+00,8.958000183105468750e+00,8.913000106811523438e+00,8.895000457763671875e+00,8.853000640869140625e+00,8.813000679016113281e+00,8.733000755310058594e+00,8.673000335693359375e+00,8.593000411987304688e+00,8.510000228881835938e+00,8.458000183105468750e+00,8.375000000000000000e+00,8.333000183105468750e+00,8.273000717163085938e+00,8.225000381469726562e+00,8.185000419616699219e+00,8.188000679016113281e+00,8.180000305175781250e+00,8.143000602722167969e+00,8.090000152587890625e+00,8.070000648498535156e+00,8.032999992370605469e+00,7.965000152587890625e+00,7.868000507354736328e+00,7.725000381469726562e+00,7.613000392913818359e+00,7.528000354766845703e+00,7.495000362396240234e+00,7.505000591278076172e+00,7.550000190734863281e+00,7.608000278472900391e+00,7.680000305175781250e+00,7.760000228881835938e+00,7.795000553131103516e+00,7.845000267028808594e+00,7.888000488281250000e+00,7.875000476837158203e+00,7.863000392913818359e+00,7.830000400543212891e+00,7.790000438690185547e+00,7.735000133514404297e+00,7.693000316619873047e+00,7.635000228881835938e+00,7.603000164031982422e+00,7.573000431060791016e+00,7.555000305175781250e+00,7.520000457763671875e+00,7.515000343322753906e+00,7.498000144958496094e+00,7.488000392913818359e+00,7.495000362396240234e+00,7.465000152587890625e+00,7.480000495910644531e+00,7.488000392913818359e+00,7.478000164031982422e+00,7.480000495910644531e+00,7.525000572204589844e+00,7.583000183105468750e+00,7.635000228881835938e+00,7.685000419616699219e+00,7.738000392913818359e+00,7.783000469207763672e+00,7.885000228881835938e+00,8.032999992370605469e+00,8.263000488281250000e+00,8.493000030517578125e+00,8.723000526428222656e+00,8.923000335693359375e+00,9.043000221252441406e+00,9.093000411987304688e+00,1.000000020040877343e+20,1.000000020040877343e+20,1.000000020040877343e+20,1.000000020040877343e+20,1.000000020040877343e+20,1.000000020040877343e+20,1.000000020040877343e+20,7.918000221252441406e+00,8.060000419616699219e+00,7.983000278472900391e+00,7.808000564575195312e+00,7.578000545501708984e+00,7.300000190734863281e+00,7.023000240325927734e+00,6.758000373840332031e+00,6.528000354766845703e+00,6.333000183105468750e+00,6.183000087738037109e+00,6.055000305175781250e+00,5.918000221252441406e+00,5.820000171661376953e+00,5.818000316619873047e+00,5.895000457763671875e+00,5.988000392913818359e+00,6.130000114440917969e+00,6.230000495910644531e+00,6.288000106811523438e+00,6.285000324249267578e+00,6.158000469207763672e+00,5.955000400543212891e+00,5.718000411987304688e+00,5.463000297546386719e+00,5.260000228881835938e+00,5.045000076293945312e+00,4.898000240325927734e+00,4.738000392913818359e+00,4.598000049591064453e+00,4.455000400543212891e+00,4.280000209808349609e+00,4.123000144958496094e+00,3.938000202178955078e+00,3.800000190734863281e+00,3.728000164031982422e+00,3.690000057220458984e+00,3.703000068664550781e+00,3.735000133514404297e+00,3.790000200271606445e+00,3.858000278472900391e+00,3.893000125885009766e+00,3.873000144958496094e+00,3.825000286102294922e+00,3.783000230789184570e+00,3.800000190734863281e+00,3.810000181198120117e+00,3.885000228881835938e+00,3.995000123977661133e+00,4.080000400543212891e+00,4.093000411987304688e+00,4.045000076293945312e+00,3.938000202178955078e+00,3.803000211715698242e+00,3.588000059127807617e+00,3.303000211715698242e+00,3.018000125885009766e+00,2.753000020980834961e+00,2.535000085830688477e+00,2.400000095367431641e+00,2.328000068664550781e+00,2.343000173568725586e+00,2.420000076293945312e+00,2.618000030517578125e+00,2.855000019073486328e+00,3.085000038146972656e+00,3.265000104904174805e+00,3.345000267028808594e+00
2.565000057220458984e+00,2.673000097274780273e+00,2.660000085830688477e+00,2.638000011444091797e+00,2.628000020980834961e+00,2.600000143051147461e+00,2.575000047683715820e+00,2.545000076293945312e+00,2.490000009536743164e+00,2.468000173568725586e+00,2.408000230789184570e+00,2.328000068664550781e+00,2.265000104904174805e+00,2.195000171661376953e+00,2.163000106811523438e+00,2.157999992370605469e+00,2.183000087738037109e+00,2.188000202178955078e+00,2.165000200271606445e+00,2.075000047683715820e+00,1.968000054359436035e+00,1.828000068664550781e+00,1.730000138282775879e+00,1.718000054359436035e+00,1.773000121116638184e+00,1.930000066757202148e+00,2.123000144958496094e+00,2.298000097274780273e+00,2.450000047683715820e+00,2.588000059127807617e+00,2.695000171661376953e+00,2.780000209808349609e+00,2.863000154495239258e+00,2.898000240325927734e+00,2.893000125885009766e+00,2.863000154495239258e+00,2.798000097274780273e+00,2.725000143051147461e+00,2.670000076293945312e+00,2.630000114440917969e+00,2.603000164031982422e+00,2.570000171661376953e+00,2.545000076293945312e+00,2.543000221252441406e+00,2.588000059127807617e+00,2.658000230789184570e+00,2.800000190734863281e+00,2.960000038146972656e+00,3.083000183105468750e+00,3.193000078201293945e+00,3.283000230789184570e+00,3.320000171661376953e+00,3.348000049591064453e+00,3.358000278472900391e+00,3.365000247955322266e+00,3.370000123977661133e+00,3.395000219345092773e+00,3.418000221252441406e+00,3.448000192642211914e+00,3.435000181198120117e+00,3.420000076293945312e+00,3.393000125885009766e+00,3.388000249862670898e+00,3.368000268936157227e+00,3.338000059127807617e+00,3.290000200271606445e+00,3.200000047683715820e+00,3.095000028610229492e+00,2.985000133514404297e+00,2.828000068664550781e+00,2.653000116348266602e+00,2.493000030517578125e+00,2.368000030517578125e+00,2.295000076293945312e+00,2.305000066757202148e+00,2.363000154495239258e+00,2.438000202178955078e+00,2.570000171661376953e+00,2.748000144958496094e+00,3.000000238418579102e+00,3.308000087738037109e+00,3.675000190734863281e+00,4.048000335693359375e+00,4.394999980926513672e+00,4.718000411987304688e+00,5.003000259399414062e+00,5.230000019073486328e+00,5.403000354766845703e+00,5.513000488281250000e+00,5.548000335693359375e+00,5.525000095367431641e+00,5.443000316619873047e+00,5.325000286102294922e+00,5.188000202178955078e+00,5.008000373840332031e+00,4.818000316619873047e+00,4.613000392913818359e+00,4.455000400543212891e+00,4.338000297546386719e+00,4.250000000000000000e+00,4.220000267028808594e+00,4.170000076293945312e+00,4.138000011444091797e+00,4.083000183105468750e+00,3.978000164031982422e+00,3.880000114440917969e+00,3.783000230789184570e+00,3.705000162124633789e+00,3.613000154495239258e+00,3.565000057220458984e+00,3.555000066757202148e+00,3.605000257492065430e+00,3.713000059127807617e+00,3.898000240325927734e+00,4.103000164031982422e+00,4.313000202178955078e+00,4.490000247955322266e+00,4.685000419616699219e+00,4.895000457763671875e+00,5.110000133514404297e+00,5.368000030517578125e+00,5.625000476837158203e+00,5.890000343322753906e+00,6.118000507354736328e+00,6.335000514984130859e+00,6.523000240325927734e+00,6.680000305175781250e+00,6.813000202178955078e+00,6.908000469207763672e+00,6.935000419616699219e+00,6.900000095367431641e+00,6.795000553131103516e+00,6.673000335693359375e+00,6.595000267028808594e+00,6.568000316619873047e+00,6.590000152587890625e+00,6.628000259399414062e+00,6.688000202178955078e+00,6.775000095367431641e+00,6.875000476837158203e+00,6.990000247955322266e+00,7.098000526428222656e+00,7.205000400543212891e+00,7.330000400543212891e+00,7.485000133514404297e+00,7.630000591278076172e+00,7.750000476837158203e+00,7.820000171661376953e+00,7.835000514984130859e+00,7.848000526428222656e+00,7.865000247955322266e+00,7.918000221252441406e+00,7.998000144958496094e+00,8.090000152587890625e+00,8.164999961853027344e+00,8.258000373840332031e+00,8.300000190734863281e+00,8.360000610351562500e+00,8.433000564575195312e+00,8.503000259399414062e+00,8.568000793457031250e+00,8.630000114440917969e+00,8.708000183105468750e+00,8.773000717163085938e+00,8.833000183105468750e+00,8.900000572204589844e+00,8.945000648498535156e+00,8.928000450134277344e+00,8.838000297546386719e+00,8.697999954223632812e+00,8.545000076293945312e+00,8.395000457763671875e+00,8.255000114440917969e+00,8.140000343322753906e+00,8.025000572204589844e+00,7.870000362396240234e+00,7.723000526428222656e+00,7.618000507354736328e+00,7.608000278472900391e+00,7.728000164031982422e+00,7.955000400543212891e+00,8.278000831604003906e+00,8.628000259399414062e+00,8.950000762939453125e+00,9.233000755310058594e+00,9.465000152587890625e+00,9.613000869750976562e+00,9.663000106811523438e+00,9.633000373840332031e+00,9.553000450134277344e+00,9.425000190734863281e+00,9.333000183105468750e+00,9.258000373840332031e+00,9.198000907897949219e+00,9.140000343322753906e+00,9.118000030517578125e+00,9.120000839233398438e+00,9.140000343322753906e+00,9.178000450134277344e+00,9.233000755310058594e+00,9.280000686645507812e+00,9.323000907897949219e+00,9.348000526428222656e+00,9.340000152587890625e+00,9.315000534057617188e+00,9.278000831604003906e+00,9.240000724792480469e+00,9.225000381469726562e+00,9.203000068664550781e+00,9.164999961853027344e+00,9.128000259399414062e+00,9.053000450134277344e+00,9.020000457763671875e+00,8.955000877380371094e+00,8.858000755310058594e+00,8.768000602722167969e+00,8.673000335693359375e+00,8.603000640869140625e+00,8.553000450134277344e+00,8.493000030517578125e+00,8.463000297546386719e+00,8.440000534057617188e+00,8.420000076293945312e+00,8.378000259399414062e+00,8.365000724792480469e+00,8.345000267028808594e+00,8.333000183105468750e+00,8.275000572204589844e+00,8.208000183105468750e+00,8.148000717163085938e+00,8.035000801086425781e+00,7.978000164031982422e+00,7.900000572204589844e+00,7.835000514984130859e+00,7.785000324249267578e+00,7.728000164031982422e+00,7.680000305175781250e+00,7.573000431060791016e+00,7.465000152587890625e+00,7.363000392913818359e+00,7.268000125885009766e+00,7.228000164031982422e+00,7.188000202178955078e+00,7.203000545501708984e+00,7.270000457763671875e+00,7.345000267028808594e+00,7.433000564575195312e+00,7.493000507354736328e+00,7.540000438690185547e+00,7.555000305175781250e+00,7.558000564575195312e+00,7.540000438690185547e+00,7.548000335693359375e+00,7.513000488281250000e+00,7.455000400543212891e+00,7.403000354766845703e+00,7.370000362396240234e+00,7.353000164031982422e+00,7.300000190734863281e+00,7.278000354766845703e+00,7.258000373840332031e+00,7.175000190734863281e+00,7.180000305175781250e+00,7.145000457763671875e+00,7.160000324249267578e+00,7.168000221252441406e+00,7.158000469207763672e+00,7.160000324249267578e+00,7.168000221252441406e+00,7.160000324249267578e+00,7.160000324249267578e+00,7.190000534057617188e+00,7.235000133514404297e+00,7.275000572204589844e+00,7.278000354766845703e+00,7.305000305175781250e+00,7.350000381469726562e+00,7.445000171661376953e+00,7.598000526428222656e+00,7.838000297546386719e+00,8.079999923706054688e+00,8.350000381469726562e+00,8.548000335693359375e+00,8.668000221252441406e+00,8.673000335693359375e+00,1.000000020040877343e+20,1.000000020040877343e+20,1.000000020040877343e+20,1.000000020040877343e+20,1.000000020040877343e+20,1.000000020040877343e+20,7.268000125885009766e+00,7.480000495910644531e+00,7.490000247955322266e+00,7.478000164031982422e+00,7.413000583648681641e+00,7.300000190734863281e+00,7.163000106811523438e+00,6.973000526428222656e+00,6.743000507354736328e+00,6.510000228881835938e+00,6.263000488281250000e+00,6.000000476837158203e+00,5.755000114440917969e+00,5.540000438690185547e+00,5.353000164031982422e+00,5.228000164031982422e+00,5.143000125885009766e+00,5.073000431060791016e+00,5.048000335693359375e+00,5.025000095367431641e+00,4.958000183105468750e+00,4.855000019073486328e+00,4.678000450134277344e+00,4.443000316619873047e+00,4.180000305175781250e+00,3.885000228881835938e+00,3.655000209808349609e+00,3.455000162124633789e+00,3.303000211715698242e+00,3.190000057220458984e+00,3.093000173568725586e+00,3.030000209808349609e+00,2.978000164031982422e+00,2.928000211715698242e+00,2.860000133514404297e+00,2.795000076293945312e+00,2.775000095367431641e+00,2.788000106811523438e+00,2.833000183105468750e+00,2.923000097274780273e+00,3.033000230789184570e+00,3.160000085830688477e+00,3.238000154495239258e+00,3.263000249862670898e+00,3.270000219345092773e+00,3.255000114440917969e+00,3.228000164031982422e+00,3.210000038146972656e+00,3.218000173568725586e+00,3.255000114440917969e+00,3.305000066757202148e+00,3.328000068664550781e+00,3.293000221252441406e+00,3.230000257492065430e+00,3.108000040054321289e+00,2.908000230789184570e+00,2.685000181198120117e+00,2.460000038146972656e+00,2.203000068664550781e+00,1.968000054359436035e+00,1.795000076293945312e+00,1.663000106811523438e+00,1.600000023841857910e+00,1.673000097274780273e+00,1.835000038146972656e+00,2.030000209808349609e+00,2.210000038146972656e+00,2.358000040054321289e+00,2.458000183105468750e+00
1.585000038146972656e+00,1.658000111579895020e+00,1.680000066757202148e+00,1.700000047683715820e+00,1.725000023841857910e+00,1.733000040054321289e+00,1.725000023841857910e+00,1.705000042915344238e+00,1.660000085830688477e+00,1.573000073432922363e+00,1.493000030517578125e+00,1.375000119209289551e+00,1.288000106811523438e+00,1.223000049591064453e+00,1.210000038146972656e+00,1.243000030517578125e+00,1.298000097274780273e+00,1.318000078201293945e+00,1.310000061988830566e+00,1.235000014305114746e+00,1.129999995231628418e+00,1.032999992370605469e+00,9.800000190734863281e-01,9.980000257492065430e-01,1.068000078201293945e+00,1.213000059127807617e+00,1.423000097274780273e+00,1.620000123977661133e+00,1.763000130653381348e+00,1.878000140190124512e+00,2.000000000000000000e+00,2.120000123977661133e+00,2.220000028610229492e+00,2.285000085830688477e+00,2.323000192642211914e+00,2.340000152587890625e+00,2.333000183105468750e+00,2.308000087738037109e+00,2.255000114440917969e+00,2.178000211715698242e+00,2.098000049591064453e+00,2.028000116348266602e+00,1.978000044822692871e+00,1.960000038146972656e+00,2.019999980926513672e+00,2.134999990463256836e+00,2.293000221252441406e+00,2.453000068664550781e+00,2.608000040054321289e+00,2.735000133514404297e+00,2.808000087738037109e+00,2.858000040054321289e+00,2.858000040054321289e+00,2.860000133514404297e+00,2.845000028610229492e+00,2.835000038146972656e+00,2.865000247955322266e+00,2.898000240325927734e+00,2.948000192642211914e+00,3.005000114440917969e+00,3.030000209808349609e+00,3.035000085830688477e+00,3.043000221252441406e+00,3.025000095367431641e+00,2.993000030517578125e+00,2.955000162124633789e+00,2.878000020980834961e+00,2.795000076293945312e+00,2.673000097274780273e+00,2.555000066757202148e+00,2.393000125885009766e+00,2.243000030517578125e+00,2.080000162124633789e+00,1.968000054359436035e+00,1.890000104904174805e+00,1.838000059127807617e+00,1.810000061988830566e+00,1.825000047683715820e+00,1.903000116348266602e+00,2.060000181198120117e+00,2.290000200271606445e+00,2.583000183105468750e+00,2.903000116348266602e+00,3.238000154495239258e+00,3.543000221252441406e+00,3.828000068664550781e+00,4.088000297546386719e+00,4.298000335693359375e+00,4.445000171661376953e+00,4.530000209808349609e+00,4.525000095367431641e+00,4.465000152587890625e+00,4.343000411987304688e+00,4.210000038146972656e+00,4.060000419616699219e+00,3.908000230789184570e+00,3.768000125885009766e+00,3.628000259399414062e+00,3.540000200271606445e+00,3.478000164031982422e+00,3.448000192642211914e+00,3.473000049591064453e+00,3.470000267028808594e+00,3.460000276565551758e+00,3.398000240325927734e+00,3.310000181198120117e+00,3.203000068664550781e+00,3.085000038146972656e+00,2.950000047683715820e+00,2.830000162124633789e+00,2.760000228881835938e+00,2.768000125885009766e+00,2.833000183105468750e+00,2.978000164031982422e+00,3.183000087738037109e+00,3.403000116348266602e+00,3.630000114440917969e+00,3.890000104904174805e+00,4.105000019073486328e+00,4.370000362396240234e+00,4.630000114440917969e+00,4.883000373840332031e+00,5.115000247955322266e+00,5.325000286102294922e+00,5.515000343322753906e+00,5.673000335693359375e+00,5.825000286102294922e+00,5.935000419616699219e+00,5.993000507354736328e+00,5.995000362396240234e+00,5.970000267028808594e+00,5.930000305175781250e+00,5.885000228881835938e+00,5.858000278472900391e+00,5.850000381469726562e+00,5.850000381469726562e+00,5.860000133514404297e+00,5.875000476837158203e+00,5.908000469207763672e+00,5.915000438690185547e+00,5.935000419616699219e+00,5.998000144958496094e+00,6.108000278472900391e+00,6.255000114440917969e+00,6.473000526428222656e+00,6.693000316619873047e+00,6.908000469207763672e+00,7.073000431060791016e+00,7.175000190734863281e+00,7.243000507354736328e+00,7.300000190734863281e+00,7.368000507354736328e+00,7.450000286102294922e+00,7.530000209808349609e+00,7.613000392913818359e+00,7.670000553131103516e+00,7.753000259399414062e+00,7.860000610351562500e+00,7.938000202178955078e+00,8.028000831604003906e+00,8.138000488281250000e+00,8.258000373840332031e+00,8.375000000000000000e+00,8.503000259399414062e+00,8.620000839233398438e+00,8.738000869750976562e+00,8.805000305175781250e+00,8.798000335693359375e+00,8.688000679016113281e+00,8.553000450134277344e+00,8.360000610351562500e+00,8.185000419616699219e+00,8.030000686645507812e+00,7.913000583648681641e+00,7.788000583648681641e+00,7.645000457763671875e+00,7.510000228881835938e+00,7.433000564575195312e+00,7.463000297546386719e+00,7.595000267028808594e+00,7.853000164031982422e+00,8.164999961853027344e+00,8.513000488281250000e+00,8.798000335693359375e+00,9.010000228881835938e+00,9.143000602722167969e+00,9.200000762939453125e+00,9.175000190734863281e+00,9.090000152587890625e+00,8.935000419616699219e+00,8.818000793457031250e+00,8.728000640869140625e+00,8.633000373840332031e+00,8.558000564575195312e+00,8.488000869750976562e+00,8.447999954223632812e+00,8.450000762939453125e+00,8.490000724792480469e+00,8.525000572204589844e+00,8.570000648498535156e+00,8.635000228881835938e+00,8.675000190734863281e+00,8.703000068664550781e+00,8.673000335693359375e+00,8.650000572204589844e+00,8.630000114440917969e+00,8.623000144958496094e+00,8.628000259399414062e+00,8.657999992370605469e+00,8.664999961853027344e+00,8.628000259399414062e+00,8.633000373840332031e+00,8.623000144958496094e+00,8.568000793457031250e+00,8.500000000000000000e+00,8.413000106811523438e+00,8.329999923706054688e+00,8.233000755310058594e+00,8.138000488281250000e+00,8.043000221252441406e+00,7.988000392913818359e+00,7.965000152587890625e+00,7.945000171661376953e+00,7.958000183105468750e+00,7.975000381469726562e+00,8.008000373840332031e+00,8.048000335693359375e+00,8.065000534057617188e+00,8.039999961853027344e+00,7.998000144958496094e+00,7.920000553131103516e+00,7.863000392913818359e+00,7.798000335693359375e+00,7.720000267028808594e+00,7.633000373840332031e+00,7.510000228881835938e+00,7.398000240325927734e+00,7.248000144958496094e+00,7.113000392913818359e+00,6.988000392913818359e+00,6.908000469207763672e+00,6.888000488281250000e+00,6.893000125885009766e+00,6.933000564575195312e+00,7.023000240325927734e+00,7.138000488281250000e+00,7.233000278472900391e+00,7.315000534057617188e+00,7.363000392913818359e+00,7.365000247955322266e+00,7.328000545501708984e+00,7.338000297546386719e+00,7.293000221252441406e+00,7.280000209808349609e+00,7.260000228881835938e+00,7.228000164031982422e+00,7.190000534057617188e+00,7.175000190734863281e+00,7.140000343322753906e+00,7.108000278472900391e+00,7.040000438690185547e+00,6.973000526428222656e+00,6.935000419616699219e+00,6.885000228881835938e+00,6.878000259399414062e+00,6.878000259399414062e+00,6.860000133514404297e+00,6.835000514984130859e+00,6.833000183105468750e+00,6.835000514984130859e+00,6.850000381469726562e+00,6.875000476837158203e+00,6.885000228881835938e+00,6.905000209808349609e+00,6.893000125885009766e+00,6.918000221252441406e+00,6.943000316619873047e+00,7.045000553131103516e+00,7.203000545501708984e+00,7.428000450134277344e+00,7.700000286102294922e+00,8.079999923706054688e+00,8.295000076293945312e+00,8.410000801086425781e+00,8.380000114440917969e+00,8.125000000000000000e+00,1.000000020040877343e+20,1.000000020040877343e+20,1.000000020040877343e+20,1.000000020040877343e+20,1.000000020040877343e+20,7.138000488281250000e+00,7.103000164031982422e+00,7.063000202178955078e+00,6.998000144958496094e+00,6.955000400543212891e+00,6.905000209808349609e+00,6.828000545501708984e+00,6.723000526428222656e+00,6.558000087738037109e+00,6.348000526428222656e+00,6.110000133514404297e+00,5.848000049591064453e+00,5.580000400543212891e+00,5.345000267028808594e+00,5.115000247955322266e+00,4.915000438690185547e+00,4.728000164031982422e+00,4.565000057220458984e+00,4.438000202178955078e+00,4.293000221252441406e+00,4.105000019073486328e+00,3.888000249862670898e+00,3.620000123977661133e+00,3.345000267028808594e+00,3.030000209808349609e+00,2.743000030517578125e+00,2.520000219345092773e+00,2.350000143051147461e+00,2.248000144958496094e+00,2.198000192642211914e+00,2.157999992370605469e+00,2.130000114440917969e+00,2.108000040054321289e+00,2.068000078201293945e+00,2.005000114440917969e+00,1.935000061988830566e+00,1.863000035285949707e+00,1.868000030517578125e+00,1.918000102043151855e+00,2.018000125885009766e+00,2.188000202178955078e+00,2.343000173568725586e+00,2.508000135421752930e+00,2.608000040054321289e+00,2.675000190734863281e+00,2.690000057220458984e+00,2.705000162124633789e+00,2.690000057220458984e+00,2.663000106811523438e+00,2.643000125885009766e+00,2.638000011444091797e+00,2.613000154495239258e+00,2.578000068664550781e+00,2.490000009536743164e+00,2.365000009536743164e+00,2.208000183105468750e+00,1.998000144958496094e+00,1.788000106811523438e+00,1.598000049591064453e+00,1.385000109672546387e+00,1.188000082969665527e+00,1.053000092506408691e+00,9.780000448226928711e-01,1.003000020980834961e+00,1.085000038146972656e+00,1.218000054359436035e+00,1.335000038146972656e+00,1.425000071525573730e+00,1.515000104904174805e+00
7.130000591278076172e-01,7.650000452995300293e-01,7.830000519752502441e-01,8.080000281333923340e-01,8.450000286102294922e-01,8.600000143051147461e-01,8.580000400543212891e-01,8.150000572204589844e-01,7.630000114440917969e-01,6.950000524520874023e-01,6.200000047683715820e-01,5.080000162124633789e-01,4.280000329017639160e-01,3.930000066757202148e-01,4.150000214576721191e-01,4.900000095367431641e-01,5.750000476837158203e-01,6.230000257492065430e-01,6.380000114440917969e-01,5.830000042915344238e-01,5.080000162124633789e-01,4.500000178813934326e-01,4.400000274181365967e-01,4.730000197887420654e-01,5.750000476837158203e-01,7.380000352859497070e-01,9.330000281333923340e-01,1.133000016212463379e+00,1.298000097274780273e+00,1.455000042915344238e+00,1.578000068664550781e+00,1.683000087738037109e+00,1.775000095367431641e+00,1.863000035285949707e+00,1.943000078201293945e+00,2.008000135421752930e+00,2.045000076293945312e+00,2.048000097274780273e+00,2.003000020980834961e+00,1.905000090599060059e+00,1.788000106811523438e+00,1.673000097274780273e+00,1.585000038146972656e+00,1.538000106811523438e+00,1.550000071525573730e+00,1.625000119209289551e+00,1.733000040054321289e+00,1.893000125885009766e+00,2.023000001907348633e+00,2.140000104904174805e+00,2.230000019073486328e+00,2.282999992370605469e+00,2.330000162124633789e+00,2.348000049591064453e+00,2.345000028610229492e+00,2.368000030517578125e+00,2.425000190734863281e+00,2.480000019073486328e+00,2.560000181198120117e+00,2.630000114440917969e+00,2.670000076293945312e+00,2.685000181198120117e+00,2.703000068664550781e+00,2.668000221252441406e+00,2.615000009536743164e+00,2.565000057220458984e+00,2.520000219345092773e+00,2.453000068664550781e+00,2.388000011444091797e+00,2.310000181198120117e+00,2.215000152587890625e+00,2.083000183105468750e+00,1.958000063896179199e+00,1.813000082969665527e+00,1.660000085830688477e+00,1.505000114440917969e+00,1.370000123977661133e+00,1.275000095367431641e+00,1.255000114440917969e+00,1.320000052452087402e+00,1.458000063896179199e+00,1.653000116348266602e+00,1.883000135421752930e+00,2.125000000000000000e+00,2.398000001907348633e+00,2.688000202178955078e+00,2.925000190734863281e+00,3.113000154495239258e+00,3.253000259399414062e+00,3.328000068664550781e+00,3.373000144958496094e+00,3.368000268936157227e+00,3.325000047683715820e+00,3.255000114440917969e+00,3.135000228881835938e+00,3.045000076293945312e+00,2.943000078201293945e+00,2.813000202178955078e+00,2.730000019073486328e+00,2.668000221252441406e+00,2.630000114440917969e+00,2.628000020980834961e+00,2.645000219345092773e+00,2.648000240325927734e+00,2.658000230789184570e+00,2.628000020980834961e+00,2.583000183105468750e+00,2.503000020980834961e+00,2.388000011444091797e+00,2.305000066757202148e+00,2.255000114440917969e+00,2.230000019073486328e+00,2.298000097274780273e+00,2.420000076293945312e+00,2.595000028610229492e+00,2.810000181198120117e+00,3.053000211715698242e+00,3.303000211715698242e+00,3.505000114440917969e+00,3.728000164031982422e+00,3.968000173568725586e+00,4.205000400543212891e+00,4.413000106811523438e+00,4.595000267028808594e+00,4.743000030517578125e+00,4.870000362396240234e+00,4.958000183105468750e+00,5.043000221252441406e+00,5.113000392913818359e+00,5.143000125885009766e+00,5.163000106811523438e+00,5.188000202178955078e+00,5.230000019073486328e+00,5.245000362396240234e+00,5.243000030517578125e+00,5.240000247955322266e+00,5.198000431060791016e+00,5.113000392913818359e+00,5.010000228881835938e+00,4.890000343322753906e+00,4.785000324249267578e+00,4.753000259399414062e+00,4.800000190734863281e+00,4.945000171661376953e+00,5.175000190734863281e+00,5.463000297546386719e+00,5.750000476837158203e+00,6.013000488281250000e+00,6.243000507354736328e+00,6.420000076293945312e+00,6.590000152587890625e+00,6.693000316619873047e+00,6.798000335693359375e+00,6.898000240325927734e+00,6.958000183105468750e+00,7.023000240325927734e+00,7.080000400543212891e+00,7.158000469207763672e+00,7.268000125885009766e+00,7.420000553131103516e+00,7.580000400543212891e+00,7.788000583648681641e+00,8.023000717163085938e+00,8.225000381469726562e+00,8.450000762939453125e+00,8.633000373840332031e+00,8.743000030517578125e+00,8.735000610351562500e+00,8.615000724792480469e+00,8.385000228881835938e+00,8.135000228881835938e+00,7.895000457763671875e+00,7.698000431060791016e+00,7.548000335693359375e+00,7.430000305175781250e+00,7.333000183105468750e+00,7.305000305175781250e+00,7.320000171661376953e+00,7.440000534057617188e+00,7.630000591278076172e+00,7.910000324249267578e+00,8.230000495910644531e+00,8.510000228881835938e+00,8.718000411987304688e+00,8.793000221252441406e+00,8.780000686645507812e+00,8.705000877380371094e+00,8.530000686645507812e+00,8.365000724792480469e+00,8.213000297546386719e+00,8.068000793457031250e+00,7.935000419616699219e+00,7.853000164031982422e+00,7.773000240325927734e+00,7.700000286102294922e+00,7.668000221252441406e+00,7.658000469207763672e+00,7.668000221252441406e+00,7.708000183105468750e+00,7.763000488281250000e+00,7.800000190734863281e+00,7.825000286102294922e+00,7.840000152587890625e+00,7.813000202178955078e+00,7.788000583648681641e+00,7.770000457763671875e+00,7.760000228881835938e+00,7.790000438690185547e+00,7.760000228881835938e+00,7.765000343322753906e+00,7.768000602722167969e+00,7.740000247955322266e+00,7.755000591278076172e+00,7.768000602722167969e+00,7.793000221252441406e+00,7.803000450134277344e+00,7.773000240325927734e+00,7.695000171661376953e+00,7.620000362396240234e+00,7.525000572204589844e+00,7.393000125885009766e+00,7.303000450134277344e+00,7.243000507354736328e+00,7.220000267028808594e+00,7.230000495910644531e+00,7.290000438690185547e+00,7.368000507354736328e+00,7.455000400543212891e+00,7.528000354766845703e+00,7.560000419616699219e+00,7.578000545501708984e+00,7.588000297546386719e+00,7.575000286102294922e+00,7.530000209808349609e+00,7.428000450134277344e+00,7.310000419616699219e+00,7.190000534057617188e+00,7.048000335693359375e+00,6.903000354766845703e+00,6.758000373840332031e+00,6.628000259399414062e+00,6.548000335693359375e+00,6.560000419616699219e+00,6.623000144958496094e+00,6.735000133514404297e+00,6.873000144958496094e+00,6.983000278472900391e+00,7.058000564575195312e+00,7.123000144958496094e+00,7.108000278472900391e+00,7.060000419616699219e+00,7.003000259399414062e+00,7.023000240325927734e+00,6.965000152587890625e+00,6.955000400543212891e+00,6.925000190734863281e+00,6.908000469207763672e+00,6.893000125885009766e+00,6.895000457763671875e+00,6.878000259399414062e+00,6.838000297546386719e+00,6.780000209808349609e+00,6.705000400543212891e+00,6.668000221252441406e+00,6.605000495910644531e+00,6.630000114440917969e+00,6.590000152587890625e+00,6.603000164031982422e+00,6.583000183105468750e+00,6.573000431060791016e+00,6.565000534057617188e+00,6.563000202178955078e+00,6.568000316619873047e+00,6.543000221252441406e+00,6.545000076293945312e+00,6.578000545501708984e+00,6.625000476837158203e+00,6.723000526428222656e+00,6.888000488281250000e+00,7.105000495910644531e+00,7.388000488281250000e+00,7.640000343322753906e+00,7.845000267028808594e+00,7.958000183105468750e+00,7.938000202178955078e+00,7.840000152587890625e+00,1.000000020040877343e+20,1.000000020040877343e+20,1.000000020040877343e+20,1.000000020040877343e+20,1.000000020040877343e+20,7.088000297546386719e+00,6.965000152587890625e+00,6.828000545501708984e+00,6.680000305175781250e+00,6.570000171661376953e+00,6.478000164031982422e+00,6.398000240325927734e+00,6.333000183105468750e+00,6.233000278472900391e+00,6.103000164031982422e+00,5.928000450134277344e+00,5.715000152587890625e+00,5.465000152587890625e+00,5.210000038146972656e+00,4.950000286102294922e+00,4.705000400543212891e+00,4.468000411987304688e+00,4.220000267028808594e+00,3.995000123977661133e+00,3.783000230789184570e+00,3.535000085830688477e+00,3.275000095367431641e+00,2.985000133514404297e+00,2.703000068664550781e+00,2.415000200271606445e+00,2.148000001907348633e+00,1.938000082969665527e+00,1.813000082969665527e+00,1.735000133514404297e+00,1.678000092506408691e+00,1.645000100135803223e+00,1.615000128746032715e+00,1.545000076293945312e+00,1.495000123977661133e+00,1.395000100135803223e+00,1.278000116348266602e+00,1.178000092506408691e+00,1.133000016212463379e+00,1.145000100135803223e+00,1.243000030517578125e+00,1.405000090599060059e+00,1.585000038146972656e+00,1.735000133514404297e+00,1.893000125885009766e+00,2.040000200271606445e+00,2.150000095367431641e+00,2.230000019073486328e+00,2.228000164031982422e+00,2.180000066757202148e+00,2.120000123977661133e+00,2.048000097274780273e+00,1.948000073432922363e+00,1.838000059127807617e+00,1.738000035285949707e+00,1.605000019073486328e+00,1.450000047683715820e+00,1.278000116348266602e+00,1.103000044822692871e+00,9.400000572204589844e-01,7.700000405311584473e-01,6.250000000000000000e-01,5.180000066757202148e-01,4.330000281333923340e-01,4.200000166893005371e-01,4.480000138282775879e-01,5.000000000000000000e-01,5.600000023841857910e-01,6.280000209808349609e-01,6.830000281333923340e-01
6.000000238418579102e-02,9.000000357627868652e-02,7.300000637769699097e-02,6.500000506639480591e-02,8.000000566244125366e-02,8.000000566244125366e-02,6.300000101327896118e-02,5.000000074505805969e-02,-2.000000094994902611e-03,-5.700000375509262085e-02,-1.220000088214874268e-01,-1.820000112056732178e-01,-1.850000023841857910e-01,-1.700000017881393433e-01,-1.170000061392784119e-01,-7.000000216066837311e-03,9.800000488758087158e-02,1.630000025033950806e-01,1.800000071525573730e-01,1.480000019073486328e-01,1.100000068545341492e-01,1.000000014901161194e-01,1.050000041723251343e-01,1.880000084638595581e-01,3.130000233650207520e-01,4.880000352859497070e-01,6.580000519752502441e-01,8.680000305175781250e-01,1.030000090599060059e+00,1.185000061988830566e+00,1.320000052452087402e+00,1.448000073432922363e+00,1.548000097274780273e+00,1.650000095367431641e+00,1.730000138282775879e+00,1.793000102043151855e+00,1.843000054359436035e+00,1.838000059127807617e+00,1.798000097274780273e+00,1.693000078201293945e+00,1.588000059127807617e+00,1.435000061988830566e+00,1.328000068664550781e+00,1.243000030517578125e+00,1.210000038146972656e+00,1.225000023841857910e+00,1.295000076293945312e+00,1.408000111579895020e+00,1.545000076293945312e+00,1.678000092506408691e+00,1.775000095367431641e+00,1.863000035285949707e+00,1.940000057220458984e+00,1.970000147819519043e+00,2.018000125885009766e+00,2.055000066757202148e+00,2.108000040054321289e+00,2.168000221252441406e+00,2.248000144958496094e+00,2.298000097274780273e+00,2.360000133514404297e+00,2.388000011444091797e+00,2.393000125885009766e+00,2.360000133514404297e+00,2.308000087738037109e+00,2.275000095367431641e+00,2.228000164031982422e+00,2.188000202178955078e+00,2.173000097274780273e+00,2.128000020980834961e+00,2.100000143051147461e+00,2.009999990463256836e+00,1.875000119209289551e+00,1.718000054359436035e+00,1.530000090599060059e+00,1.318000078201293945e+00,1.128000020980834961e+00,9.730000495910644531e-01,9.000000357627868652e-01,9.230000376701354980e-01,9.730000495910644531e-01,1.075000047683715820e+00,1.225000023841857910e+00,1.375000119209289551e+00,1.578000068664550781e+00,1.798000097274780273e+00,1.983000040054321289e+00,2.134999990463256836e+00,2.248000144958496094e+00,2.310000181198120117e+00,2.365000009536743164e+00,2.408000230789184570e+00,2.408000230789184570e+00,2.380000114440917969e+00,2.323000192642211914e+00,2.233000040054321289e+00,2.153000116348266602e+00,2.078000068664550781e+00,2.005000114440917969e+00,1.948000073432922363e+00,1.920000076293945312e+00,1.893000125885009766e+00,1.905000090599060059e+00,1.903000116348266602e+00,1.920000076293945312e+00,1.943000078201293945e+00,1.965000152587890625e+00,1.978000044822692871e+00,1.965000152587890625e+00,1.945000052452087402e+00,1.945000052452087402e+00,1.975000143051147461e+00,2.045000076293945312e+00,2.163000106811523438e+00,2.318000078201293945e+00,2.488000154495239258e+00,2.708000183105468750e+00,2.905000209808349609e+00,3.083000183105468750e+00,3.250000238418579102e+00,3.415000200271606445e+00,3.580000162124633789e+00,3.710000276565551758e+00,3.878000259399414062e+00,4.000000000000000000e+00,4.115000247955322266e+00,4.198000431060791016e+00,4.268000125885009766e+00,4.323000431060791016e+00,4.383000373840332031e+00,4.443000316619873047e+00,4.505000114440917969e+00,4.580000400543212891e+00,4.645000457763671875e+00,4.685000419616699219e+00,4.665000438690185547e+00,4.573000431060791016e+00,4.440000057220458984e+00,4.250000000000000000e+00,4.032999992370605469e+00,3.835000276565551758e+00,3.713000059127807617e+00,3.673000097274780273e+00,3.773000240325927734e+00,3.953000068664550781e+00,4.200000286102294922e+00,4.500000000000000000e+00,4.815000057220458984e+00,5.135000228881835938e+00,5.430000305175781250e+00,5.683000087738037109e+00,5.873000144958496094e+00,6.045000076293945312e+00,6.170000076293945312e+00,6.253000259399414062e+00,6.290000438690185547e+00,6.323000431060791016e+00,6.358000278472900391e+00,6.465000152587890625e+00,6.633000373840332031e+00,6.858000278472900391e+00,7.148000240325927734e+00,7.468000411987304688e+00,7.770000457763671875e+00,8.060000419616699219e+00,8.298000335693359375e+00,8.435000419616699219e+00,8.450000762939453125e+00,8.353000640869140625e+00,8.128000259399414062e+00,7.855000495910644531e+00,7.550000190734863281e+00,7.288000583648681641e+00,7.103000164031982422e+00,6.995000362396240234e+00,6.960000514984130859e+00,7.010000228881835938e+00,7.123000144958496094e+00,7.285000324249267578e+00,7.540000438690185547e+00,7.828000545501708984e+00,8.110000610351562500e+00,8.320000648498535156e+00,8.418000221252441406e+00,8.418000221252441406e+00,8.315000534057617188e+00,8.123000144958496094e+00,7.875000476837158203e+00,7.640000343322753906e+00,7.455000400543212891e+00,7.308000564575195312e+00,7.195000171661376953e+00,7.063000202178955078e+00,6.968000411987304688e+00,6.883000373840332031e+00,6.850000381469726562e+00,6.833000183105468750e+00,6.835000514984130859e+00,6.830000400543212891e+00,6.845000267028808594e+00,6.858000278472900391e+00,6.878000259399414062e+00,6.890000343322753906e+00,6.868000507354736328e+00,6.810000419616699219e+00,6.758000373840332031e+00,6.703000545501708984e+00,6.695000171661376953e+00,6.638000488281250000e+00,6.553000450134277344e+00,6.473000526428222656e+00,6.448000431060791016e+00,6.493000507354736328e+00,6.583000183105468750e+00,6.670000553131103516e+00,6.770000457763671875e+00,6.820000171661376953e+00,6.843000411987304688e+00,6.833000183105468750e+00,6.775000095367431641e+00,6.705000400543212891e+00,6.603000164031982422e+00,6.483000278472900391e+00,6.428000450134277344e+00,6.375000476837158203e+00,6.373000144958496094e+00,6.443000316619873047e+00,6.553000450134277344e+00,6.675000190734863281e+00,6.810000419616699219e+00,6.975000381469726562e+00,7.085000514984130859e+00,7.110000133514404297e+00,7.108000278472900391e+00,7.080000400543212891e+00,7.005000114440917969e+00,6.918000221252441406e+00,6.810000419616699219e+00,6.655000209808349609e+00,6.513000488281250000e+00,6.385000228881835938e+00,6.313000202178955078e+00,6.325000286102294922e+00,6.398000240325927734e+00,6.510000228881835938e+00,6.635000228881835938e+00,6.768000125885009766e+00,6.835000514984130859e+00,6.868000507354736328e+00,6.865000247955322266e+00,6.850000381469726562e+00,6.828000545501708984e+00,6.788000106811523438e+00,6.725000381469726562e+00,6.695000171661376953e+00,6.650000095367431641e+00,6.608000278472900391e+00,6.585000514984130859e+00,6.543000221252441406e+00,6.510000228881835938e+00,6.490000247955322266e+00,6.478000164031982422e+00,6.440000534057617188e+00,6.435000419616699219e+00,6.395000457763671875e+00,6.408000469207763672e+00,6.395000457763671875e+00,6.390000343322753906e+00,6.360000133514404297e+00,6.333000183105468750e+00,6.330000400543212891e+00,6.320000171661376953e+00,6.303000450134277344e+00,6.288000106811523438e+00,6.283000469207763672e+00,6.280000209808349609e+00,6.300000190734863281e+00,6.365000247955322266e+00,6.508000373840332031e+00,6.680000305175781250e+00,6.908000469207763672e+00,7.128000259399414062e+00,7.323000431060791016e+00,7.433000564575195312e+00,7.465000152587890625e+00,7.440000534057617188e+00,7.260000228881835938e+00,1.000000020040877343e+20,1.000000020040877343e+20,6.983000278472900391e+00,1.000000020040877343e+20,1.000000020040877343e+20,6.840000152587890625e+00,6.630000114440917969e+00,6.458000183105468750e+00,6.285000324249267578e+00,6.118000507354736328e+00,5.970000267028808594e+00,5.883000373840332031e+00,5.795000076293945312e+00,5.708000183105468750e+00,5.605000495910644531e+00,5.448000431060791016e+00,5.268000125885009766e+00,5.055000305175781250e+00,4.815000057220458984e+00,4.558000087738037109e+00,4.300000190734863281e+00,4.055000305175781250e+00,3.798000097274780273e+00,3.548000097274780273e+00,3.270000219345092773e+00,2.988000154495239258e+00,2.675000190734863281e+00,2.355000019073486328e+00,2.042999982833862305e+00,1.803000092506408691e+00,1.590000033378601074e+00,1.455000042915344238e+00,1.378000020980834961e+00,1.338000059127807617e+00,1.293000102043151855e+00,1.260000109672546387e+00,1.223000049591064453e+00,1.129999995231628418e+00,1.003000020980834961e+00,8.700000643730163574e-01,7.350000143051147461e-01,6.530000567436218262e-01,6.530000567436218262e-01,6.780000329017639160e-01,7.750000357627868652e-01,9.230000376701354980e-01,1.090000033378601074e+00,1.263000011444091797e+00,1.438000082969665527e+00,1.580000042915344238e+00,1.678000092506408691e+00,1.705000042915344238e+00,1.693000078201293945e+00,1.608000040054321289e+00,1.495000123977661133e+00,1.360000014305114746e+00,1.225000023841857910e+00,1.108000040054321289e+00,9.950000643730163574e-01,8.430000543594360352e-01,7.030000090599060059e-01,5.780000090599060059e-01,4.250000119209289551e-01,2.900000214576721191e-01,1.530000120401382446e-01,4.300000146031379700e-02,-7.000000216066837311e-03,-2.000000141561031342e-02,-1.200000010430812836e-02,-1.700000092387199402e-02,3.000000026077032089e-03,1.000000070780515671e-02,4.000000283122062683e-02
-3.600000143051147461e-01,-3.620000183582305908e-01,-3.920000195503234863e-01,-4.370000064373016357e-01,-4.600000083446502686e-01,-4.650000333786010742e-01,-4.620000123977661133e-01,-4.420000314712524414e-01,-4.570000171661376953e-01,-4.770000278949737549e-01,-5.070000290870666504e-01,-5.070000290870666504e-01,-4.870000183582305908e-01,-4.300000071525573730e-01,-3.570000231266021729e-01,-2.770000100135803223e-01,-1.850000023841857910e-01,-1.220000088214874268e-01,-8.700000494718551636e-02,-1.050000041723251343e-01,-1.220000088214874268e-01,-9.000000357627868652e-02,-3.700000047683715820e-02,8.800000697374343872e-02,2.300000041723251343e-01,3.850000202655792236e-01,5.800000429153442383e-01,7.630000114440917969e-01,9.350000619888305664e-01,1.070000052452087402e+00,1.165000081062316895e+00,1.268000006675720215e+00,1.363000035285949707e+00,1.425000071525573730e+00,1.470000028610229492e+00,1.508000016212463379e+00,1.545000076293945312e+00,1.540000081062316895e+00,1.483000040054321289e+00,1.405000090599060059e+00,1.268000006675720215e+00,1.152999997138977051e+00,1.048000097274780273e+00,9.700000286102294922e-01,9.280000329017639160e-01,9.300000667572021484e-01,9.980000257492065430e-01,1.080000042915344238e+00,1.205000042915344238e+00,1.333000063896179199e+00,1.430000066757202148e+00,1.515000104904174805e+00,1.608000040054321289e+00,1.663000106811523438e+00,1.715000033378601074e+00,1.768000125885009766e+00,1.838000059127807617e+00,1.905000090599060059e+00,1.943000078201293945e+00,1.978000044822692871e+00,2.008000135421752930e+00,2.032999992370605469e+00,2.050000190734863281e+00,2.050000190734863281e+00,2.023000001907348633e+00,2.005000114440917969e+00,1.985000133514404297e+00,1.970000147819519043e+00,1.963000059127807617e+00,1.953000068664550781e+00,1.918000102043151855e+00,1.863000035285949707e+00,1.740000128746032715e+00,1.600000023841857910e+00,1.428000092506408691e+00,1.228000044822692871e+00,1.032999992370605469e+00,8.730000257492065430e-01,7.450000643730163574e-01,6.930000185966491699e-01,6.900000572204589844e-01,7.480000257492065430e-01,8.180000185966491699e-01,9.480000734329223633e-01,1.123000025749206543e+00,1.315000057220458984e+00,1.473000049591064453e+00,1.620000123977661133e+00,1.685000061988830566e+00,1.735000133514404297e+00,1.770000100135803223e+00,1.770000100135803223e+00,1.758000135421752930e+00,1.728000044822692871e+00,1.678000092506408691e+00,1.625000119209289551e+00,1.568000078201293945e+00,1.523000121116638184e+00,1.475000023841857910e+00,1.408000111579895020e+00,1.375000119209289551e+00,1.343000054359436035e+00,1.328000068664550781e+00,1.345000028610229492e+00,1.403000116348266602e+00,1.453000068664550781e+00,1.520000100135803223e+00,1.590000033378601074e+00,1.665000081062316895e+00,1.713000059127807617e+00,1.765000104904174805e+00,1.860000133514404297e+00,1.953000068664550781e+00,2.083000183105468750e+00,2.203000068664550781e+00,2.348000049591064453e+00,2.495000123977661133e+00,2.678000211715698242e+00,2.818000078201293945e+00,2.933000087738037109e+00,3.020000219345092773e+00,3.105000257492065430e+00,3.193000078201293945e+00,3.263000249862670898e+00,3.350000143051147461e+00,3.440000057220458984e+00,3.535000085830688477e+00,3.615000247955322266e+00,3.690000057220458984e+00,3.758000135421752930e+00,3.843000173568725586e+00,3.908000230789184570e+00,3.978000164031982422e+00,4.032999992370605469e+00,4.103000164031982422e+00,4.100000381469726562e+00,4.035000324249267578e+00,3.895000219345092773e+00,3.700000286102294922e+00,3.468000173568725586e+00,3.208000183105468750e+00,3.005000114440917969e+00,2.855000019073486328e+00,2.825000047683715820e+00,2.923000097274780273e+00,3.080000162124633789e+00,3.353000164031982422e+00,3.665000200271606445e+00,3.988000154495239258e+00,4.323000431060791016e+00,4.628000259399414062e+00,4.918000221252441406e+00,5.155000209808349609e+00,5.345000267028808594e+00,5.435000419616699219e+00,5.473000049591064453e+00,5.445000171661376953e+00,5.423000335693359375e+00,5.450000286102294922e+00,5.588000297546386719e+00,5.840000152587890625e+00,6.138000488281250000e+00,6.505000114440917969e+00,6.908000469207763672e+00,7.263000488281250000e+00,7.580000400543212891e+00,7.808000564575195312e+00,7.883000373840332031e+00,7.843000411987304688e+00,7.678000450134277344e+00,7.465000152587890625e+00,7.198000431060791016e+00,6.935000419616699219e+00,6.723000526428222656e+00,6.588000297546386719e+00,6.555000305175781250e+00,6.605000495910644531e+00,6.733000278472900391e+00,6.923000335693359375e+00,7.135000228881835938e+00,7.393000125885009766e+00,7.590000152587890625e+00,7.718000411987304688e+00,7.778000354766845703e+00,7.708000183105468750e+00,7.578000545501708984e+00,7.385000228881835938e+00,7.168000221252441406e+00,6.945000171661376953e+00,6.750000476837158203e+00,6.590000152587890625e+00,6.475000381469726562e+00,6.355000495910644531e+00,6.238000392913818359e+00,6.145000457763671875e+00,6.095000267028808594e+00,6.030000209808349609e+00,6.013000488281250000e+00,5.988000392913818359e+00,5.960000514984130859e+00,5.933000087738037109e+00,5.935000419616699219e+00,5.888000488281250000e+00,5.810000419616699219e+00,5.730000495910644531e+00,5.665000438690185547e+00,5.555000305175781250e+00,5.470000267028808594e+00,5.348000049591064453e+00,5.193000316619873047e+00,5.050000190734863281e+00,4.963000297546386719e+00,4.983000278472900391e+00,5.078000068664550781e+00,5.218000411987304688e+00,5.398000240325927734e+00,5.540000438690185547e+00,5.648000240325927734e+00,5.745000362396240234e+00,5.758000373840332031e+00,5.743000507354736328e+00,5.655000209808349609e+00,5.573000431060791016e+00,5.450000286102294922e+00,5.368000030517578125e+00,5.358000278472900391e+00,5.440000057220458984e+00,5.595000267028808594e+00,5.763000488281250000e+00,5.933000087738037109e+00,6.138000488281250000e+00,6.300000190734863281e+00,6.403000354766845703e+00,6.493000507354736328e+00,6.488000392913818359e+00,6.478000164031982422e+00,6.475000381469726562e+00,6.458000183105468750e+00,6.398000240325927734e+00,6.283000469207763672e+00,6.200000286102294922e+00,6.155000209808349609e+00,6.170000076293945312e+00,6.180000305175781250e+00,6.250000476837158203e+00,6.328000068664550781e+00,6.430000305175781250e+00,6.505000114440917969e+00,6.525000095367431641e+00,6.473000526428222656e+00,6.463000297546386719e+00,6.418000221252441406e+00,6.428000450134277344e+00,6.423000335693359375e+00,6.400000095367431641e+00,6.343000411987304688e+00,6.295000076293945312e+00,6.235000133514404297e+00,6.225000381469726562e+00,6.203000068664550781e+00,6.218000411987304688e+00,6.198000431060791016e+00,6.215000152587890625e+00,6.240000247955322266e+00,6.230000495910644531e+00,6.248000144958496094e+00,6.198000431060791016e+00,6.188000202178955078e+00,6.145000457763671875e+00,6.145000457763671875e+00,6.113000392913818359e+00,6.095000267028808594e+00,6.080000400543212891e+00,6.065000057220458984e+00,6.060000419616699219e+00,6.058000087738037109e+00,6.068000316619873047e+00,6.108000278472900391e+00,6.203000068664550781e+00,6.320000171661376953e+00,6.488000392913818359e+00,6.665000438690185547e+00,6.818000316619873047e+00,6.905000209808349609e+00,6.975000381469726562e+00,6.995000362396240234e+00,7.025000095367431641e+00,6.973000526428222656e+00,6.938000202178955078e+00,6.905000209808349609e+00,1.000000020040877343e+20,1.000000020040877343e+20,1.000000020040877343e+20,6.480000495910644531e+00,6.300000190734863281e+00,6.063000202178955078e+00,5.835000514984130859e+00,5.610000133514404297e+00,5.443000316619873047e+00,5.318000316619873047e+00,5.188000202178955078e+00,5.068000316619873047e+00,4.945000171661376953e+00,4.782999992370605469e+00,4.615000247955322266e+00,4.415000438690185547e+00,4.185000419616699219e+00,3.933000087738037109e+00,3.670000076293945312e+00,3.398000240325927734e+00,3.108000040054321289e+00,2.810000181198120117e+00,2.528000116348266602e+00,2.225000143051147461e+00,1.918000102043151855e+00,1.645000100135803223e+00,1.425000071525573730e+00,1.260000109672546387e+00,1.148000001907348633e+00,1.083000063896179199e+00,1.053000092506408691e+00,1.050000071525573730e+00,1.038000106811523438e+00,1.023000001907348633e+00,9.380000233650207520e-01,8.030000329017639160e-01,6.280000209808349609e-01,4.730000197887420654e-01,3.450000286102294922e-01,2.680000066757202148e-01,2.430000156164169312e-01,2.480000108480453491e-01,3.180000185966491699e-01,4.530000090599060059e-01,6.200000047683715820e-01,7.850000262260437012e-01,9.750000238418579102e-01,1.083000063896179199e+00,1.160000085830688477e+00,1.163000106811523438e+00,1.103000044822692871e+00,9.950000643730163574e-01,8.730000257492065430e-01,7.480000257492065430e-01,6.550000309944152832e-01,5.649999976158142090e-01,4.750000238418579102e-01,3.750000298023223877e-01,2.550000250339508057e-01,1.330000013113021851e-01,8.000000379979610443e-03,-9.200000762939453125e-02,-1.850000023841857910e-01,-2.450000047683715820e-01,-2.670000195503234863e-01,-2.920000255107879639e-01,-3.200000226497650146e-01,-3.350000083446502686e-01,-3.470000028610229492e-01,-3.450000286102294922e-01
-5.900000333786010742e-01,-5.900000333786010742e-01,-6.070000529289245605e-01,-6.450000405311584473e-01,-6.750000119209289551e-01,-6.820000410079956055e-01,-6.570000052452087402e-01,-6.550000309944152832e-01,-6.400000452995300293e-01,-6.420000195503234863e-01,-6.300000548362731934e-01,-6.070000529289245605e-01,-5.550000071525573730e-01,-5.070000290870666504e-01,-4.370000064373016357e-01,-3.720000088214874268e-01,-3.120000064373016357e-01,-2.720000147819519043e-01,-2.569999992847442627e-01,-2.550000250339508057e-01,-2.500000000000000000e-01,-2.070000171661376953e-01,-1.070000082254409790e-01,2.800000086426734924e-02,1.980000138282775879e-01,3.550000190734863281e-01,5.279999971389770508e-01,6.950000524520874023e-01,8.250000476837158203e-01,9.230000376701354980e-01,9.950000643730163574e-01,1.058000087738037109e+00,1.110000014305114746e+00,1.152999997138977051e+00,1.170000076293945312e+00,1.180000066757202148e+00,1.170000076293945312e+00,1.152999997138977051e+00,1.093000054359436035e+00,1.035000085830688477e+00,9.430000185966491699e-01,8.530000448226928711e-01,7.750000357627868652e-01,7.100000381469726562e-01,7.050000429153442383e-01,7.280000448226928711e-01,7.780000567436218262e-01,8.600000143051147461e-01,9.630000591278076172e-01,1.063000082969665527e+00,1.158000111579895020e+00,1.255000114440917969e+00,1.328000068664550781e+00,1.403000116348266602e+00,1.480000019073486328e+00,1.568000078201293945e+00,1.635000109672546387e+00,1.668000102043151855e+00,1.685000061988830566e+00,1.723000049591064453e+00,1.755000114440917969e+00,1.783000111579895020e+00,1.778000116348266602e+00,1.783000111579895020e+00,1.765000104904174805e+00,1.768000125885009766e+00,1.750000119209289551e+00,1.733000040054321289e+00,1.698000073432922363e+00,1.650000095367431641e+00,1.603000044822692871e+00,1.523000121116638184e+00,1.400000095367431641e+00,1.235000014305114746e+00,1.108000040054321289e+00,9.430000185966491699e-01,7.880000472068786621e-01,6.350000500679016113e-01,5.550000071525573730e-01,4.850000143051147461e-01,4.730000197887420654e-01,5.400000214576721191e-01,6.430000066757202148e-01,7.930000424385070801e-01,9.400000572204589844e-01,1.110000014305114746e+00,1.203000068664550781e+00,1.300000071525573730e+00,1.380000114440917969e+00,1.403000116348266602e+00,1.408000111579895020e+00,1.393000006675720215e+00,1.328000068664550781e+00,1.265000104904174805e+00,1.235000014305114746e+00,1.178000092506408691e+00,1.120000004768371582e+00,1.070000052452087402e+00,1.015000104904174805e+00,9.680000543594360352e-01,9.200000166893005371e-01,9.080000519752502441e-01,9.180000424385070801e-01,9.480000734329223633e-01,1.020000100135803223e+00,1.123000025749206543e+00,1.213000059127807617e+00,1.330000042915344238e+00,1.453000068664550781e+00,1.545000076293945312e+00,1.643000125885009766e+00,1.750000119209289551e+00,1.853000044822692871e+00,1.968000054359436035e+00,2.083000183105468750e+00,2.198000192642211914e+00,2.293000221252441406e+00,2.415000200271606445e+00,2.500000000000000000e+00,2.570000171661376953e+00,2.608000040054321289e+00,2.650000095367431641e+00,2.703000068664550781e+00,2.768000125885009766e+00,2.825000047683715820e+00,2.883000135421752930e+00,2.963000059127807617e+00,3.053000211715698242e+00,3.108000040054321289e+00,3.188000202178955078e+00,3.263000249862670898e+00,3.305000066757202148e+00,3.348000049591064453e+00,3.393000125885009766e+00,3.443000078201293945e+00,3.468000173568725586e+00,3.448000192642211914e+00,3.385000228881835938e+00,3.238000154495239258e+00,3.053000211715698242e+00,2.813000202178955078e+00,2.583000183105468750e+00,2.390000104904174805e+00,2.259999990463256836e+00,2.238000154495239258e+00,2.280000209808349609e+00,2.448000192642211914e+00,2.678000211715698242e+00,2.953000068664550781e+00,3.263000249862670898e+00,3.585000276565551758e+00,3.895000219345092773e+00,4.168000221252441406e+00,4.373000144958496094e+00,4.485000133514404297e+00,4.523000240325927734e+00,4.490000247955322266e+00,4.433000087738037109e+00,4.388000011444091797e+00,4.475000381469726562e+00,4.665000438690185547e+00,4.958000183105468750e+00,5.353000164031982422e+00,5.795000076293945312e+00,6.245000362396240234e+00,6.640000343322753906e+00,6.933000564575195312e+00,7.080000400543212891e+00,7.148000240325927734e+00,7.108000278472900391e+00,6.973000526428222656e+00,6.773000240325927734e+00,6.555000305175781250e+00,6.365000247955322266e+00,6.233000278472900391e+00,6.173000335693359375e+00,6.190000057220458984e+00,6.273000240325927734e+00,6.408000469207763672e+00,6.578000545501708984e+00,6.745000362396240234e+00,6.853000164031982422e+00,6.898000240325927734e+00,6.875000476837158203e+00,6.788000106811523438e+00,6.658000469207763672e+00,6.493000507354736328e+00,6.308000087738037109e+00,6.143000125885009766e+00,5.993000507354736328e+00,5.883000373840332031e+00,5.773000240325927734e+00,5.633000373840332031e+00,5.515000343322753906e+00,5.423000335693359375e+00,5.320000171661376953e+00,5.248000144958496094e+00,5.178000450134277344e+00,5.115000247955322266e+00,5.063000202178955078e+00,5.033000469207763672e+00,4.965000152587890625e+00,4.880000114440917969e+00,4.765000343322753906e+00,4.618000030517578125e+00,4.500000000000000000e+00,4.343000411987304688e+00,4.157999992370605469e+00,3.978000164031982422e+00,3.798000097274780273e+00,3.625000238418579102e+00,3.543000221252441406e+00,3.540000200271606445e+00,3.630000114440917969e+00,3.788000106811523438e+00,4.000000000000000000e+00,4.198000431060791016e+00,4.383000373840332031e+00,4.545000076293945312e+00,4.610000133514404297e+00,4.643000125885009766e+00,4.630000114440917969e+00,4.580000400543212891e+00,4.500000000000000000e+00,4.463000297546386719e+00,4.508000373840332031e+00,4.573000431060791016e+00,4.728000164031982422e+00,4.940000057220458984e+00,5.188000202178955078e+00,5.428000450134277344e+00,5.640000343322753906e+00,5.815000057220458984e+00,5.935000419616699219e+00,6.023000240325927734e+00,6.058000087738037109e+00,6.025000095367431641e+00,6.005000114440917969e+00,5.975000381469726562e+00,5.895000457763671875e+00,5.830000400543212891e+00,5.788000106811523438e+00,5.815000057220458984e+00,5.820000171661376953e+00,5.853000164031982422e+00,5.893000125885009766e+00,5.955000400543212891e+00,5.993000507354736328e+00,6.000000476837158203e+00,6.015000343322753906e+00,5.963000297546386719e+00,5.970000267028808594e+00,6.013000488281250000e+00,6.030000209808349609e+00,6.033000469207763672e+00,5.990000247955322266e+00,5.923000335693359375e+00,5.885000228881835938e+00,5.848000049591064453e+00,5.835000514984130859e+00,5.823000431060791016e+00,5.828000068664550781e+00,5.845000267028808594e+00,5.870000362396240234e+00,5.880000114440917969e+00,5.900000095367431641e+00,5.875000476837158203e+00,5.893000125885009766e+00,5.880000114440917969e+00,5.898000240325927734e+00,5.873000144958496094e+00,5.878000259399414062e+00,5.873000144958496094e+00,5.875000476837158203e+00,5.885000228881835938e+00,5.888000488281250000e+00,5.875000476837158203e+00,5.890000343322753906e+00,5.923000335693359375e+00,5.995000362396240234e+00,6.090000152587890625e+00,6.180000305175781250e+00,6.275000095367431641e+00,6.343000411987304688e+00,6.423000335693359375e+00,6.513000488281250000e+00,6.608000278472900391e+00,6.678000450134277344e+00,6.695000171661376953e+00,6.698000431060791016e+00,6.578000545501708984e+00,6.485000133514404297e+00,6.348000526428222656e+00,6.230000495910644531e+00,5.975000381469726562e+00,5.658000469207763672e+00,5.330000400543212891e+00,5.063000202178955078e+00,4.850000381469726562e+00,4.655000209808349609e+00,4.475000381469726562e+00,4.313000202178955078e+00,4.138000011444091797e+00,3.958000183105468750e+00,3.755000114440917969e+00,3.535000085830688477e+00,3.320000171661376953e+00,3.063000202178955078e+00,2.825000047683715820e+00,2.580000162124633789e+00,2.298000097274780273e+00,2.048000097274780273e+00,1.773000121116638184e+00,1.508000016212463379e+00,1.293000102043151855e+00,1.090000033378601074e+00,9.130000472068786621e-01,7.850000262260437012e-01,7.130000591278076172e-01,7.000000476837158203e-01,7.080000042915344238e-01,7.250000238418579102e-01,7.400000095367431641e-01,7.130000591278076172e-01,6.530000567436218262e-01,5.400000214576721191e-01,3.730000257492065430e-01,2.100000083446502686e-01,7.300000637769699097e-02,-6.700000166893005371e-02,-1.770000010728836060e-01,-2.250000089406967163e-01,-1.870000064373016357e-01,-8.700000494718551636e-02,7.500000298023223877e-02,2.450000047683715820e-01,4.250000119209289551e-01,5.380000472068786621e-01,6.130000352859497070e-01,6.400000452995300293e-01,6.100000143051147461e-01,5.400000214576721191e-01,4.580000340938568115e-01,3.830000162124633789e-01,3.280000090599060059e-01,2.780000269412994385e-01,1.950000077486038208e-01,1.230000033974647522e-01,5.300000309944152832e-02,-5.500000342726707458e-02,-1.620000004768371582e-01,-2.750000059604644775e-01,-3.450000286102294922e-01,-4.120000302791595459e-01,-4.300000071525573730e-01,-4.650000333786010742e-01,-4.900000095367431641e-01,-5.100000500679016113e-01,-5.570000410079956055e-01,-5.770000219345092773e-01
-7.200000286102294922e-01,-7.070000171661376953e-01,-7.100000381469726562e-01,-7.170000076293945312e-01,-7.270000576972961426e-01,-7.370000481605529785e-01,-7.300000190734863281e-01,-7.300000190734863281e-01,-7.100000381469726562e-01,-6.770000457763671875e-01,-6.600000262260437012e-01,-6.070000529289245605e-01,-5.750000476837158203e-01,-5.200000405311584473e-01,-4.720000326633453369e-01,-4.250000119209289551e-01,-3.900000154972076416e-01,-3.700000047683715820e-01,-3.650000095367431641e-01,-3.920000195503234863e-01,-3.650000095367431641e-01,-3.070000112056732178e-01,-1.800000071525573730e-01,-4.200000315904617310e-02,1.430000066757202148e-01,3.030000030994415283e-01,4.380000233650207520e-01,5.600000023841857910e-01,6.530000567436218262e-01,7.250000238418579102e-01,7.600000500679016113e-01,7.850000262260437012e-01,8.030000329017639160e-01,7.980000376701354980e-01,7.900000214576721191e-01,7.750000357627868652e-01,7.630000114440917969e-01,7.550000548362731934e-01,7.280000448226928711e-01,6.730000376701354980e-01,5.879999995231628418e-01,5.500000119209289551e-01,5.150000452995300293e-01,4.880000352859497070e-01,5.030000209808349609e-01,5.600000023841857910e-01,6.330000162124633789e-01,7.350000143051147461e-01,8.230000138282775879e-01,9.100000262260437012e-01,9.930000305175781250e-01,1.070000052452087402e+00,1.110000014305114746e+00,1.158000111579895020e+00,1.223000049591064453e+00,1.268000006675720215e+00,1.300000071525573730e+00,1.323000073432922363e+00,1.340000033378601074e+00,1.353000044822692871e+00,1.363000035285949707e+00,1.363000035285949707e+00,1.373000025749206543e+00,1.383000016212463379e+00,1.393000006675720215e+00,1.405000090599060059e+00,1.400000095367431641e+00,1.345000028610229492e+00,1.290000081062316895e+00,1.220000028610229492e+00,1.125000000000000000e+00,1.035000085830688477e+00,9.050000309944152832e-01,7.780000567436218262e-01,6.550000309944152832e-01,5.500000119209289551e-01,4.200000166893005371e-01,3.150000274181365967e-01,2.430000156164169312e-01,2.280000150203704834e-01,2.650000154972076416e-01,3.330000042915344238e-01,4.480000138282775879e-01,6.130000352859497070e-01,7.600000500679016113e-01,8.930000662803649902e-01,9.900000691413879395e-01,1.053000092506408691e+00,1.065000057220458984e+00,1.063000082969665527e+00,1.048000097274780273e+00,9.880000352859497070e-01,9.400000572204589844e-01,8.830000162124633789e-01,8.380000591278076172e-01,7.830000519752502441e-01,7.450000643730163574e-01,7.030000090599060059e-01,6.300000548362731934e-01,5.600000023841857910e-01,5.150000452995300293e-01,5.000000000000000000e-01,5.300000309944152832e-01,6.080000400543212891e-01,7.150000333786010742e-01,8.150000572204589844e-01,9.500000476837158203e-01,1.085000038146972656e+00,1.203000068664550781e+00,1.305000066757202148e+00,1.410000085830688477e+00,1.508000016212463379e+00,1.618000030517578125e+00,1.710000038146972656e+00,1.800000071525573730e+00,1.895000100135803223e+00,1.970000147819519043e+00,2.005000114440917969e+00,2.055000066757202148e+00,2.113000154495239258e+00,2.143000125885009766e+00,2.203000068664550781e+00,2.228000164031982422e+00,2.278000116348266602e+00,2.313000202178955078e+00,2.360000133514404297e+00,2.428000211715698242e+00,2.508000135421752930e+00,2.578000068664550781e+00,2.630000114440917969e+00,2.665000200271606445e+00,2.713000059127807617e+00,2.728000164031982422e+00,2.765000104904174805e+00,2.815000057220458984e+00,2.838000059127807617e+00,2.843000173568725586e+00,2.840000152587890625e+00,2.795000076293945312e+00,2.695000171661376953e+00,2.543000221252441406e+00,2.355000019073486328e+00,2.165000200271606445e+00,1.988000035285949707e+00,1.878000140190124512e+00,1.798000097274780273e+00,1.800000071525573730e+00,1.860000133514404297e+00,2.028000116348266602e+00,2.248000144958496094e+00,2.528000116348266602e+00,2.823000192642211914e+00,3.093000173568725586e+00,3.335000276565551758e+00,3.493000268936157227e+00,3.570000171661376953e+00,3.548000097274780273e+00,3.488000154495239258e+00,3.440000057220458984e+00,3.483000278472900391e+00,3.610000133514404297e+00,3.885000228881835938e+00,4.240000247955322266e+00,4.698000431060791016e+00,5.185000419616699219e+00,5.645000457763671875e+00,6.020000457763671875e+00,6.278000354766845703e+00,6.435000419616699219e+00,6.480000495910644531e+00,6.428000450134277344e+00,6.313000202178955078e+00,6.165000438690185547e+00,5.998000144958496094e+00,5.858000278472900391e+00,5.758000373840332031e+00,5.705000400543212891e+00,5.723000049591064453e+00,5.788000106811523438e+00,5.855000495910644531e+00,5.920000076293945312e+00,5.968000411987304688e+00,5.960000514984130859e+00,5.895000457763671875e+00,5.795000076293945312e+00,5.685000419616699219e+00,5.568000316619873047e+00,5.448000431060791016e+00,5.328000068664550781e+00,5.228000164031982422e+00,5.133000373840332031e+00,5.018000125885009766e+00,4.880000114440917969e+00,4.765000343322753906e+00,4.657999992370605469e+00,4.519999980926513672e+00,4.433000087738037109e+00,4.325000286102294922e+00,4.235000133514404297e+00,4.140000343322753906e+00,4.038000106811523438e+00,3.945000171661376953e+00,3.848000288009643555e+00,3.738000154495239258e+00,3.560000181198120117e+00,3.365000247955322266e+00,3.155000209808349609e+00,2.918000221252441406e+00,2.705000162124633789e+00,2.520000219345092773e+00,2.368000030517578125e+00,2.259999990463256836e+00,2.273000001907348633e+00,2.333000183105468750e+00,2.465000152587890625e+00,2.650000095367431641e+00,2.868000030517578125e+00,3.090000152587890625e+00,3.263000249862670898e+00,3.430000066757202148e+00,3.518000125885009766e+00,3.590000152587890625e+00,3.623000144958496094e+00,3.625000238418579102e+00,3.640000104904174805e+00,3.698000192642211914e+00,3.828000068664550781e+00,4.005000114440917969e+00,4.258000373840332031e+00,4.488000392913818359e+00,4.755000114440917969e+00,4.988000392913818359e+00,5.158000469207763672e+00,5.278000354766845703e+00,5.345000267028808594e+00,5.378000259399414062e+00,5.388000488281250000e+00,5.395000457763671875e+00,5.398000240325927734e+00,5.338000297546386719e+00,5.300000190734863281e+00,5.288000106811523438e+00,5.320000171661376953e+00,5.343000411987304688e+00,5.375000476837158203e+00,5.388000488281250000e+00,5.395000457763671875e+00,5.430000305175781250e+00,5.455000400543212891e+00,5.503000259399414062e+00,5.550000190734863281e+00,5.570000171661376953e+00,5.593000411987304688e+00,5.595000267028808594e+00,5.598000049591064453e+00,5.558000087738037109e+00,5.543000221252441406e+00,5.483000278472900391e+00,5.433000087738037109e+00,5.400000095367431641e+00,5.418000221252441406e+00,5.400000095367431641e+00,5.413000106811523438e+00,5.428000450134277344e+00,5.460000038146972656e+00,5.478000164031982422e+00,5.483000278472900391e+00,5.510000228881835938e+00,5.523000240325927734e+00,5.575000286102294922e+00,5.563000202178955078e+00,5.593000411987304688e+00,5.615000247955322266e+00,5.645000457763671875e+00,5.675000190734863281e+00,5.680000305175781250e+00,5.678000450134277344e+00,5.670000076293945312e+00,5.678000450134277344e+00,5.698000431060791016e+00,5.718000411987304688e+00,5.738000392913818359e+00,5.770000457763671875e+00,5.813000202178955078e+00,5.880000114440917969e+00,5.970000267028808594e+00,6.058000087738037109e+00,6.148000240325927734e+00,6.188000202178955078e+00,6.205000400543212891e+00,6.175000190734863281e+00,6.085000514984130859e+00,5.905000209808349609e+00,5.623000144958496094e+00,5.245000362396240234e+00,4.848000049591064453e+00,4.458000183105468750e+00,4.138000011444091797e+00,3.868000268936157227e+00,3.648000240325927734e+00,3.443000078201293945e+00,3.243000268936157227e+00,3.048000097274780273e+00,2.825000047683715820e+00,2.588000059127807617e+00,2.385000228881835938e+00,2.168000221252441406e+00,1.948000073432922363e+00,1.720000028610229492e+00,1.503000020980834961e+00,1.288000106811523438e+00,1.063000082969665527e+00,8.730000257492065430e-01,7.130000591278076172e-01,5.630000233650207520e-01,4.230000078678131104e-01,3.080000281333923340e-01,2.180000096559524536e-01,1.800000071525573730e-01,1.980000138282775879e-01,2.600000202655792236e-01,3.100000023841857910e-01,3.280000090599060059e-01,3.430000245571136475e-01,2.980000078678131104e-01,2.080000042915344238e-01,7.500000298023223877e-02,-8.200000226497650146e-02,-2.220000177621841431e-01,-3.670000135898590088e-01,-5.049999952316284180e-01,-6.100000143051147461e-01,-6.370000243186950684e-01,-5.750000476837158203e-01,-4.220000207424163818e-01,-2.600000202655792236e-01,-1.070000082254409790e-01,0.000000000000000000e+00,6.800000369548797607e-02,1.130000054836273193e-01,1.350000053644180298e-01,1.130000054836273193e-01,6.800000369548797607e-02,5.000000353902578354e-03,-3.700000047683715820e-02,-7.700000703334808350e-02,-1.050000041723251343e-01,-1.700000017881393433e-01,-2.320000082254409790e-01,-3.050000071525573730e-01,-3.800000250339508057e-01,-4.670000076293945312e-01,-5.250000357627868652e-01,-5.750000476837158203e-01,-6.000000238418579102e-01,-6.320000290870666504e-01,-6.520000100135803223e-01,-6.800000071525573730e-01,-7.120000123977661133e-01,-7.270000576972961426e-01
-8.520000576972961426e-01,-8.400000333786010742e-01,-8.000000119209289551e-01,-7.770000100135803223e-01,-7.620000243186950684e-01,-7.520000338554382324e-01,-7.520000338554382324e-01,-7.720000147819519043e-01,-7.600000500679016113e-01,-7.450000643730163574e-01,-7.120000123977661133e-01,-6.620000600814819336e-01,-6.220000386238098145e-01,-5.670000314712524414e-01,-5.350000262260437012e-01,-5.100000500679016113e-01,-4.970000088214874268e-01,-5.000000000000000000e-01,-5.000000000000000000e-01,-5.049999952316284180e-01,-4.700000286102294922e-01,-3.920000195503234863e-01,-2.569999992847442627e-01,-1.350000053644180298e-01,3.299999982118606567e-02,1.630000025033950806e-01,2.780000269412994385e-01,3.630000054836273193e-01,4.230000078678131104e-01,4.600000083446502686e-01,4.780000150203704834e-01,4.680000245571136475e-01,4.550000131130218506e-01,4.030000269412994385e-01,3.800000250339508057e-01,3.600000143051147461e-01,3.680000305175781250e-01,3.780000209808349609e-01,3.850000202655792236e-01,3.680000305175781250e-01,3.150000274181365967e-01,2.800000011920928955e-01,2.680000066757202148e-01,2.900000214576721191e-01,3.350000083446502686e-01,4.280000329017639160e-01,5.250000357627868652e-01,6.300000548362731934e-01,7.330000400543212891e-01,7.980000376701354980e-01,8.400000333786010742e-01,8.300000429153442383e-01,8.230000138282775879e-01,8.280000686645507812e-01,8.400000333786010742e-01,8.500000238418579102e-01,8.800000548362731934e-01,8.900000452995300293e-01,8.930000662803649902e-01,8.780000209808349609e-01,8.630000352859497070e-01,8.380000591278076172e-01,8.350000381469726562e-01,8.400000333786010742e-01,8.730000257492065430e-01,8.980000615119934082e-01,8.900000452995300293e-01,8.500000238418579102e-01,7.900000214576721191e-01,7.130000591278076172e-01,5.950000286102294922e-01,4.700000286102294922e-01,3.550000190734863281e-01,2.430000156164169312e-01,1.500000059604644775e-01,5.300000309944152832e-02,-2.200000174343585968e-02,-8.700000494718551636e-02,-1.250000000000000000e-01,-1.319999992847442627e-01,-9.200000762939453125e-02,-1.700000092387199402e-02,8.800000697374343872e-02,2.380000054836273193e-01,3.600000143051147461e-01,4.750000238418579102e-01,5.430000424385070801e-01,5.680000185966491699e-01,5.930000543594360352e-01,6.080000400543212891e-01,5.950000286102294922e-01,5.850000381469726562e-01,5.430000424385070801e-01,5.080000162124633789e-01,4.530000090599060059e-01,4.050000309944152832e-01,3.600000143051147461e-01,3.180000185966491699e-01,2.700000107288360596e-01,2.300000041723251343e-01,2.000000029802322388e-01,1.900000125169754028e-01,2.180000096559524536e-01,3.230000138282775879e-01,4.400000274181365967e-01,5.580000281333923340e-01,6.780000329017639160e-01,8.030000329017639160e-01,9.050000309944152832e-01,1.004999995231628418e+00,1.080000042915344238e+00,1.158000111579895020e+00,1.245000004768371582e+00,1.338000059127807617e+00,1.395000100135803223e+00,1.440000057220458984e+00,1.463000059127807617e+00,1.488000035285949707e+00,1.520000100135803223e+00,1.575000047683715820e+00,1.625000119209289551e+00,1.690000057220458984e+00,1.733000040054321289e+00,1.785000085830688477e+00,1.843000054359436035e+00,1.883000135421752930e+00,1.960000038146972656e+00,1.995000123977661133e+00,2.068000078201293945e+00,2.115000009536743164e+00,2.128000020980834961e+00,2.148000001907348633e+00,2.155000209808349609e+00,2.153000116348266602e+00,2.180000066757202148e+00,2.208000183105468750e+00,2.238000154495239258e+00,2.278000116348266602e+00,2.300000190734863281e+00,2.290000200271606445e+00,2.238000154495239258e+00,2.128000020980834961e+00,1.985000133514404297e+00,1.803000092506408691e+00,1.638000130653381348e+00,1.488000035285949707e+00,1.403000116348266602e+00,1.363000035285949707e+00,1.373000025749206543e+00,1.468000054359436035e+00,1.613000035285949707e+00,1.823000073432922363e+00,2.073000192642211914e+00,2.315000057220458984e+00,2.485000133514404297e+00,2.583000183105468750e+00,2.638000011444091797e+00,2.615000009536743164e+00,2.598000049591064453e+00,2.645000219345092773e+00,2.763000249862670898e+00,2.973000049591064453e+00,3.318000078201293945e+00,3.730000257492065430e+00,4.193000316619873047e+00,4.650000095367431641e+00,5.065000057220458984e+00,5.395000457763671875e+00,5.628000259399414062e+00,5.760000228881835938e+00,5.793000221252441406e+00,5.760000228881835938e+00,5.680000305175781250e+00,5.548000335693359375e+00,5.383000373840332031e+00,5.220000267028808594e+00,5.088000297546386719e+00,4.978000164031982422e+00,4.925000190734863281e+00,4.890000343322753906e+00,4.880000114440917969e+00,4.853000164031982422e+00,4.770000457763671875e+00,4.688000202178955078e+00,4.625000000000000000e+00,4.545000076293945312e+00,4.485000133514404297e+00,4.418000221252441406e+00,4.348000049591064453e+00,4.282999992370605469e+00,4.200000286102294922e+00,4.090000152587890625e+00,3.978000164031982422e+00,3.840000152587890625e+00,3.715000152587890625e+00,3.590000152587890625e+00,3.493000268936157227e+00,3.388000249862670898e+00,3.258000135421752930e+00,3.133000135421752930e+00,3.003000259399414062e+00,2.893000125885009766e+00,2.808000087738037109e+00,2.735000133514404297e+00,2.623000144958496094e+00,2.440000057220458984e+00,2.190000057220458984e+00,1.898000121116638184e+00,1.663000106811523438e+00,1.478000044822692871e+00,1.363000035285949707e+00,1.298000097274780273e+00,1.300000071525573730e+00,1.385000109672546387e+00,1.528000116348266602e+00,1.675000071525573730e+00,1.875000119209289551e+00,2.050000190734863281e+00,2.220000028610229492e+00,2.405000209808349609e+00,2.520000219345092773e+00,2.600000143051147461e+00,2.700000047683715820e+00,2.795000076293945312e+00,2.918000221252441406e+00,3.020000219345092773e+00,3.195000171661376953e+00,3.353000164031982422e+00,3.583000183105468750e+00,3.760000228881835938e+00,3.928000211715698242e+00,4.125000000000000000e+00,4.235000133514404297e+00,4.353000164031982422e+00,4.458000183105468750e+00,4.470000267028808594e+00,4.510000228881835938e+00,4.540000438690185547e+00,4.590000152587890625e+00,4.628000259399414062e+00,4.668000221252441406e+00,4.688000202178955078e+00,4.718000411987304688e+00,4.773000240325927734e+00,4.768000125885009766e+00,4.758000373840332031e+00,4.813000202178955078e+00,4.813000202178955078e+00,4.830000400543212891e+00,4.898000240325927734e+00,4.933000087738037109e+00,4.995000362396240234e+00,5.018000125885009766e+00,5.038000106811523438e+00,5.055000305175781250e+00,5.048000335693359375e+00,5.055000305175781250e+00,5.030000209808349609e+00,5.030000209808349609e+00,4.988000392913818359e+00,4.980000019073486328e+00,4.968000411987304688e+00,4.983000278472900391e+00,4.958000183105468750e+00,4.965000152587890625e+00,4.950000286102294922e+00,4.988000392913818359e+00,5.033000469207763672e+00,5.070000171661376953e+00,5.133000373840332031e+00,5.128000259399414062e+00,5.163000106811523438e+00,5.173000335693359375e+00,5.215000152587890625e+00,5.260000228881835938e+00,5.318000316619873047e+00,5.333000183105468750e+00,5.333000183105468750e+00,5.335000038146972656e+00,5.313000202178955078e+00,5.303000450134277344e+00,5.303000450134277344e+00,5.315000057220458984e+00,5.330000400543212891e+00,5.343000411987304688e+00,5.378000259399414062e+00,5.413000106811523438e+00,5.448000431060791016e+00,5.425000190734863281e+00,5.365000247955322266e+00,5.278000354766845703e+00,5.148000240325927734e+00,4.925000190734863281e+00,4.578000068664550781e+00,4.150000095367431641e+00,3.688000202178955078e+00,3.260000228881835938e+00,2.905000209808349609e+00,2.615000009536743164e+00,2.393000125885009766e+00,2.198000192642211914e+00,2.009999990463256836e+00,1.785000085830688477e+00,1.580000042915344238e+00,1.365000009536743164e+00,1.178000092506408691e+00,9.780000448226928711e-01,7.980000376701354980e-01,6.180000305175781250e-01,4.380000233650207520e-01,2.750000059604644775e-01,1.350000053644180298e-01,2.800000086426734924e-02,-7.000000029802322388e-02,-1.300000101327896118e-01,-2.000000029802322388e-01,-2.720000147819519043e-01,-3.170000016689300537e-01,-3.400000035762786865e-01,-3.270000219345092773e-01,-2.850000262260437012e-01,-2.100000083446502686e-01,-1.670000106096267700e-01,-1.520000100135803223e-01,-1.750000119209289551e-01,-2.520000040531158447e-01,-3.470000028610229492e-01,-4.620000123977661133e-01,-6.000000238418579102e-01,-7.220000624656677246e-01,-8.450000286102294922e-01,-9.520000219345092773e-01,-9.870000481605529785e-01,-9.370000362396240234e-01,-8.000000119209289551e-01,-6.500000357627868652e-01,-5.170000195503234863e-01,-4.070000052452087402e-01,-3.400000035762786865e-01,-2.800000011920928955e-01,-2.700000107288360596e-01,-3.000000119209289551e-01,-3.320000171661376953e-01,-3.650000095367431641e-01,-4.200000166893005371e-01,-4.470000267028808594e-01,-4.750000238418579102e-01,-4.970000088214874268e-01,-5.270000100135803223e-01,-5.720000267028808594e-01,-6.250000000000000000e-01,-6.920000314712524414e-01,-7.300000190734863281e-01,-7.620000243186950684e-01,-7.800000309944152832e-01,-8.020000457763671875e-01,-8.170000314712524414e-01,-8.470000624656677246e-01,-8.700000643730163574e-01,-8.700000643730163574e-01
-9.400000572204589844e-01,-9.370000362396240234e-01,-9.050000309944152832e-01,-8.720000386238098145e-01,-8.550000190734863281e-01,-8.420000672340393066e-01,-8.470000624656677246e-01,-8.370000123977661133e-01,-8.250000476837158203e-01,-8.050000667572021484e-01,-7.820000648498535156e-01,-7.350000143051147461e-01,-6.870000362396240234e-01,-6.320000290870666504e-01,-5.900000333786010742e-01,-5.770000219345092773e-01,-5.700000524520874023e-01,-5.720000267028808594e-01,-5.770000219345092773e-01,-5.649999976158142090e-01,-5.350000262260437012e-01,-4.720000326633453369e-01,-3.720000088214874268e-01,-2.400000095367431641e-01,-1.300000101327896118e-01,-3.500000014901161194e-02,4.000000283122062683e-02,8.300000429153442383e-02,1.230000033974647522e-01,1.300000101327896118e-01,1.130000054836273193e-01,9.500000625848770142e-02,6.500000506639480591e-02,3.800000250339508057e-02,1.800000108778476715e-02,2.500000037252902985e-02,3.299999982118606567e-02,6.800000369548797607e-02,8.800000697374343872e-02,9.300000220537185669e-02,7.300000637769699097e-02,6.000000238418579102e-02,4.000000283122062683e-02,8.500000089406967163e-02,1.750000119209289551e-01,3.000000119209289551e-01,4.000000059604644775e-01,4.780000150203704834e-01,5.480000376701354980e-01,5.700000524520874023e-01,5.500000119209289551e-01,5.100000500679016113e-01,4.850000143051147461e-01,4.680000245571136475e-01,4.630000293254852295e-01,4.630000293254852295e-01,4.630000293254852295e-01,4.530000090599060059e-01,4.450000226497650146e-01,4.180000126361846924e-01,3.780000209808349609e-01,3.350000083446502686e-01,3.080000281333923340e-01,3.030000030994415283e-01,3.150000274181365967e-01,3.480000197887420654e-01,3.630000054836273193e-01,3.300000131130218506e-01,2.880000174045562744e-01,2.200000137090682983e-01,1.350000053644180298e-01,2.800000086426734924e-02,-8.700000494718551636e-02,-1.820000112056732178e-01,-2.720000147819519043e-01,-3.600000143051147461e-01,-4.370000064373016357e-01,-4.870000183582305908e-01,-5.270000100135803223e-01,-5.300000309944152832e-01,-5.250000357627868652e-01,-4.720000326633453369e-01,-3.820000290870666504e-01,-2.800000011920928955e-01,-1.700000017881393433e-01,-6.500000506639480591e-02,-5.000000353902578354e-03,3.000000119209289551e-02,6.500000506639480591e-02,8.500000089406967163e-02,1.080000028014183044e-01,1.180000081658363342e-01,1.150000020861625671e-01,1.100000068545341492e-01,9.500000625848770142e-02,7.000000029802322388e-02,4.500000178813934326e-02,1.800000108778476715e-02,2.000000141561031342e-02,-2.700000070035457611e-02,-5.200000107288360596e-02,-7.700000703334808350e-02,-4.200000315904617310e-02,3.000000119209289551e-02,1.200000047683715820e-01,2.250000089406967163e-01,3.480000197887420654e-01,4.380000233650207520e-01,5.200000405311584473e-01,5.950000286102294922e-01,6.700000166893005371e-01,7.430000305175781250e-01,8.100000619888305664e-01,8.750000596046447754e-01,9.250000715255737305e-01,9.580000638961791992e-01,9.680000543594360352e-01,9.950000643730163574e-01,1.038000106811523438e+00,1.098000049591064453e+00,1.160000085830688477e+00,1.235000014305114746e+00,1.283000111579895020e+00,1.343000054359436035e+00,1.380000114440917969e+00,1.430000066757202148e+00,1.480000019073486328e+00,1.523000121116638184e+00,1.598000049591064453e+00,1.660000085830688477e+00,1.678000092506408691e+00,1.663000106811523438e+00,1.638000130653381348e+00,1.623000025749206543e+00,1.623000025749206543e+00,1.610000133514404297e+00,1.643000125885009766e+00,1.683000087738037109e+00,1.748000025749206543e+00,1.778000116348266602e+00,1.793000102043151855e+00,1.755000114440917969e+00,1.675000071525573730e+00,1.563000082969665527e+00,1.400000095367431641e+00,1.248000025749206543e+00,1.105000019073486328e+00,9.900000691413879395e-01,9.180000424385070801e-01,8.880000710487365723e-01,9.280000329017639160e-01,1.025000095367431641e+00,1.185000061988830566e+00,1.368000030517578125e+00,1.505000114440917969e+00,1.615000128746032715e+00,1.693000078201293945e+00,1.733000040054321289e+00,1.790000081062316895e+00,1.880000114440917969e+00,2.013000011444091797e+00,2.208000183105468750e+00,2.483000040054321289e+00,2.818000078201293945e+00,3.225000143051147461e+00,3.658000230789184570e+00,4.078000068664550781e+00,4.423000335693359375e+00,4.680000305175781250e+00,4.843000411987304688e+00,4.948000431060791016e+00,4.963000297546386719e+00,4.915000438690185547e+00,4.813000202178955078e+00,4.653000354766845703e+00,4.443000316619873047e+00,4.230000019073486328e+00,4.050000190734863281e+00,3.903000116348266602e+00,3.808000087738037109e+00,3.705000162124633789e+00,3.605000257492065430e+00,3.503000259399414062e+00,3.443000078201293945e+00,3.410000085830688477e+00,3.365000247955322266e+00,3.333000183105468750e+00,3.310000181198120117e+00,3.270000219345092773e+00,3.193000078201293945e+00,3.100000143051147461e+00,2.970000028610229492e+00,2.850000143051147461e+00,2.725000143051147461e+00,2.625000238418579102e+00,2.573000192642211914e+00,2.533000230789184570e+00,2.433000087738037109e+00,2.320000171661376953e+00,2.180000066757202148e+00,2.023000001907348633e+00,1.908000111579895020e+00,1.848000049591064453e+00,1.823000073432922363e+00,1.785000085830688477e+00,1.653000116348266602e+00,1.430000066757202148e+00,1.170000076293945312e+00,9.930000305175781250e-01,8.280000686645507812e-01,7.300000190734863281e-01,6.950000524520874023e-01,7.280000448226928711e-01,8.030000329017639160e-01,9.330000281333923340e-01,1.093000054359436035e+00,1.248000025749206543e+00,1.413000106811523438e+00,1.585000038146972656e+00,1.710000038146972656e+00,1.798000097274780273e+00,1.893000125885009766e+00,1.955000042915344238e+00,2.055000066757202148e+00,2.150000095367431641e+00,2.278000116348266602e+00,2.420000076293945312e+00,2.535000085830688477e+00,2.708000183105468750e+00,2.873000144958496094e+00,3.028000116348266602e+00,3.175000190734863281e+00,3.280000209808349609e+00,3.355000257492065430e+00,3.410000085830688477e+00,3.468000173568725586e+00,3.545000076293945312e+00,3.598000288009643555e+00,3.718000173568725586e+00,3.770000219345092773e+00,3.835000276565551758e+00,3.913000106811523438e+00,3.975000143051147461e+00,3.948000192642211914e+00,3.970000267028808594e+00,3.993000268936157227e+00,4.003000259399414062e+00,4.023000240325927734e+00,4.052999973297119141e+00,4.088000297546386719e+00,4.113000392913818359e+00,4.153000354766845703e+00,4.190000057220458984e+00,4.235000133514404297e+00,4.258000373840332031e+00,4.285000324249267578e+00,4.330000400543212891e+00,4.328000068664550781e+00,4.385000228881835938e+00,4.403000354766845703e+00,4.418000221252441406e+00,4.415000438690185547e+00,4.410000324249267578e+00,4.388000011444091797e+00,4.360000133514404297e+00,4.350000381469726562e+00,4.368000030517578125e+00,4.380000114440917969e+00,4.420000076293945312e+00,4.463000297546386719e+00,4.468000411987304688e+00,4.505000114440917969e+00,4.488000392913818359e+00,4.568000316619873047e+00,4.638000011444091797e+00,4.730000019073486328e+00,4.795000076293945312e+00,4.823000431060791016e+00,4.843000411987304688e+00,4.838000297546386719e+00,4.823000431060791016e+00,4.808000087738037109e+00,4.782999992370605469e+00,4.758000373840332031e+00,4.713000297546386719e+00,4.668000221252441406e+00,4.620000362396240234e+00,4.543000221252441406e+00,4.430000305175781250e+00,4.300000190734863281e+00,4.140000343322753906e+00,3.923000097274780273e+00,3.640000104904174805e+00,3.258000135421752930e+00,2.848000049591064453e+00,2.378000020980834961e+00,1.978000044822692871e+00,1.648000121116638184e+00,1.375000119209289551e+00,1.165000081062316895e+00,9.950000643730163574e-01,8.200000524520874023e-01,6.530000567436218262e-01,4.750000238418579102e-01,2.950000166893005371e-01,1.400000005960464478e-01,-5.000000353902578354e-03,-1.920000016689300537e-01,-3.220000267028808594e-01,-4.650000333786010742e-01,-5.700000524520874023e-01,-6.250000000000000000e-01,-6.450000405311584473e-01,-6.470000147819519043e-01,-6.320000290870666504e-01,-6.370000243186950684e-01,-6.650000214576721191e-01,-7.170000076293945312e-01,-7.650000452995300293e-01,-7.770000100135803223e-01,-7.650000452995300293e-01,-7.450000643730163574e-01,-7.120000123977661133e-01,-7.100000381469726562e-01,-7.050000429153442383e-01,-7.470000386238098145e-01,-8.120000362396240234e-01,-8.800000548362731934e-01,-9.700000286102294922e-01,-1.030000090599060059e+00,-1.105000019073486328e+00,-1.147000074386596680e+00,-1.145000100135803223e+00,-1.100000023841857910e+00,-9.800000190734863281e-01,-8.700000643730163574e-01,-7.950000166893005371e-01,-7.020000219345092773e-01,-6.270000338554382324e-01,-5.900000333786010742e-01,-5.970000028610229492e-01,-6.300000548362731934e-01,-6.750000119209289551e-01,-7.320000529289245605e-01,-7.620000243186950684e-01,-7.620000243186950684e-01,-7.850000262260437012e-01,-8.000000119209289551e-01,-8.120000362396240234e-01,-8.550000190734863281e-01,-8.870000243186950684e-01,-9.120000600814819336e-01,-9.100000262260437012e-01,-9.070000648498535156e-01,-9.050000309944152832e-01,-8.970000147819519043e-01,-9.000000357627868652e-01,-9.170000553131103516e-01,-9.500000476837158203e-01,-9.470000267028808594e-01
-1.018000006675720215e+00,-1.035000085830688477e+00,-9.970000386238098145e-01,-9.770000576972961426e-01,-9.550000429153442383e-01,-9.600000381469726562e-01,-9.520000219345092773e-01,-9.470000267028808594e-01,-9.150000214576721191e-01,-8.850000500679016113e-01,-8.300000429153442383e-01,-7.870000600814819336e-01,-7.370000481605529785e-01,-6.850000619888305664e-01,-6.470000147819519043e-01,-6.400000452995300293e-01,-6.420000195503234863e-01,-6.300000548362731934e-01,-6.220000386238098145e-01,-6.070000529289245605e-01,-5.770000219345092773e-01,-5.320000052452087402e-01,-4.700000286102294922e-01,-3.850000202655792236e-01,-2.950000166893005371e-01,-2.350000143051147461e-01,-1.920000016689300537e-01,-1.870000064373016357e-01,-2.020000070333480835e-01,-2.100000083446502686e-01,-2.050000131130218506e-01,-2.320000082254409790e-01,-2.520000040531158447e-01,-2.750000059604644775e-01,-2.720000147819519043e-01,-2.620000243186950684e-01,-2.320000082254409790e-01,-1.720000058412551880e-01,-1.450000107288360596e-01,-1.420000046491622925e-01,-1.350000053644180298e-01,-1.319999992847442627e-01,-1.250000000000000000e-01,-8.700000494718551636e-02,0.000000000000000000e+00,9.500000625848770142e-02,1.930000036954879761e-01,2.580000162124633789e-01,2.800000011920928955e-01,2.530000209808349609e-01,2.080000042915344238e-01,1.480000019073486328e-01,1.130000054836273193e-01,9.500000625848770142e-02,8.800000697374343872e-02,7.300000637769699097e-02,7.000000029802322388e-02,3.000000119209289551e-02,5.000000353902578354e-03,-3.200000151991844177e-02,-7.200000435113906860e-02,-1.170000061392784119e-01,-1.520000100135803223e-01,-1.670000106096267700e-01,-1.600000113248825073e-01,-1.520000100135803223e-01,-1.720000058412551880e-01,-2.000000029802322388e-01,-2.300000041723251343e-01,-2.770000100135803223e-01,-3.650000095367431641e-01,-4.350000321865081787e-01,-5.049999952316284180e-01,-5.500000119209289551e-01,-6.050000190734863281e-01,-6.620000600814819336e-01,-7.250000238418579102e-01,-7.770000100135803223e-01,-8.150000572204589844e-01,-8.220000267028808594e-01,-8.170000314712524414e-01,-7.950000166893005371e-01,-7.720000147819519043e-01,-7.020000219345092773e-01,-6.200000047683715820e-01,-5.350000262260437012e-01,-4.520000219345092773e-01,-3.970000147819519043e-01,-3.520000278949737549e-01,-3.120000064373016357e-01,-2.720000147819519043e-01,-2.650000154972076416e-01,-2.620000243186950684e-01,-2.670000195503234863e-01,-2.820000052452087402e-01,-2.920000255107879639e-01,-2.920000255107879639e-01,-2.850000262260437012e-01,-2.620000243186950684e-01,-2.820000052452087402e-01,-3.170000016689300537e-01,-3.100000023841857910e-01,-2.950000166893005371e-01,-2.450000047683715820e-01,-1.820000112056732178e-01,-1.020000055432319641e-01,-2.700000070035457611e-02,4.500000178813934326e-02,9.000000357627868652e-02,1.350000053644180298e-01,1.730000078678131104e-01,2.380000054836273193e-01,3.030000030994415283e-01,3.450000286102294922e-01,3.900000154972076416e-01,4.080000221729278564e-01,4.330000281333923340e-01,4.430000185966491699e-01,5.000000000000000000e-01,5.980000495910644531e-01,6.650000214576721191e-01,7.350000143051147461e-01,7.950000166893005371e-01,8.650000691413879395e-01,8.930000662803649902e-01,9.380000233650207520e-01,9.900000691413879395e-01,1.063000082969665527e+00,1.145000100135803223e+00,1.213000059127807617e+00,1.253000020980834961e+00,1.240000009536743164e+00,1.220000028610229492e+00,1.178000092506408691e+00,1.129999995231628418e+00,1.103000044822692871e+00,1.070000052452087402e+00,1.070000052452087402e+00,1.110000014305114746e+00,1.148000001907348633e+00,1.178000092506408691e+00,1.218000054359436035e+00,1.198000073432922363e+00,1.143000006675720215e+00,1.043000102043151855e+00,9.100000262260437012e-01,7.680000066757202148e-01,6.130000352859497070e-01,4.950000345706939697e-01,3.930000066757202148e-01,3.350000083446502686e-01,3.030000030994415283e-01,3.530000150203704834e-01,4.680000245571136475e-01,5.830000042915344238e-01,7.030000090599060059e-01,8.000000119209289551e-01,8.900000452995300293e-01,9.630000591278076172e-01,1.058000087738037109e+00,1.190000057220458984e+00,1.338000059127807617e+00,1.535000085830688477e+00,1.825000047683715820e+00,2.163000106811523438e+00,2.543000221252441406e+00,2.913000106811523438e+00,3.233000040054321289e+00,3.488000154495239258e+00,3.660000085830688477e+00,3.778000116348266602e+00,3.828000068664550781e+00,3.830000162124633789e+00,3.765000104904174805e+00,3.615000247955322266e+00,3.440000057220458984e+00,3.245000123977661133e+00,3.070000171661376953e+00,2.918000221252441406e+00,2.820000171661376953e+00,2.720000028610229492e+00,2.605000019073486328e+00,2.498000144958496094e+00,2.418000221252441406e+00,2.365000009536743164e+00,2.323000192642211914e+00,2.310000181198120117e+00,2.270000219345092773e+00,2.223000049591064453e+00,2.160000085830688477e+00,2.048000097274780273e+00,1.923000097274780273e+00,1.800000071525573730e+00,1.735000133514404297e+00,1.695000052452087402e+00,1.688000082969665527e+00,1.660000085830688477e+00,1.605000019073486328e+00,1.520000100135803223e+00,1.425000071525573730e+00,1.288000106811523438e+00,1.152999997138977051e+00,1.075000047683715820e+00,1.098000049591064453e+00,1.068000078201293945e+00,9.900000691413879395e-01,8.400000333786010742e-01,6.500000357627868652e-01,4.980000257492065430e-01,4.000000059604644775e-01,3.300000131130218506e-01,3.530000150203704834e-01,4.150000214576721191e-01,5.200000405311584473e-01,6.200000047683715820e-01,7.380000352859497070e-01,8.900000452995300293e-01,1.009999990463256836e+00,1.115000009536743164e+00,1.213000059127807617e+00,1.275000095367431641e+00,1.333000063896179199e+00,1.375000119209289551e+00,1.455000042915344238e+00,1.578000068664550781e+00,1.683000087738037109e+00,1.773000121116638184e+00,1.883000135421752930e+00,2.009999990463256836e+00,2.133000135421752930e+00,2.223000049591064453e+00,2.323000192642211914e+00,2.395000219345092773e+00,2.465000152587890625e+00,2.533000230789184570e+00,2.620000123977661133e+00,2.733000040054321289e+00,2.838000059127807617e+00,2.938000202178955078e+00,3.023000240325927734e+00,3.123000144958496094e+00,3.213000059127807617e+00,3.270000219345092773e+00,3.298000097274780273e+00,3.303000211715698242e+00,3.313000202178955078e+00,3.335000276565551758e+00,3.363000154495239258e+00,3.378000259399414062e+00,3.373000144958496094e+00,3.378000259399414062e+00,3.418000221252441406e+00,3.443000078201293945e+00,3.470000267028808594e+00,3.490000247955322266e+00,3.528000116348266602e+00,3.558000087738037109e+00,3.618000268936157227e+00,3.678000211715698242e+00,3.720000267028808594e+00,3.740000247955322266e+00,3.733000278472900391e+00,3.730000257492065430e+00,3.685000181198120117e+00,3.675000190734863281e+00,3.620000123977661133e+00,3.628000259399414062e+00,3.620000123977661133e+00,3.658000230789184570e+00,3.673000097274780273e+00,3.648000240325927734e+00,3.680000066757202148e+00,3.663000106811523438e+00,3.758000135421752930e+00,3.838000297546386719e+00,3.978000164031982422e+00,4.063000202178955078e+00,4.125000000000000000e+00,4.168000221252441406e+00,4.175000190734863281e+00,4.198000431060791016e+00,4.150000095367431641e+00,4.100000381469726562e+00,4.028000354766845703e+00,3.915000200271606445e+00,3.785000085830688477e+00,3.650000095367431641e+00,3.488000154495239258e+00,3.283000230789184570e+00,3.080000162124633789e+00,2.863000154495239258e+00,2.603000164031982422e+00,2.308000087738037109e+00,1.960000038146972656e+00,1.583000063896179199e+00,1.198000073432922363e+00,8.480000495910644531e-01,5.680000185966491699e-01,3.450000286102294922e-01,1.950000077486038208e-01,1.800000108778476715e-02,-1.220000088214874268e-01,-2.250000089406967163e-01,-3.650000095367431641e-01,-5.000000000000000000e-01,-6.300000548362731934e-01,-7.370000481605529785e-01,-8.670000433921813965e-01,-9.800000190734863281e-01,-1.057000041007995605e+00,-1.097000002861022949e+00,-1.097000002861022949e+00,-1.062000036239624023e+00,-1.018000006675720215e+00,-9.920000433921813965e-01,-9.770000576972961426e-01,-9.850000739097595215e-01,-1.042000055313110352e+00,-1.101999998092651367e+00,-1.132000088691711426e+00,-1.145000100135803223e+00,-1.150000095367431641e+00,-1.175000071525573730e+00,-1.175000071525573730e+00,-1.150000095367431641e+00,-1.115000009536743164e+00,-1.120000004768371582e+00,-1.152000069618225098e+00,-1.197000026702880859e+00,-1.222000002861022949e+00,-1.265000104904174805e+00,-1.282000064849853516e+00,-1.267000079154968262e+00,-1.205000042915344238e+00,-1.140000104904174805e+00,-1.106999993324279785e+00,-1.037000060081481934e+00,-9.420000314712524414e-01,-8.720000386238098145e-01,-8.620000481605529785e-01,-8.750000596046447754e-01,-9.000000357627868652e-01,-9.420000314712524414e-01,-9.900000691413879395e-01,-1.027000069618225098e+00,-1.023000001907348633e+00,-1.015000104904174805e+00,-1.015000104904174805e+00,-1.025000095367431641e+00,-1.042000055313110352e+00,-1.050000071525573730e+00,-1.045000076293945312e+00,-1.045000076293945312e+00,-1.025000095367431641e+00,-1.003000020980834961e+00,-9.700000286102294922e-01,-9.600000381469726562e-01,-9.850000739097595215e-01,-9.950000643730163574e-01,-1.009999990463256836e+00
-1.067000031471252441e+00,-1.085000038146972656e+00,-1.062000036239624023e+00,-1.035000085830688477e+00,-1.018000006675720215e+00,-1.020000100135803223e+00,-1.023000001907348633e+00,-9.850000739097595215e-01,-9.520000219345092773e-01,-9.220000505447387695e-01,-8.870000243186950684e-01,-8.550000190734863281e-01,-8.150000572204589844e-01,-7.900000214576721191e-01,-7.570000290870666504e-01,-7.450000643730163574e-01,-7.370000481605529785e-01,-7.070000171661376953e-01,-7.020000219345092773e-01,-6.750000119209289551e-01,-6.350000500679016113e-01,-5.900000333786010742e-01,-5.620000362396240234e-01,-5.250000357627868652e-01,-4.870000183582305908e-01,-4.500000178813934326e-01,-4.520000219345092773e-01,-4.550000131130218506e-01,-4.800000190734863281e-01,-5.200000405311584473e-01,-5.400000214576721191e-01,-5.520000457763671875e-01,-5.600000023841857910e-01,-5.470000505447387695e-01,-5.200000405311584473e-01,-4.900000095367431641e-01,-4.300000071525573730e-01,-3.750000298023223877e-01,-3.420000076293945312e-01,-3.170000016689300537e-01,-3.100000023841857910e-01,-3.000000119209289551e-01,-3.020000159740447998e-01,-2.600000202655792236e-01,-2.050000131130218506e-01,-1.170000061392784119e-01,-6.500000506639480591e-02,-2.000000141561031342e-02,-2.200000174343585968e-02,-4.700000211596488953e-02,-1.100000068545341492e-01,-1.650000065565109253e-01,-2.050000131130218506e-01,-2.250000089406967163e-01,-2.370000183582305908e-01,-2.470000088214874268e-01,-2.720000147819519043e-01,-3.120000064373016357e-01,-3.670000135898590088e-01,-4.250000119209289551e-01,-4.700000286102294922e-01,-5.200000405311584473e-01,-5.370000004768371582e-01,-5.550000071525573730e-01,-5.350000262260437012e-01,-5.450000166893005371e-01,-5.600000023841857910e-01,-5.950000286102294922e-01,-6.470000147819519043e-01,-7.100000381469726562e-01,-7.750000357627868652e-01,-8.320000171661376953e-01,-8.770000338554382324e-01,-8.850000500679016113e-01,-8.920000195503234863e-01,-8.920000195503234863e-01,-9.050000309944152832e-01,-9.520000219345092773e-01,-9.850000739097595215e-01,-1.000000000000000000e+00,-1.009999990463256836e+00,-1.018000006675720215e+00,-1.018000006675720215e+00,-1.003000020980834961e+00,-9.600000381469726562e-01,-8.970000147819519043e-01,-8.370000123977661133e-01,-7.650000452995300293e-01,-6.970000267028808594e-01,-6.300000548362731934e-01,-5.950000286102294922e-01,-5.820000171661376953e-01,-6.000000238418579102e-01,-6.250000000000000000e-01,-6.450000405311584473e-01,-6.670000553131103516e-01,-6.650000214576721191e-01,-6.550000309944152832e-01,-6.420000195503234863e-01,-6.470000147819519043e-01,-6.420000195503234863e-01,-6.200000047683715820e-01,-6.020000576972961426e-01,-5.850000381469726562e-01,-5.500000119209289551e-01,-4.970000088214874268e-01,-4.620000123977661133e-01,-4.220000207424163818e-01,-3.850000202655792236e-01,-3.670000135898590088e-01,-3.220000267028808594e-01,-2.700000107288360596e-01,-2.150000035762786865e-01,-1.750000119209289551e-01,-1.350000053644180298e-01,-1.400000005960464478e-01,-1.220000088214874268e-01,-1.000000014901161194e-01,3.000000026077032089e-03,9.500000625848770142e-02,1.630000025033950806e-01,2.530000209808349609e-01,2.930000126361846924e-01,4.000000059604644775e-01,4.080000221729278564e-01,5.150000452995300293e-01,5.330000519752502441e-01,6.250000000000000000e-01,6.930000185966491699e-01,7.730000615119934082e-01,8.230000138282775879e-01,8.300000429153442383e-01,7.880000472068786621e-01,7.600000500679016113e-01,7.130000591278076172e-01,6.550000309944152832e-01,5.980000495910644531e-01,5.600000023841857910e-01,5.550000071525573730e-01,5.649999976158142090e-01,6.180000305175781250e-01,6.430000066757202148e-01,6.700000166893005371e-01,6.380000114440917969e-01,5.730000138282775879e-01,4.700000286102294922e-01,3.650000095367431641e-01,2.430000156164169312e-01,1.050000041723251343e-01,-1.200000010430812836e-02,-1.300000101327896118e-01,-2.120000123977661133e-01,-2.150000035762786865e-01,-1.870000064373016357e-01,-1.300000101327896118e-01,-6.700000166893005371e-02,2.800000086426734924e-02,9.300000220537185669e-02,1.550000011920928955e-01,2.250000089406967163e-01,2.900000214576721191e-01,3.830000162124633789e-01,5.080000162124633789e-01,6.850000619888305664e-01,9.300000667572021484e-01,1.208000063896179199e+00,1.485000014305114746e+00,1.768000125885009766e+00,1.990000128746032715e+00,2.153000116348266602e+00,2.293000221252441406e+00,2.405000209808349609e+00,2.488000154495239258e+00,2.505000114440917969e+00,2.458000183105468750e+00,2.348000049591064453e+00,2.235000133514404297e+00,2.115000009536743164e+00,2.035000085830688477e+00,1.953000068664550781e+00,1.873000144958496094e+00,1.765000104904174805e+00,1.658000111579895020e+00,1.563000082969665527e+00,1.490000128746032715e+00,1.420000076293945312e+00,1.378000020980834961e+00,1.333000063896179199e+00,1.273000001907348633e+00,1.190000057220458984e+00,1.093000054359436035e+00,9.830000400543212891e-01,9.100000262260437012e-01,8.830000162124633789e-01,8.850000500679016113e-01,9.130000472068786621e-01,9.280000329017639160e-01,9.130000472068786621e-01,8.730000257492065430e-01,8.030000329017639160e-01,6.980000138282775879e-01,5.900000333786010742e-01,5.180000066757202148e-01,4.950000345706939697e-01,4.600000083446502686e-01,3.980000317096710205e-01,2.980000078678131104e-01,1.630000025033950806e-01,7.000000029802322388e-02,2.500000037252902985e-02,5.000000074505805969e-02,1.250000000000000000e-01,2.280000150203704834e-01,3.380000293254852295e-01,4.300000071525573730e-01,5.350000262260437012e-01,6.450000405311584473e-01,7.250000238418579102e-01,7.830000519752502441e-01,8.500000238418579102e-01,8.930000662803649902e-01,9.180000424385070801e-01,9.600000381469726562e-01,1.018000006675720215e+00,1.090000033378601074e+00,1.158000111579895020e+00,1.223000049591064453e+00,1.310000061988830566e+00,1.418000102043151855e+00,1.513000130653381348e+00,1.563000082969665527e+00,1.645000100135803223e+00,1.728000044822692871e+00,1.793000102043151855e+00,1.875000119209289551e+00,1.960000038146972656e+00,2.058000087738037109e+00,2.140000104904174805e+00,2.213000059127807617e+00,2.300000190734863281e+00,2.395000219345092773e+00,2.503000020980834961e+00,2.593000173568725586e+00,2.660000085830688477e+00,2.705000162124633789e+00,2.760000228881835938e+00,2.803000211715698242e+00,2.823000192642211914e+00,2.835000038146972656e+00,2.803000211715698242e+00,2.795000076293945312e+00,2.758000135421752930e+00,2.748000144958496094e+00,2.755000114440917969e+00,2.768000125885009766e+00,2.818000078201293945e+00,2.893000125885009766e+00,2.955000162124633789e+00,3.013000249862670898e+00,3.075000047683715820e+00,3.108000040054321289e+00,3.110000133514404297e+00,3.088000059127807617e+00,3.023000240325927734e+00,2.980000257492065430e+00,2.913000106811523438e+00,2.893000125885009766e+00,2.883000135421752930e+00,2.898000240325927734e+00,2.910000085830688477e+00,2.890000104904174805e+00,2.903000116348266602e+00,2.868000030517578125e+00,2.950000047683715820e+00,2.998000144958496094e+00,3.133000135421752930e+00,3.215000152587890625e+00,3.298000097274780273e+00,3.340000152587890625e+00,3.343000173568725586e+00,3.348000049591064453e+00,3.298000097274780273e+00,3.208000183105468750e+00,3.075000047683715820e+00,2.920000076293945312e+00,2.718000173568725586e+00,2.535000085830688477e+00,2.303000211715698242e+00,2.060000181198120117e+00,1.815000057220458984e+00,1.585000038146972656e+00,1.340000033378601074e+00,1.075000047683715820e+00,7.850000262260437012e-01,4.750000238418579102e-01,1.800000071525573730e-01,-9.200000762939453125e-02,-3.100000023841857910e-01,-4.750000238418579102e-01,-6.000000238418579102e-01,-6.670000553131103516e-01,-7.420000433921813965e-01,-8.050000667572021484e-01,-8.770000338554382324e-01,-9.570000171661376953e-01,-1.015000104904174805e+00,-1.095000028610229492e+00,-1.182000041007995605e+00,-1.262000083923339844e+00,-1.342000007629394531e+00,-1.375000119209289551e+00,-1.392000079154968262e+00,-1.360000014305114746e+00,-1.320000052452087402e+00,-1.277000069618225098e+00,-1.242000102996826172e+00,-1.235000014305114746e+00,-1.270000100135803223e+00,-1.315000057220458984e+00,-1.347000122070312500e+00,-1.345000028610229492e+00,-1.377000093460083008e+00,-1.432000041007995605e+00,-1.425000071525573730e+00,-1.410000085830688477e+00,-1.395000100135803223e+00,-1.387000083923339844e+00,-1.400000095367431641e+00,-1.412000060081481934e+00,-1.417000055313110352e+00,-1.422000050544738770e+00,-1.427000045776367188e+00,-1.400000095367431641e+00,-1.355000019073486328e+00,-1.342000007629394531e+00,-1.325000047683715820e+00,-1.245000004768371582e+00,-1.150000095367431641e+00,-1.117000102996826172e+00,-1.137000083923339844e+00,-1.150000095367431641e+00,-1.172000050544738770e+00,-1.212000012397766113e+00,-1.257000088691711426e+00,-1.272000074386596680e+00,-1.275000095367431641e+00,-1.257000088691711426e+00,-1.230000019073486328e+00,-1.210000038146972656e+00,-1.187000036239624023e+00,-1.162000060081481934e+00,-1.135000109672546387e+00,-1.112000107765197754e+00,-1.080000042915344238e+00,-1.050000071525573730e+00,-1.027000069618225098e+00,-1.004999995231628418e+00,-1.009999990463256836e+00,-1.032000064849853516e+00,-1.047000050544738770e+00
-1.132000088691711426e+00,-1.129999995231628418e+00,-1.112000107765197754e+00,-1.090000033378601074e+00,-1.067000031471252441e+00,-1.050000071525573730e+00,-1.037000060081481934e+00,-1.018000006675720215e+00,-9.920000433921813965e-01,-9.600000381469726562e-01,-9.420000314712524414e-01,-9.250000715255737305e-01,-9.070000648498535156e-01,-8.800000548362731934e-01,-8.870000243186950684e-01,-8.720000386238098145e-01,-8.620000481605529785e-01,-8.450000286102294922e-01,-8.270000219345092773e-01,-8.020000457763671875e-01,-7.550000548362731934e-01,-7.270000576972961426e-01,-7.150000333786010742e-01,-6.920000314712524414e-01,-6.870000362396240234e-01,-6.770000457763671875e-01,-6.970000267028808594e-01,-6.950000524520874023e-01,-7.300000190734863281e-01,-7.370000481605529785e-01,-7.720000147819519043e-01,-7.820000648498535156e-01,-7.770000100135803223e-01,-7.700000405311584473e-01,-7.450000643730163574e-01,-7.320000529289245605e-01,-6.920000314712524414e-01,-6.470000147819519043e-01,-6.070000529289245605e-01,-5.720000267028808594e-01,-5.700000524520874023e-01,-5.520000457763671875e-01,-5.220000147819519043e-01,-5.150000452995300293e-01,-4.600000083446502686e-01,-4.220000207424163818e-01,-3.770000040531158447e-01,-3.500000238418579102e-01,-3.600000143051147461e-01,-3.820000290870666504e-01,-4.120000302791595459e-01,-4.500000178813934326e-01,-4.620000123977661133e-01,-4.970000088214874268e-01,-5.150000452995300293e-01,-5.350000262260437012e-01,-5.820000171661376953e-01,-6.450000405311584473e-01,-7.070000171661376953e-01,-7.720000147819519043e-01,-8.170000314712524414e-01,-8.550000190734863281e-01,-8.750000596046447754e-01,-8.650000691413879395e-01,-8.420000672340393066e-01,-8.370000123977661133e-01,-8.550000190734863281e-01,-9.170000553131103516e-01,-9.870000481605529785e-01,-1.047000050544738770e+00,-1.092000007629394531e+00,-1.129999995231628418e+00,-1.162000060081481934e+00,-1.165000081062316895e+00,-1.127000093460083008e+00,-1.100000023841857910e+00,-1.097000002861022949e+00,-1.106999993324279785e+00,-1.122000098228454590e+00,-1.122000098228454590e+00,-1.129999995231628418e+00,-1.157000064849853516e+00,-1.175000071525573730e+00,-1.175000071525573730e+00,-1.182000041007995605e+00,-1.187000036239624023e+00,-1.165000081062316895e+00,-1.120000004768371582e+00,-1.060000061988830566e+00,-9.900000691413879395e-01,-9.520000219345092773e-01,-9.500000476837158203e-01,-9.550000429153442383e-01,-9.670000672340393066e-01,-9.850000739097595215e-01,-1.004999995231628418e+00,-1.013000011444091797e+00,-1.000000000000000000e+00,-9.850000739097595215e-01,-9.650000333786010742e-01,-9.350000619888305664e-01,-9.250000715255737305e-01,-9.100000262260437012e-01,-9.020000696182250977e-01,-8.950000405311584473e-01,-8.950000405311584473e-01,-8.750000596046447754e-01,-8.600000143051147461e-01,-8.370000123977661133e-01,-7.950000166893005371e-01,-7.550000548362731934e-01,-7.400000095367431641e-01,-6.970000267028808594e-01,-6.900000572204589844e-01,-6.420000195503234863e-01,-5.900000333786010742e-01,-5.870000123977661133e-01,-5.550000071525573730e-01,-5.120000243186950684e-01,-4.520000219345092773e-01,-4.000000059604644775e-01,-3.370000123977661133e-01,-2.850000262260437012e-01,-2.050000131130218506e-01,-7.500000298023223877e-02,-2.700000070035457611e-02,1.300000101327896118e-01,1.950000077486038208e-01,2.780000269412994385e-01,3.630000054836273193e-01,3.800000250339508057e-01,3.730000257492065430e-01,2.980000078678131104e-01,2.230000048875808716e-01,1.850000023841857910e-01,1.100000068545341492e-01,6.500000506639480591e-02,3.500000014901161194e-02,2.000000141561031342e-02,4.300000146031379700e-02,5.800000205636024475e-02,9.300000220537185669e-02,1.080000028014183044e-01,9.000000357627868652e-02,1.800000108778476715e-02,-3.700000047683715820e-02,-1.319999992847442627e-01,-2.520000040531158447e-01,-3.500000238418579102e-01,-4.650000333786010742e-01,-5.470000505447387695e-01,-6.570000052452087402e-01,-6.970000267028808594e-01,-7.100000381469726562e-01,-6.770000457763671875e-01,-6.370000243186950684e-01,-5.920000076293945312e-01,-5.420000553131103516e-01,-5.100000500679016113e-01,-5.070000290870666504e-01,-5.000000000000000000e-01,-4.970000088214874268e-01,-4.450000226497650146e-01,-3.620000183582305908e-01,-2.670000195503234863e-01,-1.000000014901161194e-01,1.000000014901161194e-01,3.000000119209289551e-01,4.900000095367431641e-01,6.600000262260437012e-01,8.100000619888305664e-01,9.530000686645507812e-01,1.068000078201293945e+00,1.148000001907348633e+00,1.185000061988830566e+00,1.203000068664550781e+00,1.208000063896179199e+00,1.173000097274780273e+00,1.150000095367431641e+00,1.103000044822692871e+00,1.068000078201293945e+00,1.004999995231628418e+00,9.330000281333923340e-01,8.480000495910644531e-01,7.750000357627868652e-01,7.130000591278076172e-01,6.680000424385070801e-01,6.180000305175781250e-01,5.279999971389770508e-01,4.430000185966491699e-01,3.400000035762786865e-01,2.330000102519989014e-01,1.850000023841857910e-01,1.450000107288360596e-01,1.750000119209289551e-01,1.980000138282775879e-01,2.180000096559524536e-01,2.330000102519989014e-01,2.250000089406967163e-01,2.050000131130218506e-01,1.450000107288360596e-01,7.500000298023223877e-02,1.800000108778476715e-02,-2.000000141561031342e-02,-1.000000014901161194e-01,-1.720000058412551880e-01,-2.800000011920928955e-01,-3.570000231266021729e-01,-4.270000159740447998e-01,-4.450000226497650146e-01,-3.900000154972076416e-01,-2.870000004768371582e-01,-1.650000065565109253e-01,-2.000000141561031342e-02,1.000000014901161194e-01,2.130000144243240356e-01,3.130000233650207520e-01,4.000000059604644775e-01,4.700000286102294922e-01,4.900000095367431641e-01,5.080000162124633789e-01,5.230000019073486328e-01,5.550000071525573730e-01,5.680000185966491699e-01,6.050000190734863281e-01,6.650000214576721191e-01,7.400000095367431641e-01,8.100000619888305664e-01,9.130000472068786621e-01,1.008000016212463379e+00,1.083000063896179199e+00,1.152999997138977051e+00,1.245000004768371582e+00,1.365000009536743164e+00,1.440000057220458984e+00,1.525000095367431641e+00,1.585000038146972656e+00,1.653000116348266602e+00,1.723000049591064453e+00,1.808000087738037109e+00,1.905000090599060059e+00,1.993000149726867676e+00,2.085000038146972656e+00,2.190000057220458984e+00,2.263000011444091797e+00,2.303000211715698242e+00,2.383000135421752930e+00,2.423000097274780273e+00,2.445000171661376953e+00,2.423000097274780273e+00,2.390000104904174805e+00,2.328000068664550781e+00,2.250000000000000000e+00,2.183000087738037109e+00,2.157999992370605469e+00,2.193000078201293945e+00,2.245000123977661133e+00,2.288000106811523438e+00,2.328000068664550781e+00,2.383000135421752930e+00,2.418000221252441406e+00,2.420000076293945312e+00,2.393000125885009766e+00,2.370000123977661133e+00,2.288000106811523438e+00,2.220000028610229492e+00,2.185000181198120117e+00,2.173000097274780273e+00,2.148000001907348633e+00,2.163000106811523438e+00,2.160000085830688477e+00,2.145000219345092773e+00,2.173000097274780273e+00,2.173000097274780273e+00,2.218000173568725586e+00,2.218000173568725586e+00,2.290000200271606445e+00,2.333000183105468750e+00,2.335000038146972656e+00,2.323000192642211914e+00,2.298000097274780273e+00,2.235000133514404297e+00,2.133000135421752930e+00,1.970000147819519043e+00,1.775000095367431641e+00,1.570000052452087402e+00,1.348000049591064453e+00,1.113000035285949707e+00,8.900000452995300293e-01,6.480000019073486328e-01,4.280000329017639160e-01,2.150000035762786865e-01,3.800000250339508057e-02,-1.600000113248825073e-01,-3.500000238418579102e-01,-5.470000505447387695e-01,-7.400000095367431641e-01,-8.800000548362731934e-01,-9.570000171661376953e-01,-1.009999990463256836e+00,-1.027000069618225098e+00,-1.047000050544738770e+00,-1.077000021934509277e+00,-1.101999998092651367e+00,-1.135000109672546387e+00,-1.185000061988830566e+00,-1.232000112533569336e+00,-1.295000076293945312e+00,-1.370000123977661133e+00,-1.430000066757202148e+00,-1.492000102996826172e+00,-1.535000085830688477e+00,-1.545000076293945312e+00,-1.527000069618225098e+00,-1.497000098228454590e+00,-1.472000122070312500e+00,-1.462000012397766113e+00,-1.477000117301940918e+00,-1.500000119209289551e+00,-1.495000123977661133e+00,-1.502000093460083008e+00,-1.515000104904174805e+00,-1.527000069618225098e+00,-1.522000074386596680e+00,-1.527000069618225098e+00,-1.535000085830688477e+00,-1.550000071525573730e+00,-1.567000031471252441e+00,-1.575000047683715820e+00,-1.572000026702880859e+00,-1.577000021934509277e+00,-1.575000047683715820e+00,-1.555000066757202148e+00,-1.522000074386596680e+00,-1.487000107765197754e+00,-1.447000026702880859e+00,-1.400000095367431641e+00,-1.365000009536743164e+00,-1.375000119209289551e+00,-1.397000074386596680e+00,-1.415000081062316895e+00,-1.427000045776367188e+00,-1.455000042915344238e+00,-1.465000033378601074e+00,-1.470000028610229492e+00,-1.452000021934509277e+00,-1.432000041007995605e+00,-1.397000074386596680e+00,-1.365000009536743164e+00,-1.342000007629394531e+00,-1.310000061988830566e+00,-1.287000060081481934e+00,-1.257000088691711426e+00,-1.225000023841857910e+00,-1.202000021934509277e+00,-1.167000055313110352e+00,-1.150000095367431641e+00,-1.142000079154968262e+00,-1.132000088691711426e+00,-1.132000088691711426e+00
-1.185000061988830566e+00,-1.162000060081481934e+00,-1.137000083923339844e+00,-1.105000019073486328e+00,-1.077000021934509277e+00,-1.060000061988830566e+00,-1.047000050544738770e+00,-1.023000001907348633e+00,-1.004999995231628418e+00,-9.900000691413879395e-01,-9.870000481605529785e-01,-9.900000691413879395e-01,-9.900000691413879395e-01,-9.920000433921813965e-01,-9.770000576972961426e-01,-9.670000672340393066e-01,-9.720000624656677246e-01,-9.600000381469726562e-01,-9.500000476837158203e-01,-9.250000715255737305e-01,-9.020000696182250977e-01,-8.720000386238098145e-01,-8.750000596046447754e-01,-8.650000691413879395e-01,-8.720000386238098145e-01,-8.650000691413879395e-01,-8.600000143051147461e-01,-8.500000238418579102e-01,-8.470000624656677246e-01,-8.600000143051147461e-01,-8.900000452995300293e-01,-9.020000696182250977e-01,-8.950000405311584473e-01,-8.870000243186950684e-01,-8.800000548362731934e-01,-8.620000481605529785e-01,-8.270000219345092773e-01,-7.920000553131103516e-01,-7.820000648498535156e-01,-7.650000452995300293e-01,-7.800000309944152832e-01,-7.500000596046447754e-01,-7.300000190734863281e-01,-7.000000476837158203e-01,-6.670000553131103516e-01,-6.450000405311584473e-01,-6.150000095367431641e-01,-6.170000433921813965e-01,-6.200000047683715820e-01,-6.500000357627868652e-01,-6.670000553131103516e-01,-6.970000267028808594e-01,-7.020000219345092773e-01,-7.320000529289245605e-01,-7.750000357627868652e-01,-8.320000171661376953e-01,-8.700000643730163574e-01,-9.300000667572021484e-01,-9.850000739097595215e-01,-1.042000055313110352e+00,-1.087000012397766113e+00,-1.125000000000000000e+00,-1.137000083923339844e+00,-1.140000104904174805e+00,-1.142000079154968262e+00,-1.152000069618225098e+00,-1.192000031471252441e+00,-1.252000093460083008e+00,-1.302000045776367188e+00,-1.342000007629394531e+00,-1.367000102996826172e+00,-1.377000093460083008e+00,-1.390000104904174805e+00,-1.380000114440917969e+00,-1.345000028610229492e+00,-1.310000061988830566e+00,-1.272000074386596680e+00,-1.262000083923339844e+00,-1.262000083923339844e+00,-1.270000100135803223e+00,-1.285000085830688477e+00,-1.320000052452087402e+00,-1.350000023841857910e+00,-1.375000119209289551e+00,-1.412000060081481934e+00,-1.452000021934509277e+00,-1.467000126838684082e+00,-1.447000026702880859e+00,-1.402000069618225098e+00,-1.355000019073486328e+00,-1.327000021934509277e+00,-1.312000036239624023e+00,-1.312000036239624023e+00,-1.315000057220458984e+00,-1.315000057220458984e+00,-1.307000041007995605e+00,-1.280000090599060059e+00,-1.252000093460083008e+00,-1.227000117301940918e+00,-1.217000007629394531e+00,-1.192000031471252441e+00,-1.172000050544738770e+00,-1.170000076293945312e+00,-1.162000060081481934e+00,-1.165000081062316895e+00,-1.167000055313110352e+00,-1.152000069618225098e+00,-1.142000079154968262e+00,-1.125000000000000000e+00,-1.135000109672546387e+00,-1.145000100135803223e+00,-1.129999995231628418e+00,-1.117000102996826172e+00,-1.080000042915344238e+00,-1.040000081062316895e+00,-9.850000739097595215e-01,-9.520000219345092773e-01,-8.970000147819519043e-01,-8.820000290870666504e-01,-8.420000672340393066e-01,-8.150000572204589844e-01,-7.700000405311584473e-01,-7.100000381469726562e-01,-6.450000405311584473e-01,-5.420000553131103516e-01,-5.670000314712524414e-01,-4.200000166893005371e-01,-3.520000278949737549e-01,-2.870000004768371582e-01,-2.370000183582305908e-01,-2.220000177621841431e-01,-2.070000171661376953e-01,-3.270000219345092773e-01,-3.720000088214874268e-01,-4.050000309944152832e-01,-4.800000190734863281e-01,-5.100000500679016113e-01,-4.970000088214874268e-01,-5.020000338554382324e-01,-4.820000231266021729e-01,-4.550000131130218506e-01,-4.170000255107879639e-01,-4.250000119209289551e-01,-4.370000064373016357e-01,-4.920000135898590088e-01,-5.620000362396240234e-01,-6.570000052452087402e-01,-7.070000171661376953e-01,-7.750000357627868652e-01,-8.320000171661376953e-01,-8.800000548362731934e-01,-9.350000619888305664e-01,-9.870000481605529785e-01,-1.030000090599060059e+00,-1.032000064849853516e+00,-1.023000001907348633e+00,-9.920000433921813965e-01,-9.700000286102294922e-01,-9.450000524520874023e-01,-9.520000219345092773e-01,-9.900000691413879395e-01,-1.018000006675720215e+00,-1.003000020980834961e+00,-9.800000190734863281e-01,-9.520000219345092773e-01,-8.970000147819519043e-01,-8.050000667572021484e-01,-6.970000267028808594e-01,-5.870000123977661133e-01,-4.670000076293945312e-01,-3.220000267028808594e-01,-1.850000023841857910e-01,-6.200000271201133728e-02,4.500000178813934326e-02,1.350000053644180298e-01,2.050000131130218506e-01,2.500000000000000000e-01,2.930000126361846924e-01,3.130000233650207520e-01,3.180000185966491699e-01,3.280000090599060059e-01,3.130000233650207520e-01,2.680000066757202148e-01,2.100000083446502686e-01,1.450000107288360596e-01,9.800000488758087158e-02,4.800000041723251343e-02,-5.000000353902578354e-03,-6.500000506639480591e-02,-1.550000011920928955e-01,-2.520000040531158447e-01,-3.220000267028808594e-01,-3.820000290870666504e-01,-4.270000159740447998e-01,-4.220000207424163818e-01,-4.400000274181365967e-01,-4.270000159740447998e-01,-4.250000119209289551e-01,-4.100000262260437012e-01,-4.020000100135803223e-01,-4.220000207424163818e-01,-4.470000267028808594e-01,-4.720000326633453369e-01,-5.250000357627868652e-01,-5.970000028610229492e-01,-6.820000410079956055e-01,-7.670000195503234863e-01,-8.120000362396240234e-01,-8.450000286102294922e-01,-8.470000624656677246e-01,-7.950000166893005371e-01,-7.120000123977661133e-01,-6.020000576972961426e-01,-4.700000286102294922e-01,-3.470000028610229492e-01,-2.150000035762786865e-01,-1.150000020861625671e-01,-3.500000014901161194e-02,2.800000086426734924e-02,8.800000697374343872e-02,1.230000033974647522e-01,1.580000072717666626e-01,1.850000023841857910e-01,2.050000131130218506e-01,2.550000250339508057e-01,3.080000281333923340e-01,3.800000250339508057e-01,4.530000090599060059e-01,5.530000329017639160e-01,6.430000066757202148e-01,7.100000381469726562e-01,8.050000667572021484e-01,9.100000262260437012e-01,1.013000011444091797e+00,1.110000014305114746e+00,1.160000085830688477e+00,1.223000049591064453e+00,1.295000076293945312e+00,1.330000042915344238e+00,1.375000119209289551e+00,1.445000052452087402e+00,1.503000020980834961e+00,1.570000052452087402e+00,1.668000102043151855e+00,1.740000128746032715e+00,1.803000092506408691e+00,1.840000033378601074e+00,1.888000130653381348e+00,1.940000057220458984e+00,1.950000047683715820e+00,1.905000090599060059e+00,1.835000038146972656e+00,1.750000119209289551e+00,1.675000071525573730e+00,1.630000114440917969e+00,1.643000125885009766e+00,1.640000104904174805e+00,1.655000090599060059e+00,1.653000116348266602e+00,1.675000071525573730e+00,1.683000087738037109e+00,1.680000066757202148e+00,1.630000114440917969e+00,1.620000123977661133e+00,1.565000057220458984e+00,1.515000104904174805e+00,1.458000063896179199e+00,1.408000111579895020e+00,1.385000109672546387e+00,1.390000104904174805e+00,1.378000020980834961e+00,1.363000035285949707e+00,1.368000030517578125e+00,1.308000087738037109e+00,1.318000078201293945e+00,1.263000011444091797e+00,1.283000111579895020e+00,1.288000106811523438e+00,1.278000116348266602e+00,1.253000020980834961e+00,1.213000059127807617e+00,1.135000109672546387e+00,1.030000090599060059e+00,8.680000305175781250e-01,6.580000519752502441e-01,4.630000293254852295e-01,2.550000250339508057e-01,5.500000342726707458e-02,-1.400000005960464478e-01,-3.350000083446502686e-01,-4.800000190734863281e-01,-5.920000076293945312e-01,-6.920000314712524414e-01,-7.870000600814819336e-01,-9.250000715255737305e-01,-1.035000085830688477e+00,-1.125000000000000000e+00,-1.160000085830688477e+00,-1.145000100135803223e+00,-1.142000079154968262e+00,-1.115000009536743164e+00,-1.125000000000000000e+00,-1.160000085830688477e+00,-1.172000050544738770e+00,-1.210000038146972656e+00,-1.282000064849853516e+00,-1.340000033378601074e+00,-1.425000071525573730e+00,-1.522000074386596680e+00,-1.582000017166137695e+00,-1.627000093460083008e+00,-1.640000104904174805e+00,-1.630000114440917969e+00,-1.612000107765197754e+00,-1.617000102996826172e+00,-1.622000098228454590e+00,-1.625000119209289551e+00,-1.635000109672546387e+00,-1.637000083923339844e+00,-1.642000079154968262e+00,-1.645000100135803223e+00,-1.640000104904174805e+00,-1.637000083923339844e+00,-1.642000079154968262e+00,-1.652000069618225098e+00,-1.667000055313110352e+00,-1.680000066757202148e+00,-1.682000041007995605e+00,-1.680000066757202148e+00,-1.682000041007995605e+00,-1.670000076293945312e+00,-1.667000055313110352e+00,-1.657000064849853516e+00,-1.642000079154968262e+00,-1.627000093460083008e+00,-1.617000102996826172e+00,-1.610000133514404297e+00,-1.597000122070312500e+00,-1.590000033378601074e+00,-1.587000131607055664e+00,-1.577000021934509277e+00,-1.575000047683715820e+00,-1.577000021934509277e+00,-1.577000021934509277e+00,-1.570000052452087402e+00,-1.552000045776367188e+00,-1.535000085830688477e+00,-1.512000083923339844e+00,-1.490000128746032715e+00,-1.470000028610229492e+00,-1.447000026702880859e+00,-1.432000041007995605e+00,-1.410000085830688477e+00,-1.382000088691711426e+00,-1.367000102996826172e+00,-1.342000007629394531e+00,-1.302000045776367188e+00,-1.267000079154968262e+00,-1.230000019073486328e+00,-1.202000021934509277e+00
-1.257000088691711426e+00,-1.227000117301940918e+00,-1.185000061988830566e+00,-1.125000000000000000e+00,-1.105000019073486328e+00,-1.100000023841857910e+00,-1.092000007629394531e+00,-1.082000017166137695e+00,-1.070000052452087402e+00,-1.065000057220458984e+00,-1.060000061988830566e+00,-1.072000026702880859e+00,-1.067000031471252441e+00,-1.077000021934509277e+00,-1.070000052452087402e+00,-1.085000038146972656e+00,-1.101999998092651367e+00,-1.117000102996826172e+00,-1.110000014305114746e+00,-1.095000028610229492e+00,-1.067000031471252441e+00,-1.065000057220458984e+00,-1.042000055313110352e+00,-1.032000064849853516e+00,-1.045000076293945312e+00,-1.040000081062316895e+00,-1.042000055313110352e+00,-1.023000001907348633e+00,-1.008000016212463379e+00,-1.008000016212463379e+00,-1.027000069618225098e+00,-1.027000069618225098e+00,-1.023000001907348633e+00,-1.025000095367431641e+00,-1.018000006675720215e+00,-9.920000433921813965e-01,-9.800000190734863281e-01,-9.650000333786010742e-01,-9.450000524520874023e-01,-9.450000524520874023e-01,-9.420000314712524414e-01,-9.300000667572021484e-01,-8.920000195503234863e-01,-8.720000386238098145e-01,-8.420000672340393066e-01,-8.320000171661376953e-01,-8.400000333786010742e-01,-8.500000238418579102e-01,-8.670000433921813965e-01,-8.850000500679016113e-01,-9.200000166893005371e-01,-9.550000429153442383e-01,-9.820000529289245605e-01,-1.025000095367431641e+00,-1.065000057220458984e+00,-1.110000014305114746e+00,-1.165000081062316895e+00,-1.220000028610229492e+00,-1.265000104904174805e+00,-1.312000036239624023e+00,-1.347000122070312500e+00,-1.360000014305114746e+00,-1.375000119209289551e+00,-1.400000095367431641e+00,-1.412000060081481934e+00,-1.445000052452087402e+00,-1.485000014305114746e+00,-1.540000081062316895e+00,-1.567000031471252441e+00,-1.582000017166137695e+00,-1.580000042915344238e+00,-1.575000047683715820e+00,-1.565000057220458984e+00,-1.565000057220458984e+00,-1.542000055313110352e+00,-1.512000083923339844e+00,-1.492000102996826172e+00,-1.462000012397766113e+00,-1.457000017166137695e+00,-1.447000026702880859e+00,-1.450000047683715820e+00,-1.477000117301940918e+00,-1.515000104904174805e+00,-1.542000055313110352e+00,-1.585000038146972656e+00,-1.622000098228454590e+00,-1.640000104904174805e+00,-1.647000074386596680e+00,-1.637000083923339844e+00,-1.622000098228454590e+00,-1.607000112533569336e+00,-1.607000112533569336e+00,-1.605000019073486328e+00,-1.595000028610229492e+00,-1.562000036239624023e+00,-1.505000114440917969e+00,-1.450000047683715820e+00,-1.420000076293945312e+00,-1.442000031471252441e+00,-1.475000023841857910e+00,-1.495000123977661133e+00,-1.470000028610229492e+00,-1.427000045776367188e+00,-1.392000079154968262e+00,-1.377000093460083008e+00,-1.360000014305114746e+00,-1.350000023841857910e+00,-1.350000023841857910e+00,-1.357000112533569336e+00,-1.372000098228454590e+00,-1.357000112533569336e+00,-1.330000042915344238e+00,-1.302000045776367188e+00,-1.272000074386596680e+00,-1.242000102996826172e+00,-1.205000042915344238e+00,-1.167000055313110352e+00,-1.135000109672546387e+00,-1.092000007629394531e+00,-1.085000038146972656e+00,-1.060000061988830566e+00,-1.020000100135803223e+00,-1.000000000000000000e+00,-9.250000715255737305e-01,-9.600000381469726562e-01,-8.770000338554382324e-01,-8.850000500679016113e-01,-8.120000362396240234e-01,-8.000000119209289551e-01,-7.900000214576721191e-01,-7.870000600814819336e-01,-8.250000476837158203e-01,-8.500000238418579102e-01,-8.700000643730163574e-01,-9.220000505447387695e-01,-9.400000572204589844e-01,-9.300000667572021484e-01,-9.220000505447387695e-01,-9.300000667572021484e-01,-9.120000600814819336e-01,-8.670000433921813965e-01,-8.470000624656677246e-01,-8.520000576972961426e-01,-8.620000481605529785e-01,-8.850000500679016113e-01,-9.420000314712524414e-01,-9.900000691413879395e-01,-1.025000095367431641e+00,-1.042000055313110352e+00,-1.070000052452087402e+00,-1.087000012397766113e+00,-1.132000088691711426e+00,-1.182000041007995605e+00,-1.227000117301940918e+00,-1.260000109672546387e+00,-1.275000095367431641e+00,-1.272000074386596680e+00,-1.270000100135803223e+00,-1.275000095367431641e+00,-1.300000071525573730e+00,-1.327000021934509277e+00,-1.327000021934509277e+00,-1.312000036239624023e+00,-1.280000090599060059e+00,-1.267000079154968262e+00,-1.237000107765197754e+00,-1.190000057220458984e+00,-1.129999995231628418e+00,-1.055000066757202148e+00,-9.850000739097595215e-01,-9.220000505447387695e-01,-8.370000123977661133e-01,-7.500000596046447754e-01,-6.600000262260437012e-01,-5.649999976158142090e-01,-4.600000083446502686e-01,-3.800000250339508057e-01,-3.220000267028808594e-01,-2.800000011920928955e-01,-2.620000243186950684e-01,-2.500000000000000000e-01,-2.470000088214874268e-01,-2.550000250339508057e-01,-2.900000214576721191e-01,-3.250000178813934326e-01,-3.670000135898590088e-01,-4.050000309944152832e-01,-4.670000076293945312e-01,-5.320000052452087402e-01,-6.120000481605529785e-01,-6.720000505447387695e-01,-7.350000143051147461e-01,-7.770000100135803223e-01,-8.170000314712524414e-01,-8.320000171661376953e-01,-8.620000481605529785e-01,-8.670000433921813965e-01,-8.850000500679016113e-01,-8.820000290870666504e-01,-8.850000500679016113e-01,-8.650000691413879395e-01,-8.500000238418579102e-01,-8.570000529289245605e-01,-8.720000386238098145e-01,-9.170000553131103516e-01,-9.700000286102294922e-01,-1.009999990463256836e+00,-1.032000064849853516e+00,-1.027000069618225098e+00,-1.009999990463256836e+00,-9.820000529289245605e-01,-9.270000457763671875e-01,-8.600000143051147461e-01,-7.900000214576721191e-01,-7.170000076293945312e-01,-6.250000000000000000e-01,-5.400000214576721191e-01,-4.670000076293945312e-01,-3.670000135898590088e-01,-2.950000166893005371e-01,-2.170000076293945312e-01,-1.800000071525573730e-01,-1.550000011920928955e-01,-1.200000047683715820e-01,-1.000000014901161194e-01,-6.700000166893005371e-02,-2.000000141561031342e-02,4.300000146031379700e-02,1.280000060796737671e-01,1.900000125169754028e-01,2.580000162124633789e-01,3.180000185966491699e-01,3.930000066757202148e-01,4.750000238418579102e-01,5.330000519752502441e-01,6.080000400543212891e-01,6.880000233650207520e-01,7.380000352859497070e-01,7.850000262260437012e-01,8.100000619888305664e-01,8.550000190734863281e-01,8.830000162124633789e-01,9.430000185966491699e-01,1.004999995231628418e+00,1.088000059127807617e+00,1.128000020980834961e+00,1.175000071525573730e+00,1.233000040054321289e+00,1.283000111579895020e+00,1.295000076293945312e+00,1.290000081062316895e+00,1.223000049591064453e+00,1.152999997138977051e+00,1.090000033378601074e+00,1.050000071525573730e+00,1.027999997138977051e+00,9.980000257492065430e-01,9.650000333786010742e-01,9.330000281333923340e-01,9.130000472068786621e-01,8.730000257492065430e-01,8.480000495910644531e-01,8.280000686645507812e-01,7.980000376701354980e-01,7.680000066757202148e-01,7.200000286102294922e-01,6.880000233650207520e-01,6.150000095367431641e-01,6.050000190734863281e-01,5.830000042915344238e-01,5.649999976158142090e-01,5.450000166893005371e-01,5.030000209808349609e-01,4.950000345706939697e-01,4.100000262260437012e-01,3.980000317096710205e-01,3.380000293254852295e-01,3.430000245571136475e-01,3.250000178813934326e-01,3.250000178813934326e-01,2.800000011920928955e-01,2.180000096559524536e-01,1.030000075697898865e-01,-3.700000047683715820e-02,-1.970000118017196655e-01,-3.770000040531158447e-01,-5.250000357627868652e-01,-6.770000457763671875e-01,-8.050000667572021484e-01,-8.920000195503234863e-01,-9.900000691413879395e-01,-1.023000001907348633e+00,-1.065000057220458984e+00,-1.117000102996826172e+00,-1.187000036239624023e+00,-1.265000104904174805e+00,-1.267000079154968262e+00,-1.225000023841857910e+00,-1.117000102996826172e+00,-1.101999998092651367e+00,-1.305000066757202148e+00,-1.347000122070312500e+00,-1.129999995231628418e+00,-1.422000050544738770e+00,-1.460000038146972656e+00,-1.547000050544738770e+00,-1.587000131607055664e+00,-1.655000090599060059e+00,-1.687000036239624023e+00,-1.700000047683715820e+00,-1.710000038146972656e+00,-1.717000126838684082e+00,-1.712000131607055664e+00,-1.715000033378601074e+00,-1.720000028610229492e+00,-1.717000126838684082e+00,-1.715000033378601074e+00,-1.722000122070312500e+00,-1.737000107765197754e+00,-1.740000128746032715e+00,-1.742000102996826172e+00,-1.742000102996826172e+00,-1.742000102996826172e+00,-1.745000123977661133e+00,-1.747000098228454590e+00,-1.745000123977661133e+00,-1.745000123977661133e+00,-1.742000102996826172e+00,-1.735000133514404297e+00,-1.735000133514404297e+00,-1.727000117301940918e+00,-1.717000126838684082e+00,-1.710000038146972656e+00,-1.702000021934509277e+00,-1.700000047683715820e+00,-1.690000057220458984e+00,-1.680000066757202148e+00,-1.677000045776367188e+00,-1.672000050544738770e+00,-1.665000081062316895e+00,-1.662000060081481934e+00,-1.657000064849853516e+00,-1.650000095367431641e+00,-1.645000100135803223e+00,-1.632000088691711426e+00,-1.612000107765197754e+00,-1.605000019073486328e+00,-1.580000042915344238e+00,-1.560000061988830566e+00,-1.545000076293945312e+00,-1.532000064849853516e+00,-1.520000100135803223e+00,-1.510000109672546387e+00,-1.495000123977661133e+00,-1.467000126838684082e+00,-1.437000036239624023e+00,-1.410000085830688477e+00,-1.367000102996826172e+00,-1.330000042915344238e+00,-1.292000055313110352e+00
-1.337000012397766113e+00,-1.307000041007995605e+00,-1.255000114440917969e+00,-1.192000031471252441e+00,-1.180000066757202148e+00,-1.180000066757202148e+00,-1.195000052452087402e+00,-1.197000026702880859e+00,-1.185000061988830566e+00,-1.190000057220458984e+00,-1.212000012397766113e+00,-1.207000017166137695e+00,-1.210000038146972656e+00,-1.230000019073486328e+00,-1.240000009536743164e+00,-1.247000098228454590e+00,-1.257000088691711426e+00,-1.257000088691711426e+00,-1.260000109672546387e+00,-1.255000114440917969e+00,-1.242000102996826172e+00,-1.242000102996826172e+00,-1.227000117301940918e+00,-1.210000038146972656e+00,-1.205000042915344238e+00,-1.185000061988830566e+00,-1.185000061988830566e+00,-1.185000061988830566e+00,-1.177000045776367188e+00,-1.172000050544738770e+00,-1.175000071525573730e+00,-1.192000031471252441e+00,-1.187000036239624023e+00,-1.152000069618225098e+00,-1.137000083923339844e+00,-1.100000023841857910e+00,-1.075000047683715820e+00,-1.052000045776367188e+00,-1.035000085830688477e+00,-1.009999990463256836e+00,-1.009999990463256836e+00,-1.008000016212463379e+00,-9.850000739097595215e-01,-9.870000481605529785e-01,-9.550000429153442383e-01,-9.670000672340393066e-01,-9.950000643730163574e-01,-1.020000100135803223e+00,-1.075000047683715820e+00,-1.115000009536743164e+00,-1.155000090599060059e+00,-1.175000071525573730e+00,-1.205000042915344238e+00,-1.237000107765197754e+00,-1.285000085830688477e+00,-1.360000014305114746e+00,-1.432000041007995605e+00,-1.500000119209289551e+00,-1.545000076293945312e+00,-1.570000052452087402e+00,-1.587000131607055664e+00,-1.605000019073486328e+00,-1.612000107765197754e+00,-1.630000114440917969e+00,-1.637000083923339844e+00,-1.660000085830688477e+00,-1.682000041007995605e+00,-1.702000021934509277e+00,-1.715000033378601074e+00,-1.715000033378601074e+00,-1.705000042915344238e+00,-1.692000031471252441e+00,-1.670000076293945312e+00,-1.665000081062316895e+00,-1.652000069618225098e+00,-1.635000109672546387e+00,-1.627000093460083008e+00,-1.610000133514404297e+00,-1.600000023841857910e+00,-1.597000122070312500e+00,-1.607000112533569336e+00,-1.617000102996826172e+00,-1.645000100135803223e+00,-1.677000045776367188e+00,-1.692000031471252441e+00,-1.700000047683715820e+00,-1.707000136375427246e+00,-1.712000131607055664e+00,-1.712000131607055664e+00,-1.712000131607055664e+00,-1.712000131607055664e+00,-1.712000131607055664e+00,-1.705000042915344238e+00,-1.655000090599060059e+00,-1.547000050544738770e+00,-1.505000114440917969e+00,-1.575000047683715820e+00,-1.675000071525573730e+00,-1.730000138282775879e+00,-1.695000052452087402e+00,-1.670000076293945312e+00,-1.660000085830688477e+00,-1.625000119209289551e+00,-1.600000023841857910e+00,-1.590000033378601074e+00,-1.590000033378601074e+00,-1.595000028610229492e+00,-1.592000126838684082e+00,-1.570000052452087402e+00,-1.540000081062316895e+00,-1.500000119209289551e+00,-1.480000019073486328e+00,-1.455000042915344238e+00,-1.465000033378601074e+00,-1.475000023841857910e+00,-1.487000107765197754e+00,-1.467000126838684082e+00,-1.387000083923339844e+00,-1.307000041007995605e+00,-1.235000014305114746e+00,-1.190000057220458984e+00,-1.150000095367431641e+00,-1.120000004768371582e+00,-1.095000028610229492e+00,-1.067000031471252441e+00,-1.087000012397766113e+00,-1.020000100135803223e+00,-1.037000060081481934e+00,-1.060000061988830566e+00,-1.097000002861022949e+00,-1.127000093460083008e+00,-1.137000083923339844e+00,-1.205000042915344238e+00,-1.232000112533569336e+00,-1.185000061988830566e+00,-1.305000066757202148e+00,-1.302000045776367188e+00,-1.275000095367431641e+00,-1.242000102996826172e+00,-1.207000017166137695e+00,-1.187000036239624023e+00,-1.187000036239624023e+00,-1.187000036239624023e+00,-1.182000041007995605e+00,-1.212000012397766113e+00,-1.257000088691711426e+00,-1.272000074386596680e+00,-1.295000076293945312e+00,-1.320000052452087402e+00,-1.350000023841857910e+00,-1.372000098228454590e+00,-1.407000064849853516e+00,-1.427000045776367188e+00,-1.437000036239624023e+00,-1.455000042915344238e+00,-1.462000012397766113e+00,-1.467000126838684082e+00,-1.465000033378601074e+00,-1.477000117301940918e+00,-1.482000112533569336e+00,-1.485000014305114746e+00,-1.467000126838684082e+00,-1.450000047683715820e+00,-1.430000066757202148e+00,-1.395000100135803223e+00,-1.345000028610229492e+00,-1.297000050544738770e+00,-1.237000107765197754e+00,-1.192000031471252441e+00,-1.152000069618225098e+00,-1.132000088691711426e+00,-1.122000098228454590e+00,-1.087000012397766113e+00,-1.035000085830688477e+00,-9.770000576972961426e-01,-9.070000648498535156e-01,-8.470000624656677246e-01,-7.850000262260437012e-01,-7.370000481605529785e-01,-6.770000457763671875e-01,-6.220000386238098145e-01,-5.920000076293945312e-01,-5.850000381469726562e-01,-5.950000286102294922e-01,-6.170000433921813965e-01,-6.470000147819519043e-01,-6.720000505447387695e-01,-7.270000576972961426e-01,-7.950000166893005371e-01,-8.450000286102294922e-01,-9.100000262260437012e-01,-9.620000720024108887e-01,-1.000000000000000000e+00,-1.020000100135803223e+00,-1.060000061988830566e+00,-1.090000033378601074e+00,-1.110000014305114746e+00,-1.132000088691711426e+00,-1.129999995231628418e+00,-1.101999998092651367e+00,-1.082000017166137695e+00,-1.075000047683715820e+00,-1.060000061988830566e+00,-1.052000045776367188e+00,-1.057000041007995605e+00,-1.077000021934509277e+00,-1.077000021934509277e+00,-1.082000017166137695e+00,-1.070000052452087402e+00,-1.050000071525573730e+00,-1.032000064849853516e+00,-1.008000016212463379e+00,-9.670000672340393066e-01,-9.320000410079956055e-01,-9.000000357627868652e-01,-8.700000643730163574e-01,-8.170000314712524414e-01,-7.870000600814819336e-01,-7.420000433921813965e-01,-6.920000314712524414e-01,-6.320000290870666504e-01,-5.950000286102294922e-01,-5.550000071525573730e-01,-5.220000147819519043e-01,-4.970000088214874268e-01,-4.800000190734863281e-01,-4.470000267028808594e-01,-4.020000100135803223e-01,-3.520000278949737549e-01,-2.970000207424163818e-01,-2.550000250339508057e-01,-2.300000041723251343e-01,-1.920000016689300537e-01,-1.500000059604644775e-01,-1.270000040531158447e-01,-7.500000298023223877e-02,-3.000000119209289551e-02,2.300000190734863281e-02,8.300000429153442383e-02,1.200000047683715820e-01,1.630000025033950806e-01,1.930000036954879761e-01,2.500000000000000000e-01,3.200000226497650146e-01,3.730000257492065430e-01,4.050000309944152832e-01,4.450000226497650146e-01,4.750000238418579102e-01,4.950000345706939697e-01,5.080000162124633789e-01,4.780000150203704834e-01,4.330000281333923340e-01,3.900000154972076416e-01,3.530000150203704834e-01,3.300000131130218506e-01,3.130000233650207520e-01,2.930000126361846924e-01,2.400000095367431641e-01,2.080000042915344238e-01,1.430000066757202148e-01,9.500000625848770142e-02,6.000000238418579102e-02,3.299999982118606567e-02,3.500000014901161194e-02,5.000000353902578354e-03,-7.000000216066837311e-03,-4.000000283122062683e-02,-9.700000286102294922e-02,-1.550000011920928955e-01,-1.670000106096267700e-01,-1.620000004768371582e-01,-1.570000052452087402e-01,-1.600000113248825073e-01,-2.020000070333480835e-01,-2.370000183582305908e-01,-2.920000255107879639e-01,-2.950000166893005371e-01,-3.120000064373016357e-01,-3.600000143051147461e-01,-3.620000183582305908e-01,-3.970000147819519043e-01,-4.550000131130218506e-01,-5.250000357627868652e-01,-6.020000576972961426e-01,-7.020000219345092773e-01,-8.150000572204589844e-01,-9.220000505447387695e-01,-1.015000104904174805e+00,-1.095000028610229492e+00,-1.142000079154968262e+00,-1.167000055313110352e+00,-1.200000047683715820e+00,-1.215000033378601074e+00,-1.252000093460083008e+00,-1.275000095367431641e+00,-1.315000057220458984e+00,-1.200000047683715820e+00,-1.175000071525573730e+00,1.000000020040877343e+20,1.000000020040877343e+20,-1.810000061988830566e+00,-1.752000093460083008e+00,-1.747000098228454590e+00,-1.727000117301940918e+00,-1.705000042915344238e+00,-1.720000028610229492e+00,-1.742000102996826172e+00,-1.765000104904174805e+00,-1.770000100135803223e+00,-1.775000095367431641e+00,-1.775000095367431641e+00,-1.772000074386596680e+00,-1.772000074386596680e+00,-1.777000069618225098e+00,-1.780000090599060059e+00,-1.777000069618225098e+00,-1.772000074386596680e+00,-1.772000074386596680e+00,-1.777000069618225098e+00,-1.777000069618225098e+00,-1.775000095367431641e+00,-1.780000090599060059e+00,-1.777000069618225098e+00,-1.782000064849853516e+00,-1.782000064849853516e+00,-1.785000085830688477e+00,-1.777000069618225098e+00,-1.772000074386596680e+00,-1.770000100135803223e+00,-1.765000104904174805e+00,-1.762000083923339844e+00,-1.752000093460083008e+00,-1.747000098228454590e+00,-1.745000123977661133e+00,-1.740000128746032715e+00,-1.727000117301940918e+00,-1.722000122070312500e+00,-1.712000131607055664e+00,-1.702000021934509277e+00,-1.705000042915344238e+00,-1.702000021934509277e+00,-1.700000047683715820e+00,-1.705000042915344238e+00,-1.695000052452087402e+00,-1.682000041007995605e+00,-1.667000055313110352e+00,-1.652000069618225098e+00,-1.642000079154968262e+00,-1.625000119209289551e+00,-1.607000112533569336e+00,-1.592000126838684082e+00,-1.582000017166137695e+00,-1.567000031471252441e+00,-1.550000071525573730e+00,-1.522000074386596680e+00,-1.497000098228454590e+00,-1.462000012397766113e+00,-1.430000066757202148e+00,-1.405000090599060059e+00,-1.370000123977661133e+00
-1.420000076293945312e+00,-1.397000074386596680e+00,-1.355000019073486328e+00,-1.327000021934509277e+00,-1.330000042915344238e+00,-1.357000112533569336e+00,-1.357000112533569336e+00,-1.355000019073486328e+00,-1.350000023841857910e+00,-1.347000122070312500e+00,-1.357000112533569336e+00,-1.365000009536743164e+00,-1.382000088691711426e+00,-1.390000104904174805e+00,-1.400000095367431641e+00,-1.405000090599060059e+00,-1.412000060081481934e+00,-1.410000085830688477e+00,-1.417000055313110352e+00,-1.415000081062316895e+00,-1.417000055313110352e+00,-1.412000060081481934e+00,-1.400000095367431641e+00,-1.400000095367431641e+00,-1.385000109672546387e+00,-1.380000114440917969e+00,-1.375000119209289551e+00,-1.382000088691711426e+00,-1.380000114440917969e+00,-1.372000098228454590e+00,-1.377000093460083008e+00,-1.365000009536743164e+00,-1.342000007629394531e+00,-1.312000036239624023e+00,-1.257000088691711426e+00,-1.232000112533569336e+00,-1.207000017166137695e+00,-1.180000066757202148e+00,-1.157000064849853516e+00,-1.137000083923339844e+00,-1.129999995231628418e+00,-1.129999995231628418e+00,-1.142000079154968262e+00,-1.140000104904174805e+00,-1.157000064849853516e+00,-1.180000066757202148e+00,-1.212000012397766113e+00,-1.260000109672546387e+00,-1.310000061988830566e+00,-1.362000107765197754e+00,-1.392000079154968262e+00,-1.392000079154968262e+00,-1.422000050544738770e+00,-1.452000021934509277e+00,-1.502000093460083008e+00,-1.570000052452087402e+00,-1.657000064849853516e+00,-1.715000033378601074e+00,-1.740000128746032715e+00,-1.752000093460083008e+00,-1.757000088691711426e+00,-1.762000083923339844e+00,-1.765000104904174805e+00,-1.762000083923339844e+00,-1.765000104904174805e+00,-1.757000088691711426e+00,-1.750000119209289551e+00,-1.742000102996826172e+00,-1.740000128746032715e+00,-1.730000138282775879e+00,-1.740000128746032715e+00,-1.740000128746032715e+00,-1.730000138282775879e+00,-1.727000117301940918e+00,-1.717000126838684082e+00,-1.705000042915344238e+00,-1.700000047683715820e+00,-1.685000061988830566e+00,-1.677000045776367188e+00,-1.677000045776367188e+00,-1.692000031471252441e+00,-1.730000138282775879e+00,-1.752000093460083008e+00,-1.755000114440917969e+00,-1.747000098228454590e+00,-1.750000119209289551e+00,-1.752000093460083008e+00,-1.750000119209289551e+00,-1.757000088691711426e+00,-1.740000128746032715e+00,-1.702000021934509277e+00,-1.670000076293945312e+00,-1.615000128746032715e+00,-1.525000095367431641e+00,-1.452000021934509277e+00,-1.502000093460083008e+00,-1.492000102996826172e+00,-1.555000066757202148e+00,-1.812000036239624023e+00,-1.795000076293945312e+00,-1.737000107765197754e+00,-1.752000093460083008e+00,-1.735000133514404297e+00,-1.645000100135803223e+00,-1.657000064849853516e+00,-1.750000119209289551e+00,-1.720000028610229492e+00,-1.720000028610229492e+00,-1.630000114440917969e+00,-1.592000126838684082e+00,-1.550000071525573730e+00,-1.577000021934509277e+00,-1.580000042915344238e+00,-1.610000133514404297e+00,-1.640000104904174805e+00,-1.705000042915344238e+00,-1.702000021934509277e+00,-1.665000081062316895e+00,-1.552000045776367188e+00,-1.430000066757202148e+00,-1.385000109672546387e+00,-1.370000123977661133e+00,-1.350000023841857910e+00,-1.397000074386596680e+00,-1.490000128746032715e+00,-1.507000088691711426e+00,-1.430000066757202148e+00,-1.485000014305114746e+00,-1.552000045776367188e+00,-1.582000017166137695e+00,-1.545000076293945312e+00,-1.520000100135803223e+00,-1.527000069618225098e+00,-1.527000069618225098e+00,1.000000020040877343e+20,-1.650000095367431641e+00,-1.662000060081481934e+00,-1.660000085830688477e+00,-1.615000128746032715e+00,-1.582000017166137695e+00,-1.552000045776367188e+00,-1.540000081062316895e+00,-1.527000069618225098e+00,-1.505000114440917969e+00,-1.497000098228454590e+00,-1.502000093460083008e+00,-1.512000083923339844e+00,-1.525000095367431641e+00,-1.540000081062316895e+00,-1.562000036239624023e+00,-1.597000122070312500e+00,-1.617000102996826172e+00,-1.620000123977661133e+00,-1.615000128746032715e+00,-1.602000117301940918e+00,-1.592000126838684082e+00,-1.587000131607055664e+00,-1.590000033378601074e+00,-1.595000028610229492e+00,-1.600000023841857910e+00,-1.587000131607055664e+00,-1.565000057220458984e+00,-1.532000064849853516e+00,-1.497000098228454590e+00,-1.460000038146972656e+00,-1.417000055313110352e+00,-1.382000088691711426e+00,-1.337000012397766113e+00,-1.310000061988830566e+00,-1.277000069618225098e+00,-1.257000088691711426e+00,-1.232000112533569336e+00,-1.205000042915344238e+00,-1.185000061988830566e+00,-1.162000060081481934e+00,-1.110000014305114746e+00,-1.065000057220458984e+00,-1.018000006675720215e+00,-9.900000691413879395e-01,-9.600000381469726562e-01,-9.020000696182250977e-01,-8.600000143051147461e-01,-8.320000171661376953e-01,-8.270000219345092773e-01,-8.320000171661376953e-01,-8.420000672340393066e-01,-8.720000386238098145e-01,-9.070000648498535156e-01,-9.350000619888305664e-01,-1.000000000000000000e+00,-1.055000066757202148e+00,-1.117000102996826172e+00,-1.157000064849853516e+00,-1.202000021934509277e+00,-1.237000107765197754e+00,-1.260000109672546387e+00,-1.275000095367431641e+00,-1.275000095367431641e+00,-1.267000079154968262e+00,-1.252000093460083008e+00,-1.240000009536743164e+00,-1.227000117301940918e+00,-1.227000117301940918e+00,-1.215000033378601074e+00,-1.205000042915344238e+00,-1.200000047683715820e+00,-1.195000052452087402e+00,-1.182000041007995605e+00,-1.175000071525573730e+00,-1.162000060081481934e+00,-1.137000083923339844e+00,-1.101999998092651367e+00,-1.057000041007995605e+00,-1.023000001907348633e+00,-1.003000020980834961e+00,-9.700000286102294922e-01,-9.570000171661376953e-01,-9.170000553131103516e-01,-8.870000243186950684e-01,-8.520000576972961426e-01,-8.620000481605529785e-01,-8.500000238418579102e-01,-8.400000333786010742e-01,-8.400000333786010742e-01,-8.400000333786010742e-01,-8.220000267028808594e-01,-8.070000410079956055e-01,-7.920000553131103516e-01,-7.650000452995300293e-01,-7.420000433921813965e-01,-7.220000624656677246e-01,-7.250000238418579102e-01,-7.220000624656677246e-01,-7.200000286102294922e-01,-7.120000123977661133e-01,-7.120000123977661133e-01,-6.750000119209289551e-01,-6.220000386238098145e-01,-5.770000219345092773e-01,-5.370000004768371582e-01,-4.850000143051147461e-01,-4.370000064373016357e-01,-3.820000290870666504e-01,-3.300000131130218506e-01,-2.950000166893005371e-01,-2.750000059604644775e-01,-2.770000100135803223e-01,-2.820000052452087402e-01,-2.850000262260437012e-01,-3.070000112056732178e-01,-3.450000286102294922e-01,-3.720000088214874268e-01,-3.800000250339508057e-01,-3.520000278949737549e-01,-3.420000076293945312e-01,-3.200000226497650146e-01,-3.270000219345092773e-01,-3.650000095367431641e-01,-4.070000052452087402e-01,-4.650000333786010742e-01,-5.220000147819519043e-01,-5.450000166893005371e-01,-5.470000505447387695e-01,-5.620000362396240234e-01,-5.770000219345092773e-01,-6.070000529289245605e-01,-6.300000548362731934e-01,-6.420000195503234863e-01,-6.600000262260437012e-01,-6.300000548362731934e-01,-6.100000143051147461e-01,-5.700000524520874023e-01,-5.500000119209289551e-01,-5.220000147819519043e-01,-5.670000314712524414e-01,-5.850000381469726562e-01,-6.520000100135803223e-01,-7.250000238418579102e-01,-7.400000095367431641e-01,-8.070000410079956055e-01,-8.570000529289245605e-01,-8.900000452995300293e-01,-9.170000553131103516e-01,-9.520000219345092773e-01,-9.920000433921813965e-01,-1.035000085830688477e+00,-1.101999998092651367e+00,-1.152000069618225098e+00,-1.200000047683715820e+00,-1.227000117301940918e+00,-1.237000107765197754e+00,-1.265000104904174805e+00,-1.305000066757202148e+00,-1.325000047683715820e+00,-1.242000102996826172e+00,-1.257000088691711426e+00,1.000000020040877343e+20,1.000000020040877343e+20,-1.817000031471252441e+00,-1.800000071525573730e+00,-1.797000050544738770e+00,-1.795000076293945312e+00,-1.805000066757202148e+00,-1.802000045776367188e+00,-1.800000071525573730e+00,-1.807000041007995605e+00,-1.817000031471252441e+00,-1.822000145912170410e+00,-1.822000145912170410e+00,-1.817000031471252441e+00,-1.817000031471252441e+00,-1.810000061988830566e+00,-1.807000041007995605e+00,-1.812000036239624023e+00,-1.810000061988830566e+00,-1.805000066757202148e+00,-1.802000045776367188e+00,-1.800000071525573730e+00,-1.795000076293945312e+00,-1.797000050544738770e+00,-1.797000050544738770e+00,-1.795000076293945312e+00,-1.797000050544738770e+00,-1.800000071525573730e+00,-1.802000045776367188e+00,-1.802000045776367188e+00,-1.802000045776367188e+00,-1.797000050544738770e+00,-1.790000081062316895e+00,-1.787000060081481934e+00,-1.780000090599060059e+00,-1.767000079154968262e+00,-1.765000104904174805e+00,-1.760000109672546387e+00,-1.752000093460083008e+00,-1.742000102996826172e+00,-1.740000128746032715e+00,-1.737000107765197754e+00,-1.732000112533569336e+00,-1.737000107765197754e+00,-1.742000102996826172e+00,-1.742000102996826172e+00,-1.740000128746032715e+00,-1.740000128746032715e+00,-1.730000138282775879e+00,-1.712000131607055664e+00,-1.707000136375427246e+00,-1.687000036239624023e+00,-1.677000045776367188e+00,-1.662000060081481934e+00,-1.650000095367431641e+00,-1.632000088691711426e+00,-1.625000119209289551e+00,-1.602000117301940918e+00,-1.580000042915344238e+00,-1.555000066757202148e+00,-1.517000079154968262e+00,-1.492000102996826172e+00,-1.462000012397766113e+00,-1.445000052452087402e+00
-1.500000119209289551e+00,-1.487000107765197754e+00,-1.475000023841857910e+00,-1.467000126838684082e+00,-1.477000117301940918e+00,-1.482000112533569336e+00,-1.477000117301940918e+00,-1.480000019073486328e+00,-1.495000123977661133e+00,-1.502000093460083008e+00,-1.525000095367431641e+00,-1.535000085830688477e+00,-1.542000055313110352e+00,-1.540000081062316895e+00,-1.535000085830688477e+00,-1.537000060081481934e+00,-1.537000060081481934e+00,-1.535000085830688477e+00,-1.537000060081481934e+00,-1.532000064849853516e+00,-1.537000060081481934e+00,-1.540000081062316895e+00,-1.542000055313110352e+00,-1.540000081062316895e+00,-1.542000055313110352e+00,-1.532000064849853516e+00,-1.540000081062316895e+00,-1.540000081062316895e+00,-1.535000085830688477e+00,-1.542000055313110352e+00,-1.547000050544738770e+00,-1.555000066757202148e+00,-1.547000050544738770e+00,-1.500000119209289551e+00,-1.460000038146972656e+00,-1.407000064849853516e+00,-1.382000088691711426e+00,-1.357000112533569336e+00,-1.330000042915344238e+00,-1.300000071525573730e+00,-1.305000066757202148e+00,-1.315000057220458984e+00,-1.360000014305114746e+00,-1.410000085830688477e+00,-1.445000052452087402e+00,-1.487000107765197754e+00,-1.512000083923339844e+00,-1.555000066757202148e+00,-1.582000017166137695e+00,-1.595000028610229492e+00,-1.605000019073486328e+00,1.000000020040877343e+20,1.000000020040877343e+20,1.000000020040877343e+20,1.000000020040877343e+20,1.000000020040877343e+20,-1.730000138282775879e+00,-1.757000088691711426e+00,-1.765000104904174805e+00,-1.765000104904174805e+00,-1.762000083923339844e+00,-1.752000093460083008e+00,-1.750000119209289551e+00,-1.742000102996826172e+00,-1.742000102996826172e+00,-1.715000033378601074e+00,-1.670000076293945312e+00,-1.632000088691711426e+00,-1.610000133514404297e+00,-1.622000098228454590e+00,-1.662000060081481934e+00,-1.722000122070312500e+00,-1.747000098228454590e+00,-1.747000098228454590e+00,-1.745000123977661133e+00,-1.727000117301940918e+00,-1.702000021934509277e+00,-1.670000076293945312e+00,-1.650000095367431641e+00,-1.652000069618225098e+00,-1.672000050544738770e+00,-1.745000123977661133e+00,-1.810000061988830566e+00,-1.817000031471252441e+00,-1.817000031471252441e+00,-1.817000031471252441e+00,-1.812000036239624023e+00,-1.782000064849853516e+00,1.000000020040877343e+20,-1.762000083923339844e+00,-1.717000126838684082e+00,-1.657000064849853516e+00,-1.580000042915344238e+00,-1.510000109672546387e+00,-1.480000019073486328e+00,-1.527000069618225098e+00,-1.715000033378601074e+00,-1.787000060081481934e+00,-1.800000071525573730e+00,-1.770000100135803223e+00,1.000000020040877343e+20,1.000000020040877343e+20,1.000000020040877343e+20,1.000000020040877343e+20,1.000000020040877343e+20,1.000000020040877343e+20,1.000000020040877343e+20,1.000000020040877343e+20,-1.622000098228454590e+00,-1.617000102996826172e+00,-1.590000033378601074e+00,1.000000020040877343e+20,1.000000020040877343e+20,1.000000020040877343e+20,1.000000020040877343e+20,-1.717000126838684082e+00,-1.697000026702880859e+00,-1.725000023841857910e+00,-1.640000104904174805e+00,-1.575000047683715820e+00,-1.557000041007995605e+00,-1.672000050544738770e+00,-1.705000042915344238e+00,-1.695000052452087402e+00,-1.730000138282775879e+00,-1.722000122070312500e+00,1.000000020040877343e+20,-1.667000055313110352e+00,-1.675000071525573730e+00,-1.687000036239624023e+00,1.000000020040877343e+20,1.000000020040877343e+20,1.000000020040877343e+20,1.000000020040877343e+20,1.000000020040877343e+20,1.000000020040877343e+20,1.000000020040877343e+20,-1.745000123977661133e+00,-1.742000102996826172e+00,-1.732000112533569336e+00,-1.705000042915344238e+00,-1.695000052452087402e+00,-1.670000076293945312e+00,-1.625000119209289551e+00,-1.612000107765197754e+00,-1.622000098228454590e+00,-1.575000047683715820e+00,-1.562000036239624023e+00,-1.595000028610229492e+00,-1.642000079154968262e+00,-1.695000052452087402e+00,-1.697000026702880859e+00,-1.697000026702880859e+00,-1.692000031471252441e+00,-1.690000057220458984e+00,-1.680000066757202148e+00,-1.675000071525573730e+00,-1.672000050544738770e+00,-1.672000050544738770e+00,-1.667000055313110352e+00,-1.660000085830688477e+00,-1.635000109672546387e+00,-1.607000112533569336e+00,-1.565000057220458984e+00,-1.520000100135803223e+00,-1.497000098228454590e+00,-1.472000122070312500e+00,-1.450000047683715820e+00,-1.420000076293945312e+00,-1.380000114440917969e+00,-1.355000019073486328e+00,-1.337000012397766113e+00,-1.325000047683715820e+00,-1.320000052452087402e+00,-1.312000036239624023e+00,-1.292000055313110352e+00,-1.255000114440917969e+00,-1.215000033378601074e+00,-1.190000057220458984e+00,-1.175000071525573730e+00,-1.142000079154968262e+00,-1.112000107765197754e+00,-1.082000017166137695e+00,-1.072000026702880859e+00,-1.072000026702880859e+00,-1.072000026702880859e+00,-1.100000023841857910e+00,-1.140000104904174805e+00,-1.177000045776367188e+00,-1.210000038146972656e+00,-1.260000109672546387e+00,-1.290000081062316895e+00,-1.315000057220458984e+00,-1.347000122070312500e+00,-1.367000102996826172e+00,-1.385000109672546387e+00,-1.392000079154968262e+00,-1.390000104904174805e+00,-1.387000083923339844e+00,-1.377000093460083008e+00,-1.372000098228454590e+00,-1.367000102996826172e+00,-1.367000102996826172e+00,-1.360000014305114746e+00,-1.355000019073486328e+00,-1.355000019073486328e+00,-1.355000019073486328e+00,-1.352000117301940918e+00,-1.345000028610229492e+00,-1.332000017166137695e+00,-1.302000045776367188e+00,-1.262000083923339844e+00,-1.210000038146972656e+00,-1.177000045776367188e+00,-1.142000079154968262e+00,-1.097000002861022949e+00,-1.062000036239624023e+00,-1.018000006675720215e+00,-9.920000433921813965e-01,-9.400000572204589844e-01,-9.450000524520874023e-01,-9.700000286102294922e-01,-9.670000672340393066e-01,-9.800000190734863281e-01,-9.900000691413879395e-01,-9.950000643730163574e-01,-1.004999995231628418e+00,-1.008000016212463379e+00,-1.027000069618225098e+00,-1.018000006675720215e+00,-1.009999990463256836e+00,-1.013000011444091797e+00,-1.009999990463256836e+00,-1.015000104904174805e+00,-1.013000011444091797e+00,-1.027000069618225098e+00,-1.004999995231628418e+00,-9.920000433921813965e-01,-9.670000672340393066e-01,-9.370000362396240234e-01,-8.970000147819519043e-01,-8.650000691413879395e-01,-8.050000667572021484e-01,-7.620000243186950684e-01,-7.370000481605529785e-01,-7.270000576972961426e-01,-7.450000643730163574e-01,-7.720000147819519043e-01,-8.150000572204589844e-01,-8.420000672340393066e-01,-8.820000290870666504e-01,-8.650000691413879395e-01,-8.320000171661376953e-01,-7.900000214576721191e-01,-7.070000171661376953e-01,-6.570000052452087402e-01,-6.350000500679016113e-01,-6.420000195503234863e-01,-6.950000524520874023e-01,-7.620000243186950684e-01,-8.270000219345092773e-01,-8.550000190734863281e-01,-8.550000190734863281e-01,-8.570000529289245605e-01,-8.470000624656677246e-01,-8.700000643730163574e-01,-8.920000195503234863e-01,-9.070000648498535156e-01,-8.850000500679016113e-01,-8.670000433921813965e-01,-8.100000619888305664e-01,-7.700000405311584473e-01,-7.100000381469726562e-01,-6.850000619888305664e-01,-6.870000362396240234e-01,-7.520000338554382324e-01,-8.820000290870666504e-01,-9.370000362396240234e-01,-1.025000095367431641e+00,-1.100000023841857910e+00,-1.137000083923339844e+00,-1.172000050544738770e+00,-1.180000066757202148e+00,-1.190000057220458984e+00,-1.210000038146972656e+00,-1.230000019073486328e+00,-1.262000083923339844e+00,-1.277000069618225098e+00,-1.295000076293945312e+00,-1.300000071525573730e+00,-1.297000050544738770e+00,-1.312000036239624023e+00,-1.352000117301940918e+00,-1.307000041007995605e+00,1.000000020040877343e+20,1.000000020040877343e+20,-1.757000088691711426e+00,-1.522000074386596680e+00,-1.315000057220458984e+00,-1.750000119209289551e+00,-1.762000083923339844e+00,-1.732000112533569336e+00,-1.775000095367431641e+00,-1.805000066757202148e+00,-1.827000141143798828e+00,-1.847000122070312500e+00,-1.850000143051147461e+00,-1.847000122070312500e+00,-1.847000122070312500e+00,-1.847000122070312500e+00,-1.845000028610229492e+00,-1.845000028610229492e+00,-1.835000038146972656e+00,-1.842000126838684082e+00,-1.835000038146972656e+00,-1.835000038146972656e+00,-1.830000042915344238e+00,-1.825000047683715820e+00,-1.817000031471252441e+00,-1.817000031471252441e+00,-1.817000031471252441e+00,-1.812000036239624023e+00,-1.812000036239624023e+00,-1.810000061988830566e+00,-1.815000057220458984e+00,-1.812000036239624023e+00,-1.812000036239624023e+00,-1.812000036239624023e+00,-1.805000066757202148e+00,-1.802000045776367188e+00,-1.800000071525573730e+00,-1.787000060081481934e+00,-1.787000060081481934e+00,-1.780000090599060059e+00,-1.777000069618225098e+00,-1.767000079154968262e+00,-1.765000104904174805e+00,-1.770000100135803223e+00,-1.770000100135803223e+00,-1.772000074386596680e+00,-1.775000095367431641e+00,-1.775000095367431641e+00,-1.775000095367431641e+00,-1.772000074386596680e+00,-1.765000104904174805e+00,-1.752000093460083008e+00,-1.752000093460083008e+00,-1.742000102996826172e+00,-1.722000122070312500e+00,-1.717000126838684082e+00,-1.700000047683715820e+00,-1.687000036239624023e+00,-1.670000076293945312e+00,-1.645000100135803223e+00,-1.625000119209289551e+00,-1.592000126838684082e+00,-1.565000057220458984e+00,-1.540000081062316895e+00,-1.532000064849853516e+00,-1.517000079154968262e+00
-1.605000019073486328e+00,-1.602000117301940918e+00,-1.605000019073486328e+00,-1.605000019073486328e+00,-1.610000133514404297e+00,-1.612000107765197754e+00,-1.622000098228454590e+00,-1.650000095367431641e+00,-1.670000076293945312e+00,-1.692000031471252441e+00,-1.712000131607055664e+00,-1.715000033378601074e+00,-1.707000136375427246e+00,-1.695000052452087402e+00,-1.672000050544738770e+00,-1.665000081062316895e+00,-1.652000069618225098e+00,-1.650000095367431641e+00,-1.645000100135803223e+00,-1.647000074386596680e+00,-1.647000074386596680e+00,-1.652000069618225098e+00,-1.657000064849853516e+00,-1.665000081062316895e+00,-1.667000055313110352e+00,-1.667000055313110352e+00,-1.675000071525573730e+00,-1.670000076293945312e+00,-1.667000055313110352e+00,-1.662000060081481934e+00,-1.660000085830688477e+00,-1.657000064849853516e+00,-1.640000104904174805e+00,-1.622000098228454590e+00,-1.582000017166137695e+00,-1.562000036239624023e+00,-1.532000064849853516e+00,-1.520000100135803223e+00,-1.505000114440917969e+00,-1.500000119209289551e+00,-1.522000074386596680e+00,-1.557000041007995605e+00,-1.602000117301940918e+00,-1.647000074386596680e+00,-1.672000050544738770e+00,-1.675000071525573730e+00,-1.662000060081481934e+00,-1.677000045776367188e+00,1.000000020040877343e+20,1.000000020040877343e+20,1.000000020040877343e+20,1.000000020040877343e+20,1.000000020040877343e+20,1.000000020040877343e+20,1.000000020040877343e+20,1.000000020040877343e+20,1.000000020040877343e+20,1.000000020040877343e+20,1.000000020040877343e+20,1.000000020040877343e+20,-1.720000028610229492e+00,-1.702000021934509277e+00,-1.682000041007995605e+00,-1.672000050544738770e+00,-1.660000085830688477e+00,-1.622000098228454590e+00,-1.562000036239624023e+00,-1.507000088691711426e+00,-1.492000102996826172e+00,-1.500000119209289551e+00,-1.495000123977661133e+00,-1.547000050544738770e+00,-1.605000019073486328e+00,-1.635000109672546387e+00,-1.670000076293945312e+00,-1.647000074386596680e+00,-1.602000117301940918e+00,-1.562000036239624023e+00,-1.557000041007995605e+00,-1.582000017166137695e+00,-1.565000057220458984e+00,-1.595000028610229492e+00,1.000000020040877343e+20,1.000000020040877343e+20,1.000000020040877343e+20,1.000000020040877343e+20,1.000000020040877343e+20,1.000000020040877343e+20,1.000000020040877343e+20,1.000000020040877343e+20,1.000000020040877343e+20,1.000000020040877343e+20,1.000000020040877343e+20,1.000000020040877343e+20,1.000000020040877343e+20,1.000000020040877343e+20,1.000000020040877343e+20,1.000000020040877343e+20,1.000000020040877343e+20,1.000000020040877343e+20,1.000000020040877343e+20,1.000000020040877343e+20,1.000000020040877343e+20,1.000000020040877343e+20,1.000000020040877343e+20,1.000000020040877343e+20,1.000000020040877343e+20,1.000000020040877343e+20,1.000000020040877343e+20,1.000000020040877343e+20,1.000000020040877343e+20,1.000000020040877343e+20,1.000000020040877343e+20,1.000000020040877343e+20,1.000000020040877343e+20,1.000000020040877343e+20,1.000000020040877343e+20,1.000000020040877343e+20,1.000000020040877343e+20,1.000000020040877343e+20,1.000000020040877343e+20,1.000000020040877343e+20,1.000000020040877343e+20,1.000000020040877343e+20,1.000000020040877343e+20,1.000000020040877343e+20,1.000000020040877343e+20,1.000000020040877343e+20,1.000000020040877343e+20,1.000000020040877343e+20,1.000000020040877343e+20,1.000000020040877343e+20,1.000000020040877343e+20,1.000000020040877343e+20,1.000000020040877343e+20,1.000000020040877343e+20,1.000000020040877343e+20,1.000000020040877343e+20,1.000000020040877343e+20,1.000000020040877343e+20,1.000000020040877343e+20,1.000000020040877343e+20,1.000000020040877343e+20,1.000000020040877343e+20,1.000000020040877343e+20,1.000000020040877343e+20,-1.487000107765197754e+00,-1.487000107765197754e+00,-1.567000031471252441e+00,-1.655000090599060059e+00,-1.677000045776367188e+00,-1.667000055313110352e+00,-1.672000050544738770e+00,-1.680000066757202148e+00,-1.707000136375427246e+00,-1.722000122070312500e+00,-1.732000112533569336e+00,-1.735000133514404297e+00,-1.737000107765197754e+00,-1.735000133514404297e+00,-1.725000023841857910e+00,-1.705000042915344238e+00,-1.680000066757202148e+00,-1.655000090599060059e+00,-1.637000083923339844e+00,-1.617000102996826172e+00,-1.610000133514404297e+00,-1.592000126838684082e+00,-1.570000052452087402e+00,-1.550000071525573730e+00,-1.527000069618225098e+00,-1.507000088691711426e+00,-1.500000119209289551e+00,-1.502000093460083008e+00,-1.505000114440917969e+00,-1.505000114440917969e+00,-1.497000098228454590e+00,-1.475000023841857910e+00,-1.450000047683715820e+00,-1.425000071525573730e+00,-1.407000064849853516e+00,-1.380000114440917969e+00,-1.370000123977661133e+00,-1.377000093460083008e+00,-1.372000098228454590e+00,-1.387000083923339844e+00,-1.392000079154968262e+00,-1.402000069618225098e+00,-1.420000076293945312e+00,-1.432000041007995605e+00,-1.447000026702880859e+00,-1.470000028610229492e+00,-1.477000117301940918e+00,-1.487000107765197754e+00,-1.497000098228454590e+00,-1.500000119209289551e+00,-1.502000093460083008e+00,-1.500000119209289551e+00,-1.492000102996826172e+00,-1.485000014305114746e+00,-1.477000117301940918e+00,-1.465000033378601074e+00,-1.460000038146972656e+00,-1.460000038146972656e+00,-1.457000017166137695e+00,-1.455000042915344238e+00,-1.455000042915344238e+00,-1.450000047683715820e+00,-1.445000052452087402e+00,-1.435000061988830566e+00,-1.420000076293945312e+00,-1.392000079154968262e+00,-1.355000019073486328e+00,-1.317000031471252441e+00,-1.277000069618225098e+00,-1.222000002861022949e+00,-1.180000066757202148e+00,-1.152000069618225098e+00,-1.100000023841857910e+00,-1.082000017166137695e+00,-1.072000026702880859e+00,-1.090000033378601074e+00,-1.092000007629394531e+00,-1.095000028610229492e+00,-1.097000002861022949e+00,-1.110000014305114746e+00,-1.110000014305114746e+00,-1.122000098228454590e+00,-1.125000000000000000e+00,-1.132000088691711426e+00,-1.135000109672546387e+00,-1.147000074386596680e+00,-1.167000055313110352e+00,-1.180000066757202148e+00,-1.192000031471252441e+00,-1.202000021934509277e+00,-1.212000012397766113e+00,-1.205000042915344238e+00,-1.202000021934509277e+00,-1.170000076293945312e+00,-1.142000079154968262e+00,-1.115000009536743164e+00,-1.062000036239624023e+00,-1.040000081062316895e+00,-1.015000104904174805e+00,-1.003000020980834961e+00,-9.920000433921813965e-01,-1.018000006675720215e+00,-1.060000061988830566e+00,-1.100000023841857910e+00,-1.112000107765197754e+00,-1.105000019073486328e+00,-1.085000038146972656e+00,-1.003000020980834961e+00,-8.920000195503234863e-01,-8.350000381469726562e-01,-7.950000166893005371e-01,-8.100000619888305664e-01,-8.320000171661376953e-01,-8.900000452995300293e-01,-9.570000171661376953e-01,-9.900000691413879395e-01,-9.900000691413879395e-01,-9.800000190734863281e-01,-9.920000433921813965e-01,-1.013000011444091797e+00,-1.027000069618225098e+00,-1.040000081062316895e+00,-1.070000052452087402e+00,-1.075000047683715820e+00,-1.080000042915344238e+00,-1.052000045776367188e+00,-1.008000016212463379e+00,-9.920000433921813965e-01,-9.950000643730163574e-01,-1.072000026702880859e+00,-1.129999995231628418e+00,-1.195000052452087402e+00,-1.280000090599060059e+00,-1.320000052452087402e+00,-1.367000102996826172e+00,-1.380000114440917969e+00,-1.385000109672546387e+00,-1.402000069618225098e+00,-1.412000060081481934e+00,-1.427000045776367188e+00,-1.440000057220458984e+00,-1.440000057220458984e+00,-1.430000066757202148e+00,-1.420000076293945312e+00,-1.417000055313110352e+00,-1.417000055313110352e+00,-1.427000045776367188e+00,1.000000020040877343e+20,1.000000020040877343e+20,-1.817000031471252441e+00,-1.825000047683715820e+00,-1.790000081062316895e+00,-1.625000119209289551e+00,-1.540000081062316895e+00,-1.805000066757202148e+00,-1.795000076293945312e+00,-1.822000145912170410e+00,-1.840000033378601074e+00,-1.840000033378601074e+00,-1.840000033378601074e+00,-1.857000112533569336e+00,-1.850000143051147461e+00,-1.850000143051147461e+00,-1.840000033378601074e+00,-1.847000122070312500e+00,-1.847000122070312500e+00,-1.847000122070312500e+00,-1.842000126838684082e+00,-1.837000131607055664e+00,-1.837000131607055664e+00,-1.845000028610229492e+00,-1.835000038146972656e+00,-1.842000126838684082e+00,-1.827000141143798828e+00,-1.830000042915344238e+00,-1.820000052452087402e+00,-1.822000145912170410e+00,-1.822000145912170410e+00,-1.822000145912170410e+00,-1.820000052452087402e+00,-1.817000031471252441e+00,-1.812000036239624023e+00,-1.812000036239624023e+00,-1.815000057220458984e+00,-1.810000061988830566e+00,-1.810000061988830566e+00,-1.805000066757202148e+00,-1.800000071525573730e+00,-1.800000071525573730e+00,-1.800000071525573730e+00,-1.797000050544738770e+00,-1.795000076293945312e+00,-1.792000055313110352e+00,-1.800000071525573730e+00,-1.797000050544738770e+00,-1.792000055313110352e+00,-1.802000045776367188e+00,-1.797000050544738770e+00,-1.792000055313110352e+00,-1.790000081062316895e+00,-1.782000064849853516e+00,-1.772000074386596680e+00,-1.760000109672546387e+00,-1.750000119209289551e+00,-1.742000102996826172e+00,-1.730000138282775879e+00,-1.720000028610229492e+00,-1.700000047683715820e+00,-1.680000066757202148e+00,-1.660000085830688477e+00,-1.635000109672546387e+00,-1.617000102996826172e+00,-1.605000019073486328e+00,-1.600000023841857910e+00
-1.697000026702880859e+00,-1.700000047683715820e+00,-1.705000042915344238e+00,-1.710000038146972656e+00,-1.712000131607055664e+00,-1.727000117301940918e+00,-1.725000023841857910e+00,-1.730000138282775879e+00,-1.730000138282775879e+00,-1.722000122070312500e+00,-1.725000023841857910e+00,-1.730000138282775879e+00,-1.735000133514404297e+00,-1.742000102996826172e+00,-1.755000114440917969e+00,-1.747000098228454590e+00,-1.717000126838684082e+00,-1.700000047683715820e+00,-1.685000061988830566e+00,-1.672000050544738770e+00,-1.667000055313110352e+00,-1.670000076293945312e+00,-1.690000057220458984e+00,-1.697000026702880859e+00,-1.710000038146972656e+00,-1.700000047683715820e+00,-1.705000042915344238e+00,-1.695000052452087402e+00,-1.712000131607055664e+00,-1.730000138282775879e+00,-1.745000123977661133e+00,-1.732000112533569336e+00,-1.720000028610229492e+00,-1.645000100135803223e+00,-1.675000071525573730e+00,-1.697000026702880859e+00,-1.710000038146972656e+00,-1.697000026702880859e+00,-1.680000066757202148e+00,-1.665000081062316895e+00,-1.665000081062316895e+00,-1.657000064849853516e+00,1.000000020040877343e+20,1.000000020040877343e+20,1.000000020040877343e+20,1.000000020040877343e+20,1.000000020040877343e+20,1.000000020040877343e+20,1.000000020040877343e+20,1.000000020040877343e+20,1.000000020040877343e+20,1.000000020040877343e+20,1.000000020040877343e+20,1.000000020040877343e+20,1.000000020040877343e+20,1.000000020040877343e+20,1.000000020040877343e+20,1.000000020040877343e+20,1.000000020040877343e+20,1.000000020040877343e+20,1.000000020040877343e+20,1.000000020040877343e+20,1.000000020040877343e+20,1.000000020040877343e+20,1.000000020040877343e+20,1.000000020040877343e+20,1.000000020040877343e+20,1.000000020040877343e+20,1.000000020040877343e+20,1.000000020040877343e+20,-1.572000026702880859e+00,-1.652000069618225098e+00,-1.695000052452087402e+00,-1.645000100135803223e+00,-1.587000131607055664e+00,-1.607000112533569336e+00,-1.617000102996826172e+00,-1.567000031471252441e+00,-1.525000095367431641e+00,1.000000020040877343e+20,1.000000020040877343e+20,1.000000020040877343e+20,1.000000020040877343e+20,1.000000020040877343e+20,1.000000020040877343e+20,1.000000020040877343e+20,1.000000020040877343e+20,1.000000020040877343e+20,1.000000020040877343e+20,1.000000020040877343e+20,1.000000020040877343e+20,1.000000020040877343e+20,1.000000020040877343e+20,1.000000020040877343e+20,1.000000020040877343e+20,1.000000020040877343e+20,1.000000020040877343e+20,1.000000020040877343e+20,1.000000020040877343e+20,1.000000020040877343e+20,1.000000020040877343e+20,1.000000020040877343e+20,1.000000020040877343e+20,1.000000020040877343e+20,1.000000020040877343e+20,1.000000020040877343e+20,1.000000020040877343e+20,1.000000020040877343e+20,1.000000020040877343e+20,1.000000020040877343e+20,1.000000020040877343e+20,1.000000020040877343e+20,1.000000020040877343e+20,1.000000020040877343e+20,1.000000020040877343e+20,1.000000020040877343e+20,1.000000020040877343e+20,1.000000020040877343e+20,1.000000020040877343e+20,1.000000020040877343e+20,1.000000020040877343e+20,1.000000020040877343e+20,1.000000020040877343e+20,1.000000020040877343e+20,1.000000020040877343e+20,1.000000020040877343e+20,1.000000020040877343e+20,1.000000020040877343e+20,1.000000020040877343e+20,1.000000020040877343e+20,1.000000020040877343e+20,1.000000020040877343e+20,1.000000020040877343e+20,1.000000020040877343e+20,1.000000020040877343e+20,1.000000020040877343e+20,1.000000020040877343e+20,1.000000020040877343e+20,1.000000020040877343e+20,1.000000020040877343e+20,1.000000020040877343e+20,1.000000020040877343e+20,1.000000020040877343e+20,1.000000020040877343e+20,1.000000020040877343e+20,1.000000020040877343e+20,1.000000020040877343e+20,1.000000020040877343e+20,1.000000020040877343e+20,1.000000020040877343e+20,-1.557000041007995605e+00,-1.570000052452087402e+00,-1.612000107765197754e+00,-1.647000074386596680e+00,-1.640000104904174805e+00,-1.682000041007995605e+00,-1.720000028610229492e+00,-1.725000023841857910e+00,-1.700000047683715820e+00,-1.742000102996826172e+00,-1.765000104904174805e+00,-1.767000079154968262e+00,-1.757000088691711426e+00,-1.747000098228454590e+00,-1.732000112533569336e+00,-1.727000117301940918e+00,-1.715000033378601074e+00,-1.702000021934509277e+00,-1.692000031471252441e+00,-1.675000071525573730e+00,-1.670000076293945312e+00,-1.655000090599060059e+00,-1.647000074386596680e+00,-1.655000090599060059e+00,-1.657000064849853516e+00,-1.660000085830688477e+00,-1.655000090599060059e+00,-1.645000100135803223e+00,-1.637000083923339844e+00,-1.630000114440917969e+00,-1.622000098228454590e+00,-1.625000119209289551e+00,-1.620000123977661133e+00,-1.610000133514404297e+00,-1.595000028610229492e+00,-1.582000017166137695e+00,-1.570000052452087402e+00,-1.562000036239624023e+00,-1.567000031471252441e+00,-1.567000031471252441e+00,-1.572000026702880859e+00,-1.572000026702880859e+00,-1.580000042915344238e+00,-1.577000021934509277e+00,-1.582000017166137695e+00,-1.585000038146972656e+00,-1.587000131607055664e+00,-1.582000017166137695e+00,-1.577000021934509277e+00,-1.572000026702880859e+00,-1.562000036239624023e+00,-1.557000041007995605e+00,-1.555000066757202148e+00,-1.555000066757202148e+00,-1.552000045776367188e+00,-1.547000050544738770e+00,-1.547000050544738770e+00,-1.537000060081481934e+00,-1.527000069618225098e+00,-1.517000079154968262e+00,-1.502000093460083008e+00,-1.482000112533569336e+00,-1.460000038146972656e+00,-1.437000036239624023e+00,-1.410000085830688477e+00,-1.385000109672546387e+00,-1.357000112533569336e+00,-1.332000017166137695e+00,-1.307000041007995605e+00,-1.277000069618225098e+00,-1.267000079154968262e+00,-1.265000104904174805e+00,-1.262000083923339844e+00,-1.255000114440917969e+00,-1.255000114440917969e+00,-1.265000104904174805e+00,-1.275000095367431641e+00,-1.285000085830688477e+00,-1.297000050544738770e+00,-1.310000061988830566e+00,-1.330000042915344238e+00,-1.350000023841857910e+00,-1.362000107765197754e+00,-1.380000114440917969e+00,-1.392000079154968262e+00,-1.397000074386596680e+00,-1.397000074386596680e+00,-1.390000104904174805e+00,-1.382000088691711426e+00,-1.360000014305114746e+00,-1.327000021934509277e+00,-1.297000050544738770e+00,-1.275000095367431641e+00,-1.252000093460083008e+00,-1.245000004768371582e+00,-1.232000112533569336e+00,-1.232000112533569336e+00,-1.242000102996826172e+00,-1.257000088691711426e+00,-1.307000041007995605e+00,-1.335000038146972656e+00,-1.322000026702880859e+00,-1.265000104904174805e+00,-1.192000031471252441e+00,-1.117000102996826172e+00,-1.072000026702880859e+00,-1.047000050544738770e+00,-1.065000057220458984e+00,-1.082000017166137695e+00,-1.105000019073486328e+00,-1.142000079154968262e+00,-1.162000060081481934e+00,-1.170000076293945312e+00,-1.170000076293945312e+00,-1.175000071525573730e+00,-1.180000066757202148e+00,-1.187000036239624023e+00,-1.217000007629394531e+00,-1.267000079154968262e+00,-1.337000012397766113e+00,-1.367000102996826172e+00,-1.392000079154968262e+00,-1.407000064849853516e+00,-1.417000055313110352e+00,-1.417000055313110352e+00,-1.410000085830688477e+00,-1.442000031471252441e+00,-1.487000107765197754e+00,-1.515000104904174805e+00,-1.537000060081481934e+00,-1.542000055313110352e+00,-1.560000061988830566e+00,-1.557000041007995605e+00,-1.557000041007995605e+00,-1.560000061988830566e+00,-1.555000066757202148e+00,-1.510000109672546387e+00,-1.497000098228454590e+00,-1.470000028610229492e+00,-1.462000012397766113e+00,-1.512000083923339844e+00,-1.565000057220458984e+00,-1.572000026702880859e+00,1.000000020040877343e+20,1.000000020040877343e+20,-1.835000038146972656e+00,-1.840000033378601074e+00,-1.840000033378601074e+00,-1.845000028610229492e+00,-1.832000136375427246e+00,-1.830000042915344238e+00,-1.850000143051147461e+00,-1.840000033378601074e+00,-1.835000038146972656e+00,-1.847000122070312500e+00,-1.847000122070312500e+00,-1.850000143051147461e+00,-1.840000033378601074e+00,-1.850000143051147461e+00,-1.850000143051147461e+00,-1.840000033378601074e+00,-1.850000143051147461e+00,-1.845000028610229492e+00,-1.840000033378601074e+00,-1.840000033378601074e+00,-1.840000033378601074e+00,-1.837000131607055664e+00,-1.837000131607055664e+00,-1.852000117301940918e+00,-1.840000033378601074e+00,-1.830000042915344238e+00,-1.835000038146972656e+00,-1.827000141143798828e+00,-1.822000145912170410e+00,-1.822000145912170410e+00,-1.820000052452087402e+00,-1.817000031471252441e+00,-1.817000031471252441e+00,-1.822000145912170410e+00,-1.820000052452087402e+00,-1.825000047683715820e+00,-1.827000141143798828e+00,-1.817000031471252441e+00,-1.815000057220458984e+00,-1.815000057220458984e+00,-1.812000036239624023e+00,-1.812000036239624023e+00,-1.815000057220458984e+00,-1.812000036239624023e+00,-1.810000061988830566e+00,-1.805000066757202148e+00,-1.810000061988830566e+00,-1.810000061988830566e+00,-1.812000036239624023e+00,-1.805000066757202148e+00,-1.812000036239624023e+00,-1.802000045776367188e+00,-1.790000081062316895e+00,-1.785000085830688477e+00,-1.782000064849853516e+00,-1.772000074386596680e+00,-1.772000074386596680e+00,-1.757000088691711426e+00,-1.747000098228454590e+00,-1.735000133514404297e+00,-1.727000117301940918e+00,-1.712000131607055664e+00,-1.695000052452087402e+00,-1.695000052452087402e+00,-1.695000052452087402e+00
-1.795000076293945312e+00,-1.795000076293945312e+00,-1.802000045776367188e+00,-1.792000055313110352e+00,-1.782000064849853516e+00,-1.732000112533569336e+00,-1.707000136375427246e+00,-1.720000028610229492e+00,-1.682000041007995605e+00,-1.652000069618225098e+00,-1.690000057220458984e+00,-1.690000057220458984e+00,-1.647000074386596680e+00,-1.707000136375427246e+00,-1.735000133514404297e+00,-1.782000064849853516e+00,-1.770000100135803223e+00,-1.757000088691711426e+00,-1.757000088691711426e+00,-1.775000095367431641e+00,-1.790000081062316895e+00,-1.780000090599060059e+00,-1.755000114440917969e+00,-1.737000107765197754e+00,-1.727000117301940918e+00,-1.747000098228454590e+00,-1.730000138282775879e+00,-1.757000088691711426e+00,-1.782000064849853516e+00,-1.782000064849853516e+00,-1.795000076293945312e+00,-1.802000045776367188e+00,-1.805000066757202148e+00,1.000000020040877343e+20,1.000000020040877343e+20,1.000000020040877343e+20,1.000000020040877343e+20,-1.740000128746032715e+00,-1.702000021934509277e+00,-1.670000076293945312e+00,1.000000020040877343e+20,1.000000020040877343e+20,1.000000020040877343e+20,1.000000020040877343e+20,1.000000020040877343e+20,1.000000020040877343e+20,1.000000020040877343e+20,1.000000020040877343e+20,1.000000020040877343e+20,1.000000020040877343e+20,1.000000020040877343e+20,1.000000020040877343e+20,1.000000020040877343e+20,1.000000020040877343e+20,1.000000020040877343e+20,1.000000020040877343e+20,1.000000020040877343e+20,1.000000020040877343e+20,1.000000020040877343e+20,1.000000020040877343e+20,1.000000020040877343e+20,1.000000020040877343e+20,1.000000020040877343e+20,1.000000020040877343e+20,1.000000020040877343e+20,1.000000020040877343e+20,1.000000020040877343e+20,1.000000020040877343e+20,1.000000020040877343e+20,-1.840000033378601074e+00,-1.840000033378601074e+00,-1.830000042915344238e+00,-1.842000126838684082e+00,-1.785000085830688477e+00,-1.742000102996826172e+00,-1.715000033378601074e+00,1.000000020040877343e+20,1.000000020040877343e+20,1.000000020040877343e+20,1.000000020040877343e+20,1.000000020040877343e+20,1.000000020040877343e+20,1.000000020040877343e+20,1.000000020040877343e+20,1.000000020040877343e+20,1.000000020040877343e+20,1.000000020040877343e+20,1.000000020040877343e+20,1.000000020040877343e+20,1.000000020040877343e+20,1.000000020040877343e+20,1.000000020040877343e+20,1.000000020040877343e+20,1.000000020040877343e+20,1.000000020040877343e+20,1.000000020040877343e+20,1.000000020040877343e+20,1.000000020040877343e+20,1.000000020040877343e+20,1.000000020040877343e+20,1.000000020040877343e+20,1.000000020040877343e+20,1.000000020040877343e+20,1.000000020040877343e+20,1.000000020040877343e+20,1.000000020040877343e+20,1.000000020040877343e+20,1.000000020040877343e+20,1.000000020040877343e+20,1.000000020040877343e+20,1.000000020040877343e+20,1.000000020040877343e+20,1.000000020040877343e+20,1.000000020040877343e+20,1.000000020040877343e+20,1.000000020040877343e+20,1.000000020040877343e+20,1.000000020040877343e+20,1.000000020040877343e+20,1.000000020040877343e+20,1.000000020040877343e+20,1.000000020040877343e+20,1.000000020040877343e+20,1.000000020040877343e+20,1.000000020040877343e+20,1.000000020040877343e+20,1.000000020040877343e+20,1.000000020040877343e+20,1.000000020040877343e+20,1.000000020040877343e+20,1.000000020040877343e+20,1.000000020040877343e+20,1.000000020040877343e+20,1.000000020040877343e+20,1.000000020040877343e+20,1.000000020040877343e+20,1.000000020040877343e+20,1.000000020040877343e+20,1.000000020040877343e+20,1.000000020040877343e+20,1.000000020040877343e+20,1.000000020040877343e+20,1.000000020040877343e+20,1.000000020040877343e+20,1.000000020040877343e+20,1.000000020040877343e+20,1.000000020040877343e+20,1.000000020040877343e+20,1.000000020040877343e+20,1.000000020040877343e+20,1.000000020040877343e+20,1.000000020040877343e+20,1.000000020040877343e+20,1.000000020040877343e+20,1.000000020040877343e+20,1.000000020040877343e+20,1.000000020040877343e+20,1.000000020040877343e+20,-1.587000131607055664e+00,-1.655000090599060059e+00,-1.740000128746032715e+00,-1.782000064849853516e+00,-1.787000060081481934e+00,-1.782000064849853516e+00,-1.782000064849853516e+00,-1.782000064849853516e+00,-1.767000079154968262e+00,-1.760000109672546387e+00,-1.750000119209289551e+00,-1.747000098228454590e+00,-1.737000107765197754e+00,-1.730000138282775879e+00,-1.720000028610229492e+00,-1.725000023841857910e+00,-1.727000117301940918e+00,-1.722000122070312500e+00,-1.722000122070312500e+00,-1.717000126838684082e+00,-1.715000033378601074e+00,-1.710000038146972656e+00,-1.702000021934509277e+00,-1.700000047683715820e+00,-1.695000052452087402e+00,-1.692000031471252441e+00,-1.685000061988830566e+00,-1.677000045776367188e+00,-1.665000081062316895e+00,-1.665000081062316895e+00,-1.662000060081481934e+00,-1.660000085830688477e+00,-1.665000081062316895e+00,-1.662000060081481934e+00,-1.662000060081481934e+00,-1.662000060081481934e+00,-1.667000055313110352e+00,-1.662000060081481934e+00,-1.667000055313110352e+00,-1.662000060081481934e+00,-1.657000064849853516e+00,-1.652000069618225098e+00,-1.650000095367431641e+00,-1.647000074386596680e+00,-1.650000095367431641e+00,-1.635000109672546387e+00,-1.637000083923339844e+00,-1.627000093460083008e+00,-1.622000098228454590e+00,-1.617000102996826172e+00,-1.602000117301940918e+00,-1.595000028610229492e+00,-1.577000021934509277e+00,-1.560000061988830566e+00,-1.545000076293945312e+00,-1.532000064849853516e+00,-1.520000100135803223e+00,-1.502000093460083008e+00,-1.487000107765197754e+00,-1.475000023841857910e+00,-1.465000033378601074e+00,-1.452000021934509277e+00,-1.445000052452087402e+00,-1.440000057220458984e+00,-1.427000045776367188e+00,-1.412000060081481934e+00,-1.410000085830688477e+00,-1.420000076293945312e+00,-1.425000071525573730e+00,-1.447000026702880859e+00,-1.450000047683715820e+00,-1.457000017166137695e+00,-1.482000112533569336e+00,-1.492000102996826172e+00,-1.510000109672546387e+00,-1.517000079154968262e+00,-1.522000074386596680e+00,-1.522000074386596680e+00,-1.525000095367431641e+00,-1.520000100135803223e+00,-1.512000083923339844e+00,-1.510000109672546387e+00,-1.500000119209289551e+00,-1.487000107765197754e+00,-1.487000107765197754e+00,-1.480000019073486328e+00,-1.472000122070312500e+00,-1.457000017166137695e+00,-1.452000021934509277e+00,-1.460000038146972656e+00,-1.462000012397766113e+00,-1.482000112533569336e+00,-1.490000128746032715e+00,-1.495000123977661133e+00,-1.477000117301940918e+00,-1.470000028610229492e+00,-1.427000045776367188e+00,-1.410000085830688477e+00,-1.402000069618225098e+00,-1.385000109672546387e+00,-1.395000100135803223e+00,-1.382000088691711426e+00,-1.357000112533569336e+00,-1.350000023841857910e+00,-1.347000122070312500e+00,-1.357000112533569336e+00,-1.355000019073486328e+00,-1.355000019073486328e+00,-1.372000098228454590e+00,-1.402000069618225098e+00,-1.437000036239624023e+00,-1.472000122070312500e+00,-1.512000083923339844e+00,-1.542000055313110352e+00,-1.560000061988830566e+00,-1.580000042915344238e+00,-1.590000033378601074e+00,-1.595000028610229492e+00,-1.617000102996826172e+00,-1.625000119209289551e+00,-1.630000114440917969e+00,-1.617000102996826172e+00,-1.607000112533569336e+00,-1.592000126838684082e+00,-1.570000052452087402e+00,-1.537000060081481934e+00,-1.515000104904174805e+00,-1.527000069618225098e+00,-1.555000066757202148e+00,-1.560000061988830566e+00,1.000000020040877343e+20,1.000000020040877343e+20,-1.630000114440917969e+00,-1.712000131607055664e+00,1.000000020040877343e+20,1.000000020040877343e+20,1.000000020040877343e+20,1.000000020040877343e+20,1.000000020040877343e+20,-1.837000131607055664e+00,-1.847000122070312500e+00,-1.840000033378601074e+00,-1.835000038146972656e+00,-1.840000033378601074e+00,-1.840000033378601074e+00,-1.845000028610229492e+00,-1.845000028610229492e+00,-1.840000033378601074e+00,-1.845000028610229492e+00,-1.850000143051147461e+00,-1.842000126838684082e+00,-1.845000028610229492e+00,-1.840000033378601074e+00,-1.850000143051147461e+00,-1.845000028610229492e+00,-1.840000033378601074e+00,-1.840000033378601074e+00,-1.840000033378601074e+00,-1.840000033378601074e+00,-1.840000033378601074e+00,-1.837000131607055664e+00,-1.835000038146972656e+00,-1.847000122070312500e+00,-1.845000028610229492e+00,-1.842000126838684082e+00,-1.842000126838684082e+00,-1.835000038146972656e+00,-1.825000047683715820e+00,-1.822000145912170410e+00,-1.822000145912170410e+00,-1.822000145912170410e+00,-1.832000136375427246e+00,-1.832000136375427246e+00,-1.832000136375427246e+00,-1.832000136375427246e+00,-1.825000047683715820e+00,-1.827000141143798828e+00,-1.825000047683715820e+00,-1.825000047683715820e+00,-1.822000145912170410e+00,-1.827000141143798828e+00,-1.827000141143798828e+00,-1.817000031471252441e+00,-1.822000145912170410e+00,-1.817000031471252441e+00,-1.825000047683715820e+00,-1.822000145912170410e+00,-1.807000041007995605e+00,-1.795000076293945312e+00,-1.787000060081481934e+00,-1.782000064849853516e+00,-1.782000064849853516e+00,-1.780000090599060059e+00,-1.777000069618225098e+00,-1.772000074386596680e+00,-1.777000069618225098e+00,-1.767000079154968262e+00,-1.760000109672546387e+00,-1.752000093460083008e+00,-1.757000088691711426e+00,-1.772000074386596680e+00,-1.790000081062316895e+00
-1.820000052452087402e+00,-1.822000145912170410e+00,-1.830000042915344238e+00,-1.830000042915344238e+00,-1.830000042915344238e+00,-1.795000076293945312e+00,-1.737000107765197754e+00,1.000000020040877343e+20,1.000000020040877343e+20,1.000000020040877343e+20,-1.777000069618225098e+00,-1.782000064849853516e+00,1.000000020040877343e+20,1.000000020040877343e+20,1.000000020040877343e+20,1.000000020040877343e+20,1.000000020040877343e+20,1.000000020040877343e+20,1.000000020040877343e+20,1.000000020040877343e+20,-1.800000071525573730e+00,-1.800000071525573730e+00,-1.800000071525573730e+00,-1.802000045776367188e+00,-1.830000042915344238e+00,-1.802000045776367188e+00,1.000000020040877343e+20,1.000000020040877343e+20,1.000000020040877343e+20,1.000000020040877343e+20,1.000000020040877343e+20,1.000000020040877343e+20,1.000000020040877343e+20,1.000000020040877343e+20,1.000000020040877343e+20,1.000000020040877343e+20,1.000000020040877343e+20,1.000000020040877343e+20,1.000000020040877343e+20,1.000000020040877343e+20,1.000000020040877343e+20,1.000000020040877343e+20,1.000000020040877343e+20,1.000000020040877343e+20,1.000000020040877343e+20,1.000000020040877343e+20,1.000000020040877343e+20,1.000000020040877343e+20,1.000000020040877343e+20,1.000000020040877343e+20,1.000000020040877343e+20,1.000000020040877343e+20,1.000000020040877343e+20,1.000000020040877343e+20,1.000000020040877343e+20,1.000000020040877343e+20,1.000000020040877343e+20,1.000000020040877343e+20,1.000000020040877343e+20,1.000000020040877343e+20,1.000000020040877343e+20,1.000000020040877343e+20,1.000000020040877343e+20,1.000000020040877343e+20,1.000000020040877343e+20,1.000000020040877343e+20,1.000000020040877343e+20,1.000000020040877343e+20,1.000000020040877343e+20,-1.840000033378601074e+00,-1.840000033378601074e+00,-1.840000033378601074e+00,1.000000020040877343e+20,1.000000020040877343e+20,1.000000020040877343e+20,1.000000020040877343e+20,1.000000020040877343e+20,1.000000020040877343e+20,1.000000020040877343e+20,1.000000020040877343e+20,1.000000020040877343e+20,1.000000020040877343e+20,1.000000020040877343e+20,1.000000020040877343e+20,1.000000020040877343e+20,1.000000020040877343e+20,1.000000020040877343e+20,1.000000020040877343e+20,1.000000020040877343e+20,1.000000020040877343e+20,1.000000020040877343e+20,1.000000020040877343e+20,1.000000020040877343e+20,1.000000020040877343e+20,1.000000020040877343e+20,1.000000020040877343e+20,1.000000020040877343e+20,1.000000020040877343e+20,1.000000020040877343e+20,1.000000020040877343e+20,1.000000020040877343e+20,1.000000020040877343e+20,1.000000020040877343e+20,1.000000020040877343e+20,1.000000020040877343e+20,1.000000020040877343e+20,1.000000020040877343e+20,1.000000020040877343e+20,1.000000020040877343e+20,1.000000020040877343e+20,1.000000020040877343e+20,1.000000020040877343e+20,1.000000020040877343e+20,1.000000020040877343e+20,1.000000020040877343e+20,1.000000020040877343e+20,1.000000020040877343e+20,1.000000020040877343e+20,1.000000020040877343e+20,1.000000020040877343e+20,1.000000020040877343e+20,1.000000020040877343e+20,1.000000020040877343e+20,1.000000020040877343e+20,1.000000020040877343e+20,1.000000020040877343e+20,1.000000020040877343e+20,1.000000020040877343e+20,1.000000020040877343e+20,1.000000020040877343e+20,1.000000020040877343e+20,1.000000020040877343e+20,1.000000020040877343e+20,1.000000020040877343e+20,1.000000020040877343e+20,1.000000020040877343e+20,1.000000020040877343e+20,1.000000020040877343e+20,1.000000020040877343e+20,1.000000020040877343e+20,1.000000020040877343e+20,1.000000020040877343e+20,1.000000020040877343e+20,1.000000020040877343e+20,1.000000020040877343e+20,1.000000020040877343e+20,1.000000020040877343e+20,1.000000020040877343e+20,1.000000020040877343e+20,1.000000020040877343e+20,1.000000020040877343e+20,1.000000020040877343e+20,1.000000020040877343e+20,1.000000020040877343e+20,1.000000020040877343e+20,1.000000020040877343e+20,1.000000020040877343e+20,1.000000020040877343e+20,1.000000020040877343e+20,1.000000020040877343e+20,1.000000020040877343e+20,1.000000020040877343e+20,1.000000020040877343e+20,-1.765000104904174805e+00,-1.767000079154968262e+00,-1.777000069618225098e+00,-1.777000069618225098e+00,-1.780000090599060059e+00,-1.775000095367431641e+00,-1.762000083923339844e+00,-1.745000123977661133e+00,-1.725000023841857910e+00,-1.720000028610229492e+00,-1.730000138282775879e+00,-1.747000098228454590e+00,-1.750000119209289551e+00,-1.750000119209289551e+00,-1.752000093460083008e+00,-1.755000114440917969e+00,-1.750000119209289551e+00,-1.752000093460083008e+00,-1.750000119209289551e+00,-1.750000119209289551e+00,-1.750000119209289551e+00,-1.750000119209289551e+00,-1.747000098228454590e+00,-1.742000102996826172e+00,-1.737000107765197754e+00,-1.740000128746032715e+00,-1.737000107765197754e+00,-1.735000133514404297e+00,-1.732000112533569336e+00,-1.730000138282775879e+00,-1.730000138282775879e+00,-1.730000138282775879e+00,-1.730000138282775879e+00,-1.727000117301940918e+00,-1.727000117301940918e+00,-1.727000117301940918e+00,-1.725000023841857910e+00,-1.730000138282775879e+00,-1.717000126838684082e+00,-1.720000028610229492e+00,-1.715000033378601074e+00,-1.712000131607055664e+00,-1.700000047683715820e+00,-1.700000047683715820e+00,-1.690000057220458984e+00,-1.685000061988830566e+00,-1.670000076293945312e+00,-1.655000090599060059e+00,-1.635000109672546387e+00,-1.625000119209289551e+00,-1.617000102996826172e+00,-1.602000117301940918e+00,-1.597000122070312500e+00,-1.590000033378601074e+00,-1.582000017166137695e+00,-1.577000021934509277e+00,-1.567000031471252441e+00,-1.560000061988830566e+00,-1.547000050544738770e+00,-1.522000074386596680e+00,-1.527000069618225098e+00,-1.522000074386596680e+00,-1.525000095367431641e+00,-1.535000085830688477e+00,-1.555000066757202148e+00,-1.562000036239624023e+00,-1.572000026702880859e+00,-1.585000038146972656e+00,-1.602000117301940918e+00,-1.602000117301940918e+00,-1.615000128746032715e+00,-1.612000107765197754e+00,-1.625000119209289551e+00,-1.625000119209289551e+00,-1.632000088691711426e+00,-1.640000104904174805e+00,-1.632000088691711426e+00,-1.632000088691711426e+00,-1.627000093460083008e+00,-1.620000123977661133e+00,-1.612000107765197754e+00,-1.605000019073486328e+00,-1.597000122070312500e+00,-1.587000131607055664e+00,-1.572000026702880859e+00,-1.577000021934509277e+00,-1.592000126838684082e+00,-1.582000017166137695e+00,-1.600000023841857910e+00,-1.602000117301940918e+00,-1.597000122070312500e+00,-1.595000028610229492e+00,-1.585000038146972656e+00,-1.570000052452087402e+00,-1.542000055313110352e+00,-1.507000088691711426e+00,-1.477000117301940918e+00,-1.450000047683715820e+00,-1.435000061988830566e+00,-1.430000066757202148e+00,-1.437000036239624023e+00,-1.462000012397766113e+00,-1.495000123977661133e+00,-1.517000079154968262e+00,-1.527000069618225098e+00,-1.540000081062316895e+00,-1.540000081062316895e+00,-1.550000071525573730e+00,-1.555000066757202148e+00,-1.565000057220458984e+00,-1.572000026702880859e+00,-1.590000033378601074e+00,-1.610000133514404297e+00,-1.630000114440917969e+00,-1.645000100135803223e+00,-1.642000079154968262e+00,-1.635000109672546387e+00,-1.600000023841857910e+00,-1.555000066757202148e+00,-1.510000109672546387e+00,-1.500000119209289551e+00,-1.500000119209289551e+00,-1.525000095367431641e+00,-1.677000045776367188e+00,-1.772000074386596680e+00,1.000000020040877343e+20,1.000000020040877343e+20,1.000000020040877343e+20,-1.830000042915344238e+00,-1.832000136375427246e+00,1.000000020040877343e+20,1.000000020040877343e+20,1.000000020040877343e+20,1.000000020040877343e+20,1.000000020040877343e+20,-1.840000033378601074e+00,-1.837000131607055664e+00,-1.837000131607055664e+00,-1.837000131607055664e+00,-1.840000033378601074e+00,-1.837000131607055664e+00,-1.840000033378601074e+00,-1.847000122070312500e+00,-1.847000122070312500e+00,-1.850000143051147461e+00,-1.850000143051147461e+00,-1.847000122070312500e+00,-1.840000033378601074e+00,-1.840000033378601074e+00,-1.840000033378601074e+00,-1.847000122070312500e+00,-1.845000028610229492e+00,-1.840000033378601074e+00,-1.840000033378601074e+00,-1.840000033378601074e+00,-1.840000033378601074e+00,-1.840000033378601074e+00,-1.837000131607055664e+00,-1.840000033378601074e+00,-1.837000131607055664e+00,-1.832000136375427246e+00,-1.830000042915344238e+00,-1.837000131607055664e+00,-1.837000131607055664e+00,-1.837000131607055664e+00,-1.832000136375427246e+00,-1.837000131607055664e+00,-1.835000038146972656e+00,-1.832000136375427246e+00,-1.835000038146972656e+00,-1.845000028610229492e+00,-1.835000038146972656e+00,-1.832000136375427246e+00,-1.832000136375427246e+00,-1.830000042915344238e+00,-1.835000038146972656e+00,-1.832000136375427246e+00,-1.825000047683715820e+00,-1.825000047683715820e+00,-1.837000131607055664e+00,-1.830000042915344238e+00,-1.822000145912170410e+00,-1.817000031471252441e+00,-1.822000145912170410e+00,-1.810000061988830566e+00,-1.812000036239624023e+00,-1.820000052452087402e+00,-1.812000036239624023e+00,-1.825000047683715820e+00,-1.807000041007995605e+00,-1.807000041007995605e+00,-1.825000047683715820e+00,-1.817000031471252441e+00,-1.820000052452087402e+00,-1.810000061988830566e+00,-1.807000041007995605e+00,-1.812000036239624023e+00
1.000000020040877343e+20,1.000000020040877343e+20,1.000000020040877343e+20,1.000000020040877343e+20,1.000000020040877343e+20,1.000000020040877343e+20,1.000000020040877343e+20,1.000000020040877343e+20,1.000000020040877343e+20,1.000000020040877343e+20,1.000000020040877343e+20,1.000000020040877343e+20,1.000000020040877343e+20,1.000000020040877343e+20,1.000000020040877343e+20,1.000000020040877343e+20,1.000000020040877343e+20,1.000000020040877343e+20,1.000000020040877343e+20,1.000000020040877343e+20,1.000000020040877343e+20,1.000000020040877343e+20,1.000000020040877343e+20,1.000000020040877343e+20,1.000000020040877343e+20,1.000000020040877343e+20,1.000000020040877343e+20,1.000000020040877343e+20,1.000000020040877343e+20,1.000000020040877343e+20,1.000000020040877343e+20,1.000000020040877343e+20,1.000000020040877343e+20,1.000000020040877343e+20,1.000000020040877343e+20,1.000000020040877343e+20,1.000000020040877343e+20,1.000000020040877343e+20,1.000000020040877343e+20,1.000000020040877343e+20,1.000000020040877343e+20,1.000000020040877343e+20,1.000000020040877343e+20,1.000000020040877343e+20,1.000000020040877343e+20,1.000000020040877343e+20,1.000000020040877343e+20,1.000000020040877343e+20,1.000000020040877343e+20,1.000000020040877343e+20,1.000000020040877343e+20,1.000000020040877343e+20,1.000000020040877343e+20,1.000000020040877343e+20,1.000000020040877343e+20,1.000000020040877343e+20,1.000000020040877343e+20,1.000000020040877343e+20,1.000000020040877343e+20,1.000000020040877343e+20,1.000000020040877343e+20,1.000000020040877343e+20,1.000000020040877343e+20,1.000000020040877343e+20,1.000000020040877343e+20,1.000000020040877343e+20,1.000000020040877343e+20,1.000000020040877343e+20,-1.840000033378601074e+00,-1.840000033378601074e+00,-1.840000033378601074e+00,1.000000020040877343e+20,1.000000020040877343e+20,1.000000020040877343e+20,1.000000020040877343e+20,1.000000020040877343e+20,1.000000020040877343e+20,1.000000020040877343e+20,1.000000020040877343e+20,1.000000020040877343e+20,1.000000020040877343e+20,1.000000020040877343e+20,1.000000020040877343e+20,1.000000020040877343e+20,1.000000020040877343e+20,1.000000020040877343e+20,1.000000020040877343e+20,1.000000020040877343e+20,1.000000020040877343e+20,1.000000020040877343e+20,1.000000020040877343e+20,1.000000020040877343e+20,1.000000020040877343e+20,1.000000020040877343e+20,1.000000020040877343e+20,1.000000020040877343e+20,1.000000020040877343e+20,1.000000020040877343e+20,1.000000020040877343e+20,1.000000020040877343e+20,1.000000020040877343e+20,1.000000020040877343e+20,1.000000020040877343e+20,1.000000020040877343e+20,1.000000020040877343e+20,1.000000020040877343e+20,1.000000020040877343e+20,1.000000020040877343e+20,1.000000020040877343e+20,1.000000020040877343e+20,1.000000020040877343e+20,1.000000020040877343e+20,1.000000020040877343e+20,1.000000020040877343e+20,1.000000020040877343e+20,1.000000020040877343e+20,1.000000020040877343e+20,1.000000020040877343e+20,1.000000020040877343e+20,1.000000020040877343e+20,1.000000020040877343e+20,1.000000020040877343e+20,1.000000020040877343e+20,1.000000020040877343e+20,1.000000020040877343e+20,1.000000020040877343e+20,1.000000020040877343e+20,1.000000020040877343e+20,1.000000020040877343e+20,1.000000020040877343e+20,1.000000020040877343e+20,1.000000020040877343e+20,1.000000020040877343e+20,1.000000020040877343e+20,1.000000020040877343e+20,1.000000020040877343e+20,1.000000020040877343e+20,1.000000020040877343e+20,1.000000020040877343e+20,1.000000020040877343e+20,1.000000020040877343e+20,1.000000020040877343e+20,1.000000020040877343e+20,1.000000020040877343e+20,1.000000020040877343e+20,1.000000020040877343e+20,1.000000020040877343e+20,1.000000020040877343e+20,1.000000020040877343e+20,1.000000020040877343e+20,1.000000020040877343e+20,1.000000020040877343e+20,1.000000020040877343e+20,1.000000020040877343e+20,1.000000020040877343e+20,1.000000020040877343e+20,1.000000020040877343e+20,1.000000020040877343e+20,1.000000020040877343e+20,1.000000020040877343e+20,1.000000020040877343e+20,1.000000020040877343e+20,1.000000020040877343e+20,1.000000020040877343e+20,1.000000020040877343e+20,1.000000020040877343e+20,1.000000020040877343e+20,1.000000020040877343e+20,1.000000020040877343e+20,-1.750000119209289551e+00,-1.702000021934509277e+00,-1.655000090599060059e+00,-1.655000090599060059e+00,-1.680000066757202148e+00,-1.720000028610229492e+00,-1.750000119209289551e+00,-1.772000074386596680e+00,-1.780000090599060059e+00,-1.772000074386596680e+00,-1.767000079154968262e+00,-1.767000079154968262e+00,-1.767000079154968262e+00,-1.757000088691711426e+00,-1.760000109672546387e+00,-1.760000109672546387e+00,-1.765000104904174805e+00,-1.772000074386596680e+00,-1.775000095367431641e+00,-1.777000069618225098e+00,-1.767000079154968262e+00,-1.762000083923339844e+00,-1.757000088691711426e+00,-1.755000114440917969e+00,-1.752000093460083008e+00,-1.752000093460083008e+00,-1.760000109672546387e+00,-1.760000109672546387e+00,-1.765000104904174805e+00,-1.762000083923339844e+00,-1.762000083923339844e+00,-1.770000100135803223e+00,-1.770000100135803223e+00,-1.770000100135803223e+00,-1.765000104904174805e+00,-1.760000109672546387e+00,-1.765000104904174805e+00,-1.760000109672546387e+00,-1.757000088691711426e+00,-1.742000102996826172e+00,-1.727000117301940918e+00,-1.717000126838684082e+00,-1.705000042915344238e+00,-1.697000026702880859e+00,-1.685000061988830566e+00,-1.677000045776367188e+00,-1.670000076293945312e+00,-1.660000085830688477e+00,-1.657000064849853516e+00,-1.647000074386596680e+00,-1.640000104904174805e+00,-1.635000109672546387e+00,-1.635000109672546387e+00,-1.627000093460083008e+00,-1.627000093460083008e+00,-1.622000098228454590e+00,-1.625000119209289551e+00,-1.630000114440917969e+00,-1.642000079154968262e+00,-1.650000095367431641e+00,-1.650000095367431641e+00,-1.662000060081481934e+00,-1.677000045776367188e+00,-1.677000045776367188e+00,-1.682000041007995605e+00,-1.680000066757202148e+00,-1.675000071525573730e+00,-1.685000061988830566e+00,-1.690000057220458984e+00,-1.685000061988830566e+00,-1.675000071525573730e+00,-1.675000071525573730e+00,-1.672000050544738770e+00,-1.675000071525573730e+00,-1.672000050544738770e+00,-1.665000081062316895e+00,-1.655000090599060059e+00,-1.640000104904174805e+00,-1.625000119209289551e+00,-1.617000102996826172e+00,-1.620000123977661133e+00,-1.622000098228454590e+00,-1.630000114440917969e+00,-1.622000098228454590e+00,-1.612000107765197754e+00,-1.590000033378601074e+00,-1.565000057220458984e+00,-1.552000045776367188e+00,-1.582000017166137695e+00,-1.580000042915344238e+00,-1.595000028610229492e+00,-1.617000102996826172e+00,-1.617000102996826172e+00,-1.610000133514404297e+00,-1.557000041007995605e+00,-1.542000055313110352e+00,-1.572000026702880859e+00,-1.627000093460083008e+00,-1.627000093460083008e+00,-1.630000114440917969e+00,-1.617000102996826172e+00,-1.607000112533569336e+00,-1.585000038146972656e+00,-1.562000036239624023e+00,-1.555000066757202148e+00,-1.567000031471252441e+00,-1.580000042915344238e+00,-1.587000131607055664e+00,-1.600000023841857910e+00,-1.597000122070312500e+00,-1.567000031471252441e+00,-1.545000076293945312e+00,-1.505000114440917969e+00,-1.492000102996826172e+00,-1.502000093460083008e+00,-1.512000083923339844e+00,-1.530000090599060059e+00,1.000000020040877343e+20,1.000000020040877343e+20,1.000000020040877343e+20,1.000000020040877343e+20,1.000000020040877343e+20,-1.840000033378601074e+00,-1.840000033378601074e+00,1.000000020040877343e+20,1.000000020040877343e+20,1.000000020040877343e+20,1.000000020040877343e+20,1.000000020040877343e+20,1.000000020040877343e+20,-1.827000141143798828e+00,-1.830000042915344238e+00,-1.830000042915344238e+00,-1.850000143051147461e+00,-1.840000033378601074e+00,-1.840000033378601074e+00,-1.840000033378601074e+00,-1.840000033378601074e+00,-1.840000033378601074e+00,-1.842000126838684082e+00,-1.840000033378601074e+00,-1.840000033378601074e+00,-1.840000033378601074e+00,-1.840000033378601074e+00,-1.842000126838684082e+00,-1.840000033378601074e+00,-1.837000131607055664e+00,-1.832000136375427246e+00,-1.832000136375427246e+00,-1.832000136375427246e+00,-1.835000038146972656e+00,-1.840000033378601074e+00,-1.837000131607055664e+00,-1.837000131607055664e+00,-1.837000131607055664e+00,-1.840000033378601074e+00,-1.840000033378601074e+00,-1.837000131607055664e+00,-1.837000131607055664e+00,-1.842000126838684082e+00,-1.837000131607055664e+00,-1.837000131607055664e+00,-1.847000122070312500e+00,-1.840000033378601074e+00,-1.842000126838684082e+00,-1.842000126838684082e+00,-1.847000122070312500e+00,-1.847000122070312500e+00,-1.837000131607055664e+00,-1.832000136375427246e+00,-1.827000141143798828e+00,-1.835000038146972656e+00,-1.832000136375427246e+00,-1.835000038146972656e+00,-1.835000038146972656e+00,-1.822000145912170410e+00,-1.825000047683715820e+00,-1.837000131607055664e+00,-1.837000131607055664e+00,-1.852000117301940918e+00,1.000000020040877343e+20,1.000000020040877343e+20,-1.847000122070312500e+00,-1.830000042915344238e+00,1.000000020040877343e+20,1.000000020040877343e+20,1.000000020040877343e+20,1.000000020040877343e+20,1.000000020040877343e+20,1.000000020040877343e+20,-1.705000042915344238e+00
1.000000020040877343e+20,1.000000020040877343e+20,1.000000020040877343e+20,1.000000020040877343e+20,1.000000020040877343e+20,1.000000020040877343e+20,1.000000020040877343e+20,1.000000020040877343e+20,1.000000020040877343e+20,1.000000020040877343e+20,1.000000020040877343e+20,1.000000020040877343e+20,1.000000020040877343e+20,1.000000020040877343e+20,1.000000020040877343e+20,1.000000020040877343e+20,1.000000020040877343e+20,1.000000020040877343e+20,1.000000020040877343e+20,1.000000020040877343e+20,1.000000020040877343e+20,1.000000020040877343e+20,1.000000020040877343e+20,1.000000020040877343e+20,1.000000020040877343e+20,1.000000020040877343e+20,1.000000020040877343e+20,1.000000020040877343e+20,1.000000020040877343e+20,1.000000020040877343e+20,1.000000020040877343e+20,1.000000020040877343e+20,1.000000020040877343e+20,1.000000020040877343e+20,1.000000020040877343e+20,1.000000020040877343e+20,1.000000020040877343e+20,1.000000020040877343e+20,1.000000020040877343e+20,1.000000020040877343e+20,1.000000020040877343e+20,1.000000020040877343e+20,1.000000020040877343e+20,1.000000020040877343e+20,1.000000020040877343e+20,1.000000020040877343e+20,1.000000020040877343e+20,1.000000020040877343e+20,1.000000020040877343e+20,1.000000020040877343e+20,1.000000020040877343e+20,1.000000020040877343e+20,1.000000020040877343e+20,1.000000020040877343e+20,1.000000020040877343e+20,1.000000020040877343e+20,1.000000020040877343e+20,1.000000020040877343e+20,1.000000020040877343e+20,1.000000020040877343e+20,1.000000020040877343e+20,1.000000020040877343e+20,1.000000020040877343e+20,1.000000020040877343e+20,1.000000020040877343e+20,1.000000020040877343e+20,1.000000020040877343e+20,1.000000020040877343e+20,1.000000020040877343e+20,1.000000020040877343e+20,1.000000020040877343e+20,1.000000020040877343e+20,1.000000020040877343e+20,1.000000020040877343e+20,1.000000020040877343e+20,1.000000020040877343e+20,1.000000020040877343e+20,1.000000020040877343e+20,1.000000020040877343e+20,1.000000020040877343e+20,1.000000020040877343e+20,1.000000020040877343e+20,1.000000020040877343e+20,1.000000020040877343e+20,1.000000020040877343e+20,1.000000020040877343e+20,1.000000020040877343e+20,1.000000020040877343e+20,1.000000020040877343e+20,1.000000020040877343e+20,1.000000020040877343e+20,1.000000020040877343e+20,1.000000020040877343e+20,1.000000020040877343e+20,1.000000020040877343e+20,1.000000020040877343e+20,1.000000020040877343e+20,1.000000020040877343e+20,1.000000020040877343e+20,1.000000020040877343e+20,1.000000020040877343e+20,1.000000020040877343e+20,1.000000020040877343e+20,1.000000020040877343e+20,1.000000020040877343e+20,1.000000020040877343e+20,1.000000020040877343e+20,1.000000020040877343e+20,1.000000020040877343e+20,1.000000020040877343e+20,1.000000020040877343e+20,1.000000020040877343e+20,1.000000020040877343e+20,1.000000020040877343e+20,1.000000020040877343e+20,1.000000020040877343e+20,1.000000020040877343e+20,1.000000020040877343e+20,1.000000020040877343e+20,1.000000020040877343e+20,1.000000020040877343e+20,1.000000020040877343e+20,1.000000020040877343e+20,1.000000020040877343e+20,1.000000020040877343e+20,1.000000020040877343e+20,1.000000020040877343e+20,1.000000020040877343e+20,1.000000020040877343e+20,1.000000020040877343e+20,1.000000020040877343e+20,1.000000020040877343e+20,1.000000020040877343e+20,1.000000020040877343e+20,1.000000020040877343e+20,1.000000020040877343e+20,1.000000020040877343e+20,1.000000020040877343e+20,1.000000020040877343e+20,1.000000020040877343e+20,1.000000020040877343e+20,1.000000020040877343e+20,1.000000020040877343e+20,1.000000020040877343e+20,1.000000020040877343e+20,1.000000020040877343e+20,1.000000020040877343e+20,1.000000020040877343e+20,1.000000020040877343e+20,1.000000020040877343e+20,1.000000020040877343e+20,1.000000020040877343e+20,1.000000020040877343e+20,1.000000020040877343e+20,1.000000020040877343e+20,1.000000020040877343e+20,1.000000020040877343e+20,1.000000020040877343e+20,1.000000020040877343e+20,1.000000020040877343e+20,1.000000020040877343e+20,1.000000020040877343e+20,1.000000020040877343e+20,1.000000020040877343e+20,1.000000020040877343e+20,1.000000020040877343e+20,1.000000020040877343e+20,1.000000020040877343e+20,1.000000020040877343e+20,1.000000020040877343e+20,-1.680000066757202148e+00,-1.657000064849853516e+00,-1.665000081062316895e+00,-1.695000052452087402e+00,-1.717000126838684082e+00,-1.747000098228454590e+00,-1.777000069618225098e+00,-1.782000064849853516e+00,-1.787000060081481934e+00,-1.787000060081481934e+00,-1.782000064849853516e+00,-1.777000069618225098e+00,-1.777000069618225098e+00,-1.777000069618225098e+00,-1.780000090599060059e+00,-1.780000090599060059e+00,-1.780000090599060059e+00,-1.782000064849853516e+00,-1.775000095367431641e+00,-1.775000095367431641e+00,-1.777000069618225098e+00,-1.777000069618225098e+00,-1.777000069618225098e+00,-1.775000095367431641e+00,-1.772000074386596680e+00,-1.767000079154968262e+00,-1.777000069618225098e+00,-1.777000069618225098e+00,-1.782000064849853516e+00,-1.780000090599060059e+00,-1.785000085830688477e+00,-1.785000085830688477e+00,-1.780000090599060059e+00,-1.780000090599060059e+00,-1.785000085830688477e+00,-1.782000064849853516e+00,-1.782000064849853516e+00,-1.770000100135803223e+00,-1.770000100135803223e+00,-1.767000079154968262e+00,-1.765000104904174805e+00,-1.757000088691711426e+00,-1.755000114440917969e+00,-1.745000123977661133e+00,-1.737000107765197754e+00,-1.727000117301940918e+00,-1.722000122070312500e+00,-1.712000131607055664e+00,-1.702000021934509277e+00,-1.700000047683715820e+00,-1.697000026702880859e+00,-1.695000052452087402e+00,-1.697000026702880859e+00,-1.705000042915344238e+00,-1.702000021934509277e+00,-1.707000136375427246e+00,-1.710000038146972656e+00,-1.710000038146972656e+00,-1.707000136375427246e+00,-1.700000047683715820e+00,-1.677000045776367188e+00,-1.637000083923339844e+00,-1.617000102996826172e+00,-1.617000102996826172e+00,-1.635000109672546387e+00,-1.657000064849853516e+00,-1.652000069618225098e+00,-1.642000079154968262e+00,-1.635000109672546387e+00,-1.640000104904174805e+00,-1.647000074386596680e+00,-1.660000085830688477e+00,-1.677000045776367188e+00,-1.670000076293945312e+00,-1.662000060081481934e+00,-1.632000088691711426e+00,-1.592000126838684082e+00,-1.565000057220458984e+00,-1.547000050544738770e+00,-1.557000041007995605e+00,-1.580000042915344238e+00,-1.625000119209289551e+00,-1.622000098228454590e+00,-1.587000131607055664e+00,-1.562000036239624023e+00,-1.545000076293945312e+00,-1.575000047683715820e+00,-1.680000066757202148e+00,-1.765000104904174805e+00,-1.797000050544738770e+00,-1.812000036239624023e+00,-1.820000052452087402e+00,-1.837000131607055664e+00,-1.837000131607055664e+00,-1.767000079154968262e+00,-1.740000128746032715e+00,-1.850000143051147461e+00,-1.837000131607055664e+00,-1.770000100135803223e+00,-1.757000088691711426e+00,-1.792000055313110352e+00,-1.735000133514404297e+00,-1.667000055313110352e+00,-1.667000055313110352e+00,-1.652000069618225098e+00,-1.647000074386596680e+00,-1.655000090599060059e+00,-1.642000079154968262e+00,-1.622000098228454590e+00,-1.652000069618225098e+00,-1.667000055313110352e+00,-1.650000095367431641e+00,-1.565000057220458984e+00,-1.622000098228454590e+00,-1.657000064849853516e+00,-1.600000023841857910e+00,-1.462000012397766113e+00,-1.427000045776367188e+00,-1.425000071525573730e+00,1.000000020040877343e+20,1.000000020040877343e+20,-1.830000042915344238e+00,-1.832000136375427246e+00,1.000000020040877343e+20,1.000000020040877343e+20,1.000000020040877343e+20,1.000000020040877343e+20,1.000000020040877343e+20,1.000000020040877343e+20,-1.727000117301940918e+00,-1.815000057220458984e+00,-1.805000066757202148e+00,-1.812000036239624023e+00,-1.825000047683715820e+00,-1.840000033378601074e+00,-1.840000033378601074e+00,-1.840000033378601074e+00,-1.840000033378601074e+00,-1.840000033378601074e+00,-1.840000033378601074e+00,-1.840000033378601074e+00,-1.840000033378601074e+00,-1.840000033378601074e+00,-1.840000033378601074e+00,-1.840000033378601074e+00,-1.832000136375427246e+00,-1.832000136375427246e+00,-1.832000136375427246e+00,-1.832000136375427246e+00,-1.832000136375427246e+00,-1.832000136375427246e+00,-1.832000136375427246e+00,-1.832000136375427246e+00,-1.840000033378601074e+00,-1.837000131607055664e+00,-1.840000033378601074e+00,-1.840000033378601074e+00,-1.845000028610229492e+00,-1.847000122070312500e+00,-1.840000033378601074e+00,-1.840000033378601074e+00,-1.847000122070312500e+00,-1.847000122070312500e+00,-1.847000122070312500e+00,-1.837000131607055664e+00,-1.840000033378601074e+00,-1.837000131607055664e+00,-1.830000042915344238e+00,-1.807000041007995605e+00,-1.782000064849853516e+00,-1.787000060081481934e+00,-1.715000033378601074e+00,-1.792000055313110352e+00,-1.837000131607055664e+00,-1.832000136375427246e+00,-1.840000033378601074e+00,-1.842000126838684082e+00,-1.847000122070312500e+00,1.000000020040877343e+20,1.000000020040877343e+20,1.000000020040877343e+20,1.000000020040877343e+20,1.000000020040877343e+20,1.000000020040877343e+20,1.000000020040877343e+20,1.000000020040877343e+20,1.000000020040877343e+20,1.000000020040877343e+20,1.000000020040877343e+20,1.000000020040877343e+20
1.000000020040877343e+20,1.000000020040877343e+20,1.000000020040877343e+20,1.000000020040877343e+20,1.000000020040877343e+20,1.000000020040877343e+20,1.000000020040877343e+20,1.000000020040877343e+20,1.000000020040877343e+20,1.000000020040877343e+20,1.000000020040877343e+20,1.000000020040877343e+20,1.000000020040877343e+20,1.000000020040877343e+20,1.000000020040877343e+20,1.000000020040877343e+20,1.000000020040877343e+20,1.000000020040877343e+20,1.000000020040877343e+20,1.000000020040877343e+20,1.000000020040877343e+20,1.000000020040877343e+20,1.000000020040877343e+20,1.000000020040877343e+20,1.000000020040877343e+20,1.000000020040877343e+20,1.000000020040877343e+20,1.000000020040877343e+20,1.000000020040877343e+20,1.000000020040877343e+20,1.000000020040877343e+20,1.000000020040877343e+20,1.000000020040877343e+20,1.000000020040877343e+20,1.000000020040877343e+20,1.000000020040877343e+20,1.000000020040877343e+20,1.000000020040877343e+20,1.000000020040877343e+20,1.000000020040877343e+20,1.000000020040877343e+20,1.000000020040877343e+20,1.000000020040877343e+20,1.000000020040877343e+20,1.000000020040877343e+20,1.000000020040877343e+20,1.000000020040877343e+20,1.000000020040877343e+20,1.000000020040877343e+20,1.000000020040877343e+20,1.000000020040877343e+20,1.000000020040877343e+20,1.000000020040877343e+20,1.000000020040877343e+20,1.000000020040877343e+20,1.000000020040877343e+20,1.000000020040877343e+20,1.000000020040877343e+20,1.000000020040877343e+20,1.000000020040877343e+20,1.000000020040877343e+20,1.000000020040877343e+20,1.000000020040877343e+20,1.000000020040877343e+20,1.000000020040877343e+20,1.000000020040877343e+20,1.000000020040877343e+20,1.000000020040877343e+20,1.000000020040877343e+20,1.000000020040877343e+20,1.000000020040877343e+20,1.000000020040877343e+20,1.000000020040877343e+20,1.000000020040877343e+20,1.000000020040877343e+20,1.000000020040877343e+20,1.000000020040877343e+20,1.000000020040877343e+20,1.000000020040877343e+20,1.000000020040877343e+20,1.000000020040877343e+20,1.000000020040877343e+20,1.000000020040877343e+20,1.000000020040877343e+20,1.000000020040877343e+20,1.000000020040877343e+20,1.000000020040877343e+20,1.000000020040877343e+20,1.000000020040877343e+20,1.000000020040877343e+20,1.000000020040877343e+20,1.000000020040877343e+20,1.000000020040877343e+20,1.000000020040877343e+20,1.000000020040877343e+20,1.000000020040877343e+20,1.000000020040877343e+20,1.000000020040877343e+20,1.000000020040877343e+20,1.000000020040877343e+20,1.000000020040877343e+20,1.000000020040877343e+20,1.000000020040877343e+20,1.000000020040877343e+20,1.000000020040877343e+20,1.000000020040877343e+20,1.000000020040877343e+20,1.000000020040877343e+20,1.000000020040877343e+20,1.000000020040877343e+20,1.000000020040877343e+20,1.000000020040877343e+20,1.000000020040877343e+20,1.000000020040877343e+20,1.000000020040877343e+20,1.000000020040877343e+20,1.000000020040877343e+20,1.000000020040877343e+20,1.000000020040877343e+20,1.000000020040877343e+20,1.000000020040877343e+20,1.000000020040877343e+20,1.000000020040877343e+20,1.000000020040877343e+20,1.000000020040877343e+20,1.000000020040877343e+20,1.000000020040877343e+20,1.000000020040877343e+20,1.000000020040877343e+20,1.000000020040877343e+20,1.000000020040877343e+20,1.000000020040877343e+20,1.000000020040877343e+20,1.000000020040877343e+20,1.000000020040877343e+20,1.000000020040877343e+20,1.000000020040877343e+20,1.000000020040877343e+20,1.000000020040877343e+20,1.000000020040877343e+20,1.000000020040877343e+20,1.000000020040877343e+20,1.000000020040877343e+20,1.000000020040877343e+20,1.000000020040877343e+20,1.000000020040877343e+20,1.000000020040877343e+20,1.000000020040877343e+20,1.000000020040877343e+20,1.000000020040877343e+20,1.000000020040877343e+20,1.000000020040877343e+20,1.000000020040877343e+20,1.000000020040877343e+20,1.000000020040877343e+20,1.000000020040877343e+20,1.000000020040877343e+20,1.000000020040877343e+20,1.000000020040877343e+20,1.000000020040877343e+20,1.000000020040877343e+20,1.000000020040877343e+20,1.000000020040877343e+20,1.000000020040877343e+20,1.000000020040877343e+20,1.000000020040877343e+20,1.000000020040877343e+20,-1.760000109672546387e+00,-1.772000074386596680e+00,-1.777000069618225098e+00,-1.752000093460083008e+00,-1.750000119209289551e+00,-1.745000123977661133e+00,-1.752000093460083008e+00,-1.755000114440917969e+00,-1.765000104904174805e+00,-1.772000074386596680e+00,-1.777000069618225098e+00,-1.790000081062316895e+00,-1.782000064849853516e+00,-1.782000064849853516e+00,-1.775000095367431641e+00,-1.780000090599060059e+00,-1.785000085830688477e+00,-1.795000076293945312e+00,-1.802000045776367188e+00,-1.805000066757202148e+00,-1.807000041007995605e+00,-1.807000041007995605e+00,-1.802000045776367188e+00,-1.792000055313110352e+00,-1.787000060081481934e+00,-1.785000085830688477e+00,-1.785000085830688477e+00,-1.785000085830688477e+00,-1.782000064849853516e+00,-1.782000064849853516e+00,-1.782000064849853516e+00,-1.777000069618225098e+00,-1.780000090599060059e+00,-1.780000090599060059e+00,-1.780000090599060059e+00,-1.782000064849853516e+00,-1.780000090599060059e+00,-1.777000069618225098e+00,-1.775000095367431641e+00,-1.772000074386596680e+00,-1.772000074386596680e+00,-1.775000095367431641e+00,-1.777000069618225098e+00,-1.772000074386596680e+00,-1.772000074386596680e+00,-1.767000079154968262e+00,-1.765000104904174805e+00,-1.755000114440917969e+00,-1.750000119209289551e+00,-1.740000128746032715e+00,-1.737000107765197754e+00,-1.722000122070312500e+00,-1.717000126838684082e+00,-1.717000126838684082e+00,-1.722000122070312500e+00,-1.722000122070312500e+00,-1.720000028610229492e+00,-1.712000131607055664e+00,-1.715000033378601074e+00,-1.707000136375427246e+00,-1.712000131607055664e+00,-1.702000021934509277e+00,-1.695000052452087402e+00,-1.662000060081481934e+00,-1.612000107765197754e+00,-1.637000083923339844e+00,-1.655000090599060059e+00,-1.657000064849853516e+00,-1.732000112533569336e+00,-1.725000023841857910e+00,-1.655000090599060059e+00,-1.625000119209289551e+00,-1.635000109672546387e+00,-1.622000098228454590e+00,-1.665000081062316895e+00,-1.705000042915344238e+00,-1.710000038146972656e+00,-1.700000047683715820e+00,-1.645000100135803223e+00,-1.592000126838684082e+00,-1.582000017166137695e+00,-1.550000071525573730e+00,-1.522000074386596680e+00,-1.645000100135803223e+00,-1.757000088691711426e+00,-1.727000117301940918e+00,-1.722000122070312500e+00,-1.687000036239624023e+00,-1.637000083923339844e+00,-1.612000107765197754e+00,1.000000020040877343e+20,1.000000020040877343e+20,1.000000020040877343e+20,1.000000020040877343e+20,1.000000020040877343e+20,1.000000020040877343e+20,1.000000020040877343e+20,1.000000020040877343e+20,1.000000020040877343e+20,1.000000020040877343e+20,1.000000020040877343e+20,1.000000020040877343e+20,1.000000020040877343e+20,1.000000020040877343e+20,1.000000020040877343e+20,1.000000020040877343e+20,1.000000020040877343e+20,-1.775000095367431641e+00,-1.782000064849853516e+00,-1.825000047683715820e+00,-1.837000131607055664e+00,-1.850000143051147461e+00,1.000000020040877343e+20,1.000000020040877343e+20,1.000000020040877343e+20,-1.647000074386596680e+00,-1.825000047683715820e+00,1.000000020040877343e+20,1.000000020040877343e+20,-1.600000023841857910e+00,-1.595000028610229492e+00,1.000000020040877343e+20,1.000000020040877343e+20,1.000000020040877343e+20,1.000000020040877343e+20,1.000000020040877343e+20,1.000000020040877343e+20,1.000000020040877343e+20,1.000000020040877343e+20,1.000000020040877343e+20,1.000000020040877343e+20,-1.727000117301940918e+00,-1.817000031471252441e+00,-1.805000066757202148e+00,-1.802000045776367188e+00,-1.805000066757202148e+00,-1.817000031471252441e+00,-1.830000042915344238e+00,-1.840000033378601074e+00,-1.850000143051147461e+00,-1.840000033378601074e+00,-1.840000033378601074e+00,-1.840000033378601074e+00,-1.840000033378601074e+00,-1.840000033378601074e+00,-1.840000033378601074e+00,-1.840000033378601074e+00,-1.840000033378601074e+00,-1.832000136375427246e+00,-1.840000033378601074e+00,-1.832000136375427246e+00,-1.832000136375427246e+00,-1.832000136375427246e+00,-1.830000042915344238e+00,-1.830000042915344238e+00,-1.832000136375427246e+00,-1.827000141143798828e+00,-1.832000136375427246e+00,-1.835000038146972656e+00,-1.832000136375427246e+00,-1.840000033378601074e+00,-1.840000033378601074e+00,-1.840000033378601074e+00,-1.840000033378601074e+00,-1.835000038146972656e+00,-1.845000028610229492e+00,-1.837000131607055664e+00,-1.835000038146972656e+00,-1.797000050544738770e+00,-1.730000138282775879e+00,-1.680000066757202148e+00,-1.660000085830688477e+00,-1.672000050544738770e+00,-1.580000042915344238e+00,-1.610000133514404297e+00,-1.657000064849853516e+00,-1.712000131607055664e+00,1.000000020040877343e+20,1.000000020040877343e+20,1.000000020040877343e+20,1.000000020040877343e+20,1.000000020040877343e+20,1.000000020040877343e+20,1.000000020040877343e+20,1.000000020040877343e+20,1.000000020040877343e+20,1.000000020040877343e+20,1.000000020040877343e+20,1.000000020040877343e+20,1.000000020040877343e+20,1.000000020040877343e+20,1.000000020040877343e+20,1.000000020040877343e+20
1.000000020040877343e+20,1.000000020040877343e+20,1.000000020040877343e+20,1.000000020040877343e+20,1.000000020040877343e+20,1.000000020040877343e+20,1.000000020040877343e+20,1.000000020040877343e+20,1.000000020040877343e+20,1.000000020040877343e+20,1.000000020040877343e+20,1.000000020040877343e+20,1.000000020040877343e+20,1.000000020040877343e+20,1.000000020040877343e+20,1.000000020040877343e+20,1.000000020040877343e+20,1.000000020040877343e+20,1.000000020040877343e+20,1.000000020040877343e+20,1.000000020040877343e+20,1.000000020040877343e+20,1.000000020040877343e+20,1.000000020040877343e+20,1.000000020040877343e+20,1.000000020040877343e+20,1.000000020040877343e+20,1.000000020040877343e+20,1.000000020040877343e+20,1.000000020040877343e+20,1.000000020040877343e+20,1.000000020040877343e+20,1.000000020040877343e+20,1.000000020040877343e+20,1.000000020040877343e+20,1.000000020040877343e+20,1.000000020040877343e+20,1.000000020040877343e+20,1.000000020040877343e+20,1.000000020040877343e+20,1.000000020040877343e+20,1.000000020040877343e+20,1.000000020040877343e+20,1.000000020040877343e+20,1.000000020040877343e+20,1.000000020040877343e+20,1.000000020040877343e+20,1.000000020040877343e+20,1.000000020040877343e+20,1.000000020040877343e+20,1.000000020040877343e+20,1.000000020040877343e+20,1.000000020040877343e+20,1.000000020040877343e+20,1.000000020040877343e+20,1.000000020040877343e+20,1.000000020040877343e+20,1.000000020040877343e+20,1.000000020040877343e+20,1.000000020040877343e+20,1.000000020040877343e+20,1.000000020040877343e+20,1.000000020040877343e+20,1.000000020040877343e+20,1.000000020040877343e+20,1.000000020040877343e+20,1.000000020040877343e+20,1.000000020040877343e+20,1.000000020040877343e+20,1.000000020040877343e+20,1.000000020040877343e+20,1.000000020040877343e+20,1.000000020040877343e+20,1.000000020040877343e+20,1.000000020040877343e+20,1.000000020040877343e+20,1.000000020040877343e+20,1.000000020040877343e+20,1.000000020040877343e+20,1.000000020040877343e+20,1.000000020040877343e+20,1.000000020040877343e+20,1.000000020040877343e+20,1.000000020040877343e+20,1.000000020040877343e+20,1.000000020040877343e+20,1.000000020040877343e+20,1.000000020040877343e+20,1.000000020040877343e+20,1.000000020040877343e+20,1.000000020040877343e+20,1.000000020040877343e+20,1.000000020040877343e+20,1.000000020040877343e+20,1.000000020040877343e+20,1.000000020040877343e+20,1.000000020040877343e+20,1.000000020040877343e+20,1.000000020040877343e+20,1.000000020040877343e+20,1.000000020040877343e+20,1.000000020040877343e+20,1.000000020040877343e+20,1.000000020040877343e+20,1.000000020040877343e+20,1.000000020040877343e+20,1.000000020040877343e+20,1.000000020040877343e+20,1.000000020040877343e+20,1.000000020040877343e+20,1.000000020040877343e+20,1.000000020040877343e+20,1.000000020040877343e+20,1.000000020040877343e+20,1.000000020040877343e+20,1.000000020040877343e+20,1.000000020040877343e+20,1.000000020040877343e+20,1.000000020040877343e+20,1.000000020040877343e+20,1.000000020040877343e+20,1.000000020040877343e+20,1.000000020040877343e+20,1.000000020040877343e+20,1.000000020040877343e+20,1.000000020040877343e+20,1.000000020040877343e+20,1.000000020040877343e+20,1.000000020040877343e+20,1.000000020040877343e+20,1.000000020040877343e+20,1.000000020040877343e+20,1.000000020040877343e+20,1.000000020040877343e+20,1.000000020040877343e+20,1.000000020040877343e+20,1.000000020040877343e+20,1.000000020040877343e+20,1.000000020040877343e+20,1.000000020040877343e+20,1.000000020040877343e+20,1.000000020040877343e+20,1.000000020040877343e+20,1.000000020040877343e+20,1.000000020040877343e+20,1.000000020040877343e+20,1.000000020040877343e+20,1.000000020040877343e+20,1.000000020040877343e+20,1.000000020040877343e+20,1.000000020040877343e+20,1.000000020040877343e+20,1.000000020040877343e+20,1.000000020040877343e+20,1.000000020040877343e+20,1.000000020040877343e+20,1.000000020040877343e+20,1.000000020040877343e+20,1.000000020040877343e+20,1.000000020040877343e+20,1.000000020040877343e+20,1.000000020040877343e+20,1.000000020040877343e+20,1.000000020040877343e+20,1.000000020040877343e+20,-1.660000085830688477e+00,-1.737000107765197754e+00,-1.800000071525573730e+00,-1.810000061988830566e+00,-1.807000041007995605e+00,-1.805000066757202148e+00,-1.802000045776367188e+00,-1.787000060081481934e+00,-1.780000090599060059e+00,-1.770000100135803223e+00,-1.767000079154968262e+00,-1.770000100135803223e+00,-1.775000095367431641e+00,-1.777000069618225098e+00,-1.777000069618225098e+00,-1.777000069618225098e+00,-1.770000100135803223e+00,-1.780000090599060059e+00,-1.787000060081481934e+00,-1.802000045776367188e+00,-1.815000057220458984e+00,-1.815000057220458984e+00,-1.820000052452087402e+00,-1.812000036239624023e+00,-1.812000036239624023e+00,-1.812000036239624023e+00,-1.812000036239624023e+00,-1.807000041007995605e+00,-1.797000050544738770e+00,-1.787000060081481934e+00,-1.787000060081481934e+00,-1.780000090599060059e+00,-1.780000090599060059e+00,-1.787000060081481934e+00,-1.785000085830688477e+00,-1.777000069618225098e+00,-1.772000074386596680e+00,-1.772000074386596680e+00,-1.767000079154968262e+00,-1.767000079154968262e+00,-1.765000104904174805e+00,-1.765000104904174805e+00,-1.762000083923339844e+00,-1.762000083923339844e+00,-1.760000109672546387e+00,-1.752000093460083008e+00,-1.742000102996826172e+00,-1.725000023841857910e+00,-1.702000021934509277e+00,-1.667000055313110352e+00,-1.647000074386596680e+00,-1.632000088691711426e+00,-1.620000123977661133e+00,-1.610000133514404297e+00,-1.607000112533569336e+00,-1.675000071525573730e+00,-1.675000071525573730e+00,-1.685000061988830566e+00,-1.660000085830688477e+00,-1.632000088691711426e+00,-1.630000114440917969e+00,-1.640000104904174805e+00,-1.645000100135803223e+00,-1.717000126838684082e+00,-1.830000042915344238e+00,-1.837000131607055664e+00,-1.837000131607055664e+00,-1.837000131607055664e+00,-1.840000033378601074e+00,-1.830000042915344238e+00,-1.840000033378601074e+00,-1.837000131607055664e+00,-1.840000033378601074e+00,-1.830000042915344238e+00,-1.780000090599060059e+00,1.000000020040877343e+20,1.000000020040877343e+20,1.000000020040877343e+20,1.000000020040877343e+20,1.000000020040877343e+20,1.000000020040877343e+20,1.000000020040877343e+20,-1.765000104904174805e+00,-1.692000031471252441e+00,1.000000020040877343e+20,-1.840000033378601074e+00,-1.830000042915344238e+00,-1.835000038146972656e+00,-1.830000042915344238e+00,-1.825000047683715820e+00,-1.740000128746032715e+00,-1.627000093460083008e+00,-1.540000081062316895e+00,-1.545000076293945312e+00,1.000000020040877343e+20,1.000000020040877343e+20,1.000000020040877343e+20,1.000000020040877343e+20,1.000000020040877343e+20,1.000000020040877343e+20,1.000000020040877343e+20,1.000000020040877343e+20,1.000000020040877343e+20,1.000000020040877343e+20,1.000000020040877343e+20,1.000000020040877343e+20,1.000000020040877343e+20,1.000000020040877343e+20,1.000000020040877343e+20,1.000000020040877343e+20,1.000000020040877343e+20,1.000000020040877343e+20,1.000000020040877343e+20,1.000000020040877343e+20,1.000000020040877343e+20,1.000000020040877343e+20,1.000000020040877343e+20,1.000000020040877343e+20,1.000000020040877343e+20,1.000000020040877343e+20,1.000000020040877343e+20,1.000000020040877343e+20,1.000000020040877343e+20,1.000000020040877343e+20,1.000000020040877343e+20,1.000000020040877343e+20,1.000000020040877343e+20,1.000000020040877343e+20,1.000000020040877343e+20,1.000000020040877343e+20,1.000000020040877343e+20,1.000000020040877343e+20,1.000000020040877343e+20,-1.830000042915344238e+00,-1.790000081062316895e+00,-1.725000023841857910e+00,-1.710000038146972656e+00,-1.775000095367431641e+00,-1.800000071525573730e+00,-1.807000041007995605e+00,-1.820000052452087402e+00,-1.820000052452087402e+00,-1.835000038146972656e+00,-1.827000141143798828e+00,-1.847000122070312500e+00,-1.847000122070312500e+00,-1.840000033378601074e+00,-1.840000033378601074e+00,-1.835000038146972656e+00,-1.832000136375427246e+00,-1.840000033378601074e+00,-1.830000042915344238e+00,-1.842000126838684082e+00,-1.840000033378601074e+00,-1.840000033378601074e+00,-1.837000131607055664e+00,-1.837000131607055664e+00,-1.840000033378601074e+00,-1.840000033378601074e+00,-1.840000033378601074e+00,-1.840000033378601074e+00,-1.840000033378601074e+00,-1.840000033378601074e+00,-1.840000033378601074e+00,-1.840000033378601074e+00,-1.832000136375427246e+00,-1.830000042915344238e+00,-1.807000041007995605e+00,-1.717000126838684082e+00,-1.667000055313110352e+00,-1.630000114440917969e+00,-1.520000100135803223e+00,-1.595000028610229492e+00,-1.687000036239624023e+00,-1.745000123977661133e+00,-1.770000100135803223e+00,-1.792000055313110352e+00,-1.710000038146972656e+00,-1.682000041007995605e+00,1.000000020040877343e+20,1.000000020040877343e+20,1.000000020040877343e+20,1.000000020040877343e+20,1.000000020040877343e+20,1.000000020040877343e+20,1.000000020040877343e+20,1.000000020040877343e+20,1.000000020040877343e+20,1.000000020040877343e+20,1.000000020040877343e+20,1.000000020040877343e+20,1.000000020040877343e+20,1.000000020040877343e+20,1.000000020040877343e+20,1.000000020040877343e+20
1.000000020040877343e+20,1.000000020040877343e+20,1.000000020040877343e+20,1.000000020040877343e+20,1.000000020040877343e+20,1.000000020040877343e+20,1.000000020040877343e+20,1.000000020040877343e+20,1.000000020040877343e+20,1.000000020040877343e+20,1.000000020040877343e+20,1.000000020040877343e+20,1.000000020040877343e+20,1.000000020040877343e+20,1.000000020040877343e+20,1.000000020040877343e+20,1.000000020040877343e+20,1.000000020040877343e+20,1.000000020040877343e+20,1.000000020040877343e+20,1.000000020040877343e+20,1.000000020040877343e+20,1.000000020040877343e+20,1.000000020040877343e+20,1.000000020040877343e+20,1.000000020040877343e+20,1.000000020040877343e+20,1.000000020040877343e+20,1.000000020040877343e+20,1.000000020040877343e+20,1.000000020040877343e+20,1.000000020040877343e+20,1.000000020040877343e+20,1.000000020040877343e+20,1.000000020040877343e+20,1.000000020040877343e+20,1.000000020040877343e+20,1.000000020040877343e+20,1.000000020040877343e+20,1.000000020040877343e+20,1.000000020040877343e+20,1.000000020040877343e+20,1.000000020040877343e+20,1.000000020040877343e+20,1.000000020040877343e+20,1.000000020040877343e+20,1.000000020040877343e+20,1.000000020040877343e+20,1.000000020040877343e+20,1.000000020040877343e+20,1.000000020040877343e+20,1.000000020040877343e+20,1.000000020040877343e+20,1.000000020040877343e+20,1.000000020040877343e+20,1.000000020040877343e+20,1.000000020040877343e+20,1.000000020040877343e+20,1.000000020040877343e+20,1.000000020040877343e+20,1.000000020040877343e+20,1.000000020040877343e+20,1.000000020040877343e+20,1.000000020040877343e+20,1.000000020040877343e+20,1.000000020040877343e+20,1.000000020040877343e+20,1.000000020040877343e+20,1.000000020040877343e+20,1.000000020040877343e+20,1.000000020040877343e+20,1.000000020040877343e+20,1.000000020040877343e+20,1.000000020040877343e+20,1.000000020040877343e+20,1.000000020040877343e+20,1.000000020040877343e+20,1.000000020040877343e+20,1.000000020040877343e+20,1.000000020040877343e+20,1.000000020040877343e+20,1.000000020040877343e+20,1.000000020040877343e+20,1.000000020040877343e+20,1.000000020040877343e+20,1.000000020040877343e+20,1.000000020040877343e+20,1.000000020040877343e+20,1.000000020040877343e+20,1.000000020040877343e+20,1.000000020040877343e+20,1.000000020040877343e+20,1.000000020040877343e+20,1.000000020040877343e+20,1.000000020040877343e+20,1.000000020040877343e+20,1.000000020040877343e+20,1.000000020040877343e+20,1.000000020040877343e+20,1.000000020040877343e+20,1.000000020040877343e+20,1.000000020040877343e+20,1.000000020040877343e+20,1.000000020040877343e+20,1.000000020040877343e+20,1.000000020040877343e+20,1.000000020040877343e+20,1.000000020040877343e+20,1.000000020040877343e+20,1.000000020040877343e+20,1.000000020040877343e+20,1.000000020040877343e+20,1.000000020040877343e+20,1.000000020040877343e+20,1.000000020040877343e+20,1.000000020040877343e+20,1.000000020040877343e+20,1.000000020040877343e+20,1.000000020040877343e+20,1.000000020040877343e+20,1.000000020040877343e+20,1.000000020040877343e+20,1.000000020040877343e+20,1.000000020040877343e+20,1.000000020040877343e+20,1.000000020040877343e+20,1.000000020040877343e+20,1.000000020040877343e+20,1.000000020040877343e+20,1.000000020040877343e+20,1.000000020040877343e+20,1.000000020040877343e+20,1.000000020040877343e+20,1.000000020040877343e+20,1.000000020040877343e+20,1.000000020040877343e+20,1.000000020040877343e+20,1.000000020040877343e+20,1.000000020040877343e+20,1.000000020040877343e+20,1.000000020040877343e+20,1.000000020040877343e+20,1.000000020040877343e+20,1.000000020040877343e+20,1.000000020040877343e+20,1.000000020040877343e+20,1.000000020040877343e+20,1.000000020040877343e+20,1.000000020040877343e+20,1.000000020040877343e+20,1.000000020040877343e+20,1.000000020040877343e+20,1.000000020040877343e+20,1.000000020040877343e+20,1.000000020040877343e+20,1.000000020040877343e+20,1.000000020040877343e+20,1.000000020040877343e+20,1.000000020040877343e+20,1.000000020040877343e+20,1.000000020040877343e+20,1.000000020040877343e+20,1.000000020040877343e+20,-1.585000038146972656e+00,-1.635000109672546387e+00,-1.705000042915344238e+00,-1.762000083923339844e+00,-1.790000081062316895e+00,-1.790000081062316895e+00,-1.787000060081481934e+00,-1.745000123977661133e+00,-1.712000131607055664e+00,-1.682000041007995605e+00,-1.662000060081481934e+00,-1.657000064849853516e+00,-1.660000085830688477e+00,-1.677000045776367188e+00,-1.690000057220458984e+00,-1.710000038146972656e+00,-1.720000028610229492e+00,-1.737000107765197754e+00,-1.757000088691711426e+00,-1.767000079154968262e+00,-1.790000081062316895e+00,-1.805000066757202148e+00,-1.810000061988830566e+00,-1.810000061988830566e+00,-1.810000061988830566e+00,-1.812000036239624023e+00,-1.812000036239624023e+00,-1.812000036239624023e+00,-1.802000045776367188e+00,-1.805000066757202148e+00,-1.787000060081481934e+00,-1.790000081062316895e+00,-1.785000085830688477e+00,-1.780000090599060059e+00,-1.777000069618225098e+00,-1.765000104904174805e+00,-1.757000088691711426e+00,-1.752000093460083008e+00,-1.750000119209289551e+00,-1.755000114440917969e+00,-1.760000109672546387e+00,-1.757000088691711426e+00,-1.760000109672546387e+00,-1.757000088691711426e+00,-1.750000119209289551e+00,-1.742000102996826172e+00,-1.722000122070312500e+00,-1.725000023841857910e+00,-1.720000028610229492e+00,-1.697000026702880859e+00,-1.672000050544738770e+00,-1.602000117301940918e+00,-1.560000061988830566e+00,-1.540000081062316895e+00,-1.550000071525573730e+00,-1.555000066757202148e+00,-1.550000071525573730e+00,1.000000020040877343e+20,1.000000020040877343e+20,1.000000020040877343e+20,1.000000020040877343e+20,1.000000020040877343e+20,1.000000020040877343e+20,1.000000020040877343e+20,1.000000020040877343e+20,1.000000020040877343e+20,1.000000020040877343e+20,1.000000020040877343e+20,1.000000020040877343e+20,1.000000020040877343e+20,1.000000020040877343e+20,1.000000020040877343e+20,1.000000020040877343e+20,1.000000020040877343e+20,1.000000020040877343e+20,1.000000020040877343e+20,1.000000020040877343e+20,1.000000020040877343e+20,1.000000020040877343e+20,1.000000020040877343e+20,1.000000020040877343e+20,1.000000020040877343e+20,1.000000020040877343e+20,1.000000020040877343e+20,1.000000020040877343e+20,1.000000020040877343e+20,1.000000020040877343e+20,1.000000020040877343e+20,1.000000020040877343e+20,1.000000020040877343e+20,1.000000020040877343e+20,1.000000020040877343e+20,1.000000020040877343e+20,1.000000020040877343e+20,1.000000020040877343e+20,1.000000020040877343e+20,1.000000020040877343e+20,1.000000020040877343e+20,1.000000020040877343e+20,1.000000020040877343e+20,1.000000020040877343e+20,1.000000020040877343e+20,1.000000020040877343e+20,1.000000020040877343e+20,1.000000020040877343e+20,1.000000020040877343e+20,1.000000020040877343e+20,1.000000020040877343e+20,1.000000020040877343e+20,1.000000020040877343e+20,1.000000020040877343e+20,1.000000020040877343e+20,1.000000020040877343e+20,1.000000020040877343e+20,1.000000020040877343e+20,1.000000020040877343e+20,1.000000020040877343e+20,1.000000020040877343e+20,1.000000020040877343e+20,1.000000020040877343e+20,1.000000020040877343e+20,1.000000020040877343e+20,1.000000020040877343e+20,1.000000020040877343e+20,1.000000020040877343e+20,1.000000020040877343e+20,1.000000020040877343e+20,1.000000020040877343e+20,1.000000020040877343e+20,1.000000020040877343e+20,1.000000020040877343e+20,1.000000020040877343e+20,1.000000020040877343e+20,-1.845000028610229492e+00,-1.840000033378601074e+00,-1.837000131607055664e+00,-1.860000133514404297e+00,-1.787000060081481934e+00,-1.667000055313110352e+00,-1.820000052452087402e+00,-1.812000036239624023e+00,-1.805000066757202148e+00,-1.790000081062316895e+00,-1.785000085830688477e+00,-1.805000066757202148e+00,-1.817000031471252441e+00,-1.815000057220458984e+00,-1.827000141143798828e+00,-1.827000141143798828e+00,-1.825000047683715820e+00,-1.827000141143798828e+00,-1.827000141143798828e+00,-1.822000145912170410e+00,-1.827000141143798828e+00,-1.825000047683715820e+00,-1.825000047683715820e+00,-1.820000052452087402e+00,-1.830000042915344238e+00,-1.825000047683715820e+00,-1.832000136375427246e+00,-1.830000042915344238e+00,-1.830000042915344238e+00,-1.822000145912170410e+00,-1.832000136375427246e+00,-1.830000042915344238e+00,-1.835000038146972656e+00,-1.832000136375427246e+00,-1.825000047683715820e+00,-1.772000074386596680e+00,-1.717000126838684082e+00,-1.690000057220458984e+00,-1.612000107765197754e+00,-1.607000112533569336e+00,-1.687000036239624023e+00,-1.795000076293945312e+00,-1.822000145912170410e+00,-1.825000047683715820e+00,-1.837000131607055664e+00,-1.840000033378601074e+00,1.000000020040877343e+20,1.000000020040877343e+20,1.000000020040877343e+20,1.000000020040877343e+20,1.000000020040877343e+20,1.000000020040877343e+20,1.000000020040877343e+20,1.000000020040877343e+20,1.000000020040877343e+20,1.000000020040877343e+20,1.000000020040877343e+20,1.000000020040877343e+20,1.000000020040877343e+20,1.000000020040877343e+20,1.000000020040877343e+20,1.000000020040877343e+20,1.000000020040877343e+20,1.000000020040877343e+20
1.000000020040877343e+20,1.000000020040877343e+20,1.000000020040877343e+20,1.000000020040877343e+20,1.000000020040877343e+20,1.000000020040877343e+20,1.000000020040877343e+20,1.000000020040877343e+20,1.000000020040877343e+20,1.000000020040877343e+20,1.000000020040877343e+20,1.000000020040877343e+20,1.000000020040877343e+20,1.000000020040877343e+20,1.000000020040877343e+20,1.000000020040877343e+20,1.000000020040877343e+20,1.000000020040877343e+20,1.000000020040877343e+20,1.000000020040877343e+20,1.000000020040877343e+20,1.000000020040877343e+20,1.000000020040877343e+20,1.000000020040877343e+20,1.000000020040877343e+20,1.000000020040877343e+20,1.000000020040877343e+20,1.000000020040877343e+20,1.000000020040877343e+20,1.000000020040877343e+20,1.000000020040877343e+20,1.000000020040877343e+20,1.000000020040877343e+20,1.000000020040877343e+20,1.000000020040877343e+20,1.000000020040877343e+20,1.000000020040877343e+20,1.000000020040877343e+20,1.000000020040877343e+20,1.000000020040877343e+20,1.000000020040877343e+20,1.000000020040877343e+20,1.000000020040877343e+20,1.000000020040877343e+20,1.000000020040877343e+20,1.000000020040877343e+20,1.000000020040877343e+20,1.000000020040877343e+20,1.000000020040877343e+20,1.000000020040877343e+20,1.000000020040877343e+20,1.000000020040877343e+20,1.000000020040877343e+20,1.000000020040877343e+20,1.000000020040877343e+20,1.000000020040877343e+20,1.000000020040877343e+20,1.000000020040877343e+20,1.000000020040877343e+20,1.000000020040877343e+20,1.000000020040877343e+20,1.000000020040877343e+20,1.000000020040877343e+20,1.000000020040877343e+20,1.000000020040877343e+20,1.000000020040877343e+20,1.000000020040877343e+20,1.000000020040877343e+20,1.000000020040877343e+20,1.000000020040877343e+20,1.000000020040877343e+20,1.000000020040877343e+20,1.000000020040877343e+20,1.000000020040877343e+20,1.000000020040877343e+20,1.000000020040877343e+20,1.000000020040877343e+20,1.000000020040877343e+20,1.000000020040877343e+20,1.000000020040877343e+20,1.000000020040877343e+20,1.000000020040877343e+20,1.000000020040877343e+20,1.000000020040877343e+20,1.000000020040877343e+20,1.000000020040877343e+20,1.000000020040877343e+20,1.000000020040877343e+20,1.000000020040877343e+20,1.000000020040877343e+20,1.000000020040877343e+20,1.000000020040877343e+20,1.000000020040877343e+20,1.000000020040877343e+20,1.000000020040877343e+20,1.000000020040877343e+20,1.000000020040877343e+20,1.000000020040877343e+20,1.000000020040877343e+20,1.000000020040877343e+20,1.000000020040877343e+20,1.000000020040877343e+20,1.000000020040877343e+20,1.000000020040877343e+20,1.000000020040877343e+20,1.000000020040877343e+20,1.000000020040877343e+20,1.000000020040877343e+20,1.000000020040877343e+20,1.000000020040877343e+20,1.000000020040877343e+20,1.000000020040877343e+20,1.000000020040877343e+20,1.000000020040877343e+20,1.000000020040877343e+20,1.000000020040877343e+20,1.000000020040877343e+20,1.000000020040877343e+20,1.000000020040877343e+20,1.000000020040877343e+20,1.000000020040877343e+20,1.000000020040877343e+20,1.000000020040877343e+20,1.000000020040877343e+20,1.000000020040877343e+20,1.000000020040877343e+20,1.000000020040877343e+20,1.000000020040877343e+20,1.000000020040877343e+20,1.000000020040877343e+20,1.000000020040877343e+20,1.000000020040877343e+20,1.000000020040877343e+20,1.000000020040877343e+20,1.000000020040877343e+20,1.000000020040877343e+20,1.000000020040877343e+20,1.000000020040877343e+20,1.000000020040877343e+20,1.000000020040877343e+20,1.000000020040877343e+20,1.000000020040877343e+20,1.000000020040877343e+20,1.000000020040877343e+20,1.000000020040877343e+20,1.000000020040877343e+20,1.000000020040877343e+20,1.000000020040877343e+20,1.000000020040877343e+20,1.000000020040877343e+20,1.000000020040877343e+20,1.000000020040877343e+20,1.000000020040877343e+20,1.000000020040877343e+20,1.000000020040877343e+20,1.000000020040877343e+20,1.000000020040877343e+20,1.000000020040877343e+20,1.000000020040877343e+20,1.000000020040877343e+20,1.000000020040877343e+20,1.000000020040877343e+20,1.000000020040877343e+20,-1.735000133514404297e+00,-1.730000138282775879e+00,-1.775000095367431641e+00,-1.790000081062316895e+00,-1.782000064849853516e+00,-1.792000055313110352e+00,-1.792000055313110352e+00,-1.792000055313110352e+00,-1.765000104904174805e+00,-1.727000117301940918e+00,-1.667000055313110352e+00,-1.615000128746032715e+00,-1.575000047683715820e+00,-1.557000041007995605e+00,-1.562000036239624023e+00,-1.570000052452087402e+00,-1.582000017166137695e+00,-1.600000023841857910e+00,-1.627000093460083008e+00,-1.660000085830688477e+00,-1.690000057220458984e+00,-1.720000028610229492e+00,-1.735000133514404297e+00,-1.750000119209289551e+00,-1.762000083923339844e+00,-1.755000114440917969e+00,-1.750000119209289551e+00,-1.747000098228454590e+00,-1.747000098228454590e+00,-1.745000123977661133e+00,-1.745000123977661133e+00,-1.745000123977661133e+00,-1.750000119209289551e+00,-1.740000128746032715e+00,-1.735000133514404297e+00,-1.720000028610229492e+00,-1.705000042915344238e+00,-1.717000126838684082e+00,-1.735000133514404297e+00,-1.760000109672546387e+00,-1.775000095367431641e+00,-1.787000060081481934e+00,-1.790000081062316895e+00,-1.795000076293945312e+00,-1.800000071525573730e+00,-1.795000076293945312e+00,-1.750000119209289551e+00,-1.810000061988830566e+00,-1.817000031471252441e+00,-1.807000041007995605e+00,-1.777000069618225098e+00,1.000000020040877343e+20,1.000000020040877343e+20,1.000000020040877343e+20,1.000000020040877343e+20,1.000000020040877343e+20,1.000000020040877343e+20,1.000000020040877343e+20,1.000000020040877343e+20,1.000000020040877343e+20,1.000000020040877343e+20,1.000000020040877343e+20,1.000000020040877343e+20,1.000000020040877343e+20,1.000000020040877343e+20,1.000000020040877343e+20,1.000000020040877343e+20,1.000000020040877343e+20,1.000000020040877343e+20,1.000000020040877343e+20,1.000000020040877343e+20,1.000000020040877343e+20,1.000000020040877343e+20,1.000000020040877343e+20,1.000000020040877343e+20,1.000000020040877343e+20,1.000000020040877343e+20,1.000000020040877343e+20,1.000000020040877343e+20,1.000000020040877343e+20,1.000000020040877343e+20,1.000000020040877343e+20,1.000000020040877343e+20,1.000000020040877343e+20,1.000000020040877343e+20,1.000000020040877343e+20,1.000000020040877343e+20,1.000000020040877343e+20,1.000000020040877343e+20,1.000000020040877343e+20,1.000000020040877343e+20,1.000000020040877343e+20,1.000000020040877343e+20,1.000000020040877343e+20,1.000000020040877343e+20,1.000000020040877343e+20,1.000000020040877343e+20,1.000000020040877343e+20,1.000000020040877343e+20,1.000000020040877343e+20,1.000000020040877343e+20,1.000000020040877343e+20,1.000000020040877343e+20,1.000000020040877343e+20,1.000000020040877343e+20,1.000000020040877343e+20,1.000000020040877343e+20,1.000000020040877343e+20,1.000000020040877343e+20,1.000000020040877343e+20,1.000000020040877343e+20,1.000000020040877343e+20,1.000000020040877343e+20,1.000000020040877343e+20,1.000000020040877343e+20,1.000000020040877343e+20,1.000000020040877343e+20,1.000000020040877343e+20,1.000000020040877343e+20,1.000000020040877343e+20,1.000000020040877343e+20,1.000000020040877343e+20,1.000000020040877343e+20,1.000000020040877343e+20,1.000000020040877343e+20,1.000000020040877343e+20,-1.850000143051147461e+00,-1.850000143051147461e+00,-1.850000143051147461e+00,-1.850000143051147461e+00,-1.850000143051147461e+00,-1.850000143051147461e+00,-1.850000143051147461e+00,-1.850000143051147461e+00,-1.850000143051147461e+00,-1.850000143051147461e+00,-1.850000143051147461e+00,-1.850000143051147461e+00,-1.842000126838684082e+00,-1.840000033378601074e+00,-1.840000033378601074e+00,-1.840000033378601074e+00,-1.817000031471252441e+00,-1.822000145912170410e+00,-1.820000052452087402e+00,-1.810000061988830566e+00,-1.817000031471252441e+00,-1.815000057220458984e+00,-1.807000041007995605e+00,-1.805000066757202148e+00,-1.812000036239624023e+00,-1.807000041007995605e+00,-1.812000036239624023e+00,-1.807000041007995605e+00,-1.805000066757202148e+00,-1.802000045776367188e+00,-1.795000076293945312e+00,-1.800000071525573730e+00,-1.800000071525573730e+00,-1.797000050544738770e+00,-1.800000071525573730e+00,-1.797000050544738770e+00,-1.792000055313110352e+00,-1.785000085830688477e+00,-1.780000090599060059e+00,-1.802000045776367188e+00,-1.780000090599060059e+00,-1.742000102996826172e+00,-1.697000026702880859e+00,-1.677000045776367188e+00,1.000000020040877343e+20,1.000000020040877343e+20,1.000000020040877343e+20,1.000000020040877343e+20,1.000000020040877343e+20,1.000000020040877343e+20,1.000000020040877343e+20,1.000000020040877343e+20,1.000000020040877343e+20,1.000000020040877343e+20,1.000000020040877343e+20,1.000000020040877343e+20,1.000000020040877343e+20,1.000000020040877343e+20,1.000000020040877343e+20,1.000000020040877343e+20,1.000000020040877343e+20,1.000000020040877343e+20,1.000000020040877343e+20,1.000000020040877343e+20,1.000000020040877343e+20,1.000000020040877343e+20,1.000000020040877343e+20,1.000000020040877343e+20,1.000000020040877343e+20,1.000000020040877343e+20,1.000000020040877343e+20
1.000000020040877343e+20,1.000000020040877343e+20,1.000000020040877343e+20,1.000000020040877343e+20,1.000000020040877343e+20,1.000000020040877343e+20,1.000000020040877343e+20,1.000000020040877343e+20,1.000000020040877343e+20,1.000000020040877343e+20,1.000000020040877343e+20,1.000000020040877343e+20,1.000000020040877343e+20,1.000000020040877343e+20,1.000000020040877343e+20,1.000000020040877343e+20,1.000000020040877343e+20,1.000000020040877343e+20,1.000000020040877343e+20,1.000000020040877343e+20,1.000000020040877343e+20,1.000000020040877343e+20,1.000000020040877343e+20,1.000000020040877343e+20,1.000000020040877343e+20,1.000000020040877343e+20,1.000000020040877343e+20,1.000000020040877343e+20,1.000000020040877343e+20,1.000000020040877343e+20,1.000000020040877343e+20,1.000000020040877343e+20,1.000000020040877343e+20,1.000000020040877343e+20,1.000000020040877343e+20,1.000000020040877343e+20,1.000000020040877343e+20,1.000000020040877343e+20,1.000000020040877343e+20,1.000000020040877343e+20,1.000000020040877343e+20,1.000000020040877343e+20,1.000000020040877343e+20,1.000000020040877343e+20,1.000000020040877343e+20,1.000000020040877343e+20,1.000000020040877343e+20,1.000000020040877343e+20,1.000000020040877343e+20,1.000000020040877343e+20,1.000000020040877343e+20,1.000000020040877343e+20,1.000000020040877343e+20,1.000000020040877343e+20,1.000000020040877343e+20,1.000000020040877343e+20,1.000000020040877343e+20,1.000000020040877343e+20,1.000000020040877343e+20,1.000000020040877343e+20,1.000000020040877343e+20,1.000000020040877343e+20,1.000000020040877343e+20,1.000000020040877343e+20,1.000000020040877343e+20,1.000000020040877343e+20,1.000000020040877343e+20,1.000000020040877343e+20,1.000000020040877343e+20,1.000000020040877343e+20,1.000000020040877343e+20,1.000000020040877343e+20,1.000000020040877343e+20,1.000000020040877343e+20,1.000000020040877343e+20,1.000000020040877343e+20,1.000000020040877343e+20,1.000000020040877343e+20,1.000000020040877343e+20,1.000000020040877343e+20,1.000000020040877343e+20,1.000000020040877343e+20,1.000000020040877343e+20,1.000000020040877343e+20,1.000000020040877343e+20,1.000000020040877343e+20,1.000000020040877343e+20,1.000000020040877343e+20,1.000000020040877343e+20,1.000000020040877343e+20,1.000000020040877343e+20,1.000000020040877343e+20,1.000000020040877343e+20,1.000000020040877343e+20,1.000000020040877343e+20,1.000000020040877343e+20,1.000000020040877343e+20,1.000000020040877343e+20,1.000000020040877343e+20,1.000000020040877343e+20,1.000000020040877343e+20,1.000000020040877343e+20,1.000000020040877343e+20,1.000000020040877343e+20,1.000000020040877343e+20,1.000000020040877343e+20,1.000000020040877343e+20,1.000000020040877343e+20,1.000000020040877343e+20,1.000000020040877343e+20,1.000000020040877343e+20,1.000000020040877343e+20,1.000000020040877343e+20,1.000000020040877343e+20,1.000000020040877343e+20,1.000000020040877343e+20,1.000000020040877343e+20,1.000000020040877343e+20,1.000000020040877343e+20,1.000000020040877343e+20,1.000000020040877343e+20,1.000000020040877343e+20,1.000000020040877343e+20,1.000000020040877343e+20,1.000000020040877343e+20,1.000000020040877343e+20,1.000000020040877343e+20,1.000000020040877343e+20,1.000000020040877343e+20,1.000000020040877343e+20,1.000000020040877343e+20,1.000000020040877343e+20,1.000000020040877343e+20,1.000000020040877343e+20,1.000000020040877343e+20,1.000000020040877343e+20,1.000000020040877343e+20,1.000000020040877343e+20,1.000000020040877343e+20,1.000000020040877343e+20,1.000000020040877343e+20,1.000000020040877343e+20,1.000000020040877343e+20,1.000000020040877343e+20,1.000000020040877343e+20,1.000000020040877343e+20,1.000000020040877343e+20,1.000000020040877343e+20,1.000000020040877343e+20,1.000000020040877343e+20,1.000000020040877343e+20,1.000000020040877343e+20,1.000000020040877343e+20,1.000000020040877343e+20,1.000000020040877343e+20,1.000000020040877343e+20,1.000000020040877343e+20,1.000000020040877343e+20,1.000000020040877343e+20,1.000000020040877343e+20,1.000000020040877343e+20,1.000000020040877343e+20,1.000000020040877343e+20,1.000000020040877343e+20,-1.830000042915344238e+00,-1.820000052452087402e+00,-1.817000031471252441e+00,-1.797000050544738770e+00,-1.820000052452087402e+00,-1.820000052452087402e+00,-1.817000031471252441e+00,-1.822000145912170410e+00,-1.810000061988830566e+00,-1.805000066757202148e+00,-1.762000083923339844e+00,-1.635000109672546387e+00,-1.782000064849853516e+00,-1.755000114440917969e+00,-1.770000100135803223e+00,-1.750000119209289551e+00,-1.735000133514404297e+00,-1.742000102996826172e+00,-1.752000093460083008e+00,-1.765000104904174805e+00,-1.787000060081481934e+00,-1.805000066757202148e+00,-1.810000061988830566e+00,-1.810000061988830566e+00,-1.810000061988830566e+00,-1.810000061988830566e+00,-1.810000061988830566e+00,-1.810000061988830566e+00,-1.807000041007995605e+00,-1.802000045776367188e+00,-1.805000066757202148e+00,-1.810000061988830566e+00,-1.807000041007995605e+00,-1.807000041007995605e+00,-1.795000076293945312e+00,-1.812000036239624023e+00,-1.827000141143798828e+00,-1.765000104904174805e+00,1.000000020040877343e+20,1.000000020040877343e+20,1.000000020040877343e+20,1.000000020040877343e+20,1.000000020040877343e+20,1.000000020040877343e+20,1.000000020040877343e+20,1.000000020040877343e+20,1.000000020040877343e+20,1.000000020040877343e+20,1.000000020040877343e+20,1.000000020040877343e+20,1.000000020040877343e+20,1.000000020040877343e+20,1.000000020040877343e+20,1.000000020040877343e+20,1.000000020040877343e+20,1.000000020040877343e+20,1.000000020040877343e+20,1.000000020040877343e+20,1.000000020040877343e+20,1.000000020040877343e+20,1.000000020040877343e+20,1.000000020040877343e+20,1.000000020040877343e+20,1.000000020040877343e+20,1.000000020040877343e+20,1.000000020040877343e+20,1.000000020040877343e+20,1.000000020040877343e+20,1.000000020040877343e+20,1.000000020040877343e+20,1.000000020040877343e+20,1.000000020040877343e+20,1.000000020040877343e+20,1.000000020040877343e+20,1.000000020040877343e+20,1.000000020040877343e+20,1.000000020040877343e+20,1.000000020040877343e+20,1.000000020040877343e+20,1.000000020040877343e+20,1.000000020040877343e+20,1.000000020040877343e+20,1.000000020040877343e+20,1.000000020040877343e+20,1.000000020040877343e+20,1.000000020040877343e+20,1.000000020040877343e+20,1.000000020040877343e+20,1.000000020040877343e+20,1.000000020040877343e+20,1.000000020040877343e+20,1.000000020040877343e+20,1.000000020040877343e+20,1.000000020040877343e+20,1.000000020040877343e+20,1.000000020040877343e+20,1.000000020040877343e+20,1.000000020040877343e+20,1.000000020040877343e+20,1.000000020040877343e+20,1.000000020040877343e+20,1.000000020040877343e+20,1.000000020040877343e+20,1.000000020040877343e+20,1.000000020040877343e+20,1.000000020040877343e+20,1.000000020040877343e+20,1.000000020040877343e+20,1.000000020040877343e+20,1.000000020040877343e+20,1.000000020040877343e+20,1.000000020040877343e+20,1.000000020040877343e+20,1.000000020040877343e+20,1.000000020040877343e+20,1.000000020040877343e+20,1.000000020040877343e+20,1.000000020040877343e+20,1.000000020040877343e+20,1.000000020040877343e+20,1.000000020040877343e+20,1.000000020040877343e+20,-1.850000143051147461e+00,-1.850000143051147461e+00,-1.850000143051147461e+00,-1.850000143051147461e+00,-1.850000143051147461e+00,-1.850000143051147461e+00,-1.850000143051147461e+00,-1.850000143051147461e+00,-1.850000143051147461e+00,-1.850000143051147461e+00,-1.850000143051147461e+00,-1.850000143051147461e+00,-1.850000143051147461e+00,-1.850000143051147461e+00,-1.850000143051147461e+00,-1.850000143051147461e+00,-1.850000143051147461e+00,-1.850000143051147461e+00,-1.850000143051147461e+00,-1.850000143051147461e+00,-1.847000122070312500e+00,-1.847000122070312500e+00,-1.840000033378601074e+00,-1.845000028610229492e+00,-1.840000033378601074e+00,-1.845000028610229492e+00,-1.840000033378601074e+00,-1.840000033378601074e+00,-1.830000042915344238e+00,-1.835000038146972656e+00,-1.830000042915344238e+00,-1.822000145912170410e+00,-1.817000031471252441e+00,-1.817000031471252441e+00,-1.810000061988830566e+00,-1.810000061988830566e+00,-1.797000050544738770e+00,-1.790000081062316895e+00,-1.790000081062316895e+00,-1.775000095367431641e+00,-1.745000123977661133e+00,-1.747000098228454590e+00,1.000000020040877343e+20,1.000000020040877343e+20,1.000000020040877343e+20,1.000000020040877343e+20,1.000000020040877343e+20,1.000000020040877343e+20,1.000000020040877343e+20,1.000000020040877343e+20,1.000000020040877343e+20,1.000000020040877343e+20,1.000000020040877343e+20,1.000000020040877343e+20,1.000000020040877343e+20,1.000000020040877343e+20,1.000000020040877343e+20,1.000000020040877343e+20,1.000000020040877343e+20,1.000000020040877343e+20,1.000000020040877343e+20,1.000000020040877343e+20,1.000000020040877343e+20,1.000000020040877343e+20,1.000000020040877343e+20,1.000000020040877343e+20,1.000000020040877343e+20,1.000000020040877343e+20,1.000000020040877343e+20,1.000000020040877343e+20,1.000000020040877343e+20,1.000000020040877343e+20,1.000000020040877343e+20,1.000000020040877343e+20
1.000000020040877343e+20,1.000000020040877343e+20,1.000000020040877343e+20,1.000000020040877343e+20,1.000000020040877343e+20,1.000000020040877343e+20,1.000000020040877343e+20,1.000000020040877343e+20,1.000000020040877343e+20,1.000000020040877343e+20,1.000000020040877343e+20,1.000000020040877343e+20,1.000000020040877343e+20,1.000000020040877343e+20,1.000000020040877343e+20,1.000000020040877343e+20,1.000000020040877343e+20,1.000000020040877343e+20,1.000000020040877343e+20,1.000000020040877343e+20,1.000000020040877343e+20,1.000000020040877343e+20,1.000000020040877343e+20,1.000000020040877343e+20,1.000000020040877343e+20,1.000000020040877343e+20,1.000000020040877343e+20,1.000000020040877343e+20,1.000000020040877343e+20,1.000000020040877343e+20,1.000000020040877343e+20,1.000000020040877343e+20,1.000000020040877343e+20,1.000000020040877343e+20,1.000000020040877343e+20,1.000000020040877343e+20,1.000000020040877343e+20,1.000000020040877343e+20,1.000000020040877343e+20,1.000000020040877343e+20,1.000000020040877343e+20,1.000000020040877343e+20,1.000000020040877343e+20,1.000000020040877343e+20,1.000000020040877343e+20,1.000000020040877343e+20,1.000000020040877343e+20,1.000000020040877343e+20,1.000000020040877343e+20,1.000000020040877343e+20,1.000000020040877343e+20,1.000000020040877343e+20,1.000000020040877343e+20,1.000000020040877343e+20,1.000000020040877343e+20,1.000000020040877343e+20,1.000000020040877343e+20,1.000000020040877343e+20,1.000000020040877343e+20,1.000000020040877343e+20,1.000000020040877343e+20,1.000000020040877343e+20,1.000000020040877343e+20,1.000000020040877343e+20,1.000000020040877343e+20,1.000000020040877343e+20,1.000000020040877343e+20,1.000000020040877343e+20,1.000000020040877343e+20,1.000000020040877343e+20,1.000000020040877343e+20,1.000000020040877343e+20,1.000000020040877343e+20,1.000000020040877343e+20,1.000000020040877343e+20,1.000000020040877343e+20,1.000000020040877343e+20,1.000000020040877343e+20,1.000000020040877343e+20,1.000000020040877343e+20,1.000000020040877343e+20,1.000000020040877343e+20,1.000000020040877343e+20,1.000000020040877343e+20,1.000000020040877343e+20,1.000000020040877343e+20,1.000000020040877343e+20,1.000000020040877343e+20,1.000000020040877343e+20,1.000000020040877343e+20,1.000000020040877343e+20,1.000000020040877343e+20,1.000000020040877343e+20,1.000000020040877343e+20,1.000000020040877343e+20,1.000000020040877343e+20,1.000000020040877343e+20,1.000000020040877343e+20,1.000000020040877343e+20,1.000000020040877343e+20,1.000000020040877343e+20,1.000000020040877343e+20,1.000000020040877343e+20,1.000000020040877343e+20,1.000000020040877343e+20,1.000000020040877343e+20,1.000000020040877343e+20,1.000000020040877343e+20,1.000000020040877343e+20,1.000000020040877343e+20,1.000000020040877343e+20,1.000000020040877343e+20,1.000000020040877343e+20,1.000000020040877343e+20,1.000000020040877343e+20,1.000000020040877343e+20,1.000000020040877343e+20,1.000000020040877343e+20,1.000000020040877343e+20,1.000000020040877343e+20,1.000000020040877343e+20,1.000000020040877343e+20,1.000000020040877343e+20,1.000000020040877343e+20,1.000000020040877343e+20,1.000000020040877343e+20,1.000000020040877343e+20,1.000000020040877343e+20,1.000000020040877343e+20,1.000000020040877343e+20,1.000000020040877343e+20,1.000000020040877343e+20,1.000000020040877343e+20,1.000000020040877343e+20,1.000000020040877343e+20,1.000000020040877343e+20,1.000000020040877343e+20,1.000000020040877343e+20,1.000000020040877343e+20,1.000000020040877343e+20,1.000000020040877343e+20,1.000000020040877343e+20,1.000000020040877343e+20,1.000000020040877343e+20,1.000000020040877343e+20,1.000000020040877343e+20,1.000000020040877343e+20,1.000000020040877343e+20,1.000000020040877343e+20,1.000000020040877343e+20,1.000000020040877343e+20,1.000000020040877343e+20,1.000000020040877343e+20,1.000000020040877343e+20,1.000000020040877343e+20,1.000000020040877343e+20,1.000000020040877343e+20,1.000000020040877343e+20,1.000000020040877343e+20,1.000000020040877343e+20,1.000000020040877343e+20,1.000000020040877343e+20,1.000000020040877343e+20,1.000000020040877343e+20,1.000000020040877343e+20,-1.840000033378601074e+00,-1.850000143051147461e+00,-1.847000122070312500e+00,-1.850000143051147461e+00,-1.850000143051147461e+00,-1.850000143051147461e+00,-1.845000028610229492e+00,-1.845000028610229492e+00,-1.840000033378601074e+00,-1.840000033378601074e+00,-1.845000028610229492e+00,-1.840000033378601074e+00,-1.830000042915344238e+00,-1.830000042915344238e+00,-1.820000052452087402e+00,-1.820000052452087402e+00,-1.820000052452087402e+00,-1.827000141143798828e+00,-1.822000145912170410e+00,-1.822000145912170410e+00,-1.820000052452087402e+00,-1.822000145912170410e+00,-1.830000042915344238e+00,-1.830000042915344238e+00,-1.830000042915344238e+00,-1.822000145912170410e+00,-1.820000052452087402e+00,-1.827000141143798828e+00,-1.830000042915344238e+00,-1.830000042915344238e+00,-1.840000033378601074e+00,-1.840000033378601074e+00,-1.845000028610229492e+00,-1.837000131607055664e+00,-1.840000033378601074e+00,-1.840000033378601074e+00,-1.842000126838684082e+00,-1.850000143051147461e+00,-1.840000033378601074e+00,1.000000020040877343e+20,1.000000020040877343e+20,1.000000020040877343e+20,1.000000020040877343e+20,1.000000020040877343e+20,1.000000020040877343e+20,1.000000020040877343e+20,1.000000020040877343e+20,1.000000020040877343e+20,1.000000020040877343e+20,1.000000020040877343e+20,1.000000020040877343e+20,1.000000020040877343e+20,1.000000020040877343e+20,1.000000020040877343e+20,1.000000020040877343e+20,1.000000020040877343e+20,1.000000020040877343e+20,1.000000020040877343e+20,1.000000020040877343e+20,1.000000020040877343e+20,1.000000020040877343e+20,1.000000020040877343e+20,1.000000020040877343e+20,1.000000020040877343e+20,1.000000020040877343e+20,1.000000020040877343e+20,1.000000020040877343e+20,1.000000020040877343e+20,1.000000020040877343e+20,1.000000020040877343e+20,1.000000020040877343e+20,1.000000020040877343e+20,1.000000020040877343e+20,1.000000020040877343e+20,1.000000020040877343e+20,1.000000020040877343e+20,1.000000020040877343e+20,1.000000020040877343e+20,1.000000020040877343e+20,1.000000020040877343e+20,1.000000020040877343e+20,1.000000020040877343e+20,1.000000020040877343e+20,1.000000020040877343e+20,1.000000020040877343e+20,1.000000020040877343e+20,1.000000020040877343e+20,1.000000020040877343e+20,1.000000020040877343e+20,1.000000020040877343e+20,1.000000020040877343e+20,1.000000020040877343e+20,1.000000020040877343e+20,1.000000020040877343e+20,1.000000020040877343e+20,1.000000020040877343e+20,1.000000020040877343e+20,1.000000020040877343e+20,1.000000020040877343e+20,1.000000020040877343e+20,1.000000020040877343e+20,1.000000020040877343e+20,1.000000020040877343e+20,1.000000020040877343e+20,1.000000020040877343e+20,1.000000020040877343e+20,1.000000020040877343e+20,1.000000020040877343e+20,1.000000020040877343e+20,1.000000020040877343e+20,1.000000020040877343e+20,1.000000020040877343e+20,1.000000020040877343e+20,1.000000020040877343e+20,1.000000020040877343e+20,1.000000020040877343e+20,1.000000020040877343e+20,-1.850000143051147461e+00,-1.850000143051147461e+00,-1.850000143051147461e+00,-1.850000143051147461e+00,-1.850000143051147461e+00,-1.850000143051147461e+00,-1.850000143051147461e+00,-1.850000143051147461e+00,-1.850000143051147461e+00,-1.850000143051147461e+00,-1.850000143051147461e+00,-1.850000143051147461e+00,-1.850000143051147461e+00,-1.850000143051147461e+00,-1.850000143051147461e+00,-1.850000143051147461e+00,-1.850000143051147461e+00,-1.850000143051147461e+00,-1.850000143051147461e+00,-1.850000143051147461e+00,-1.850000143051147461e+00,-1.850000143051147461e+00,-1.850000143051147461e+00,-1.850000143051147461e+00,-1.850000143051147461e+00,-1.850000143051147461e+00,-1.850000143051147461e+00,-1.850000143051147461e+00,-1.850000143051147461e+00,1.000000020040877343e+20,1.000000020040877343e+20,1.000000020040877343e+20,1.000000020040877343e+20,1.000000020040877343e+20,-1.850000143051147461e+00,-1.840000033378601074e+00,-1.840000033378601074e+00,-1.840000033378601074e+00,-1.840000033378601074e+00,-1.840000033378601074e+00,-1.840000033378601074e+00,-1.840000033378601074e+00,1.000000020040877343e+20,1.000000020040877343e+20,1.000000020040877343e+20,1.000000020040877343e+20,1.000000020040877343e+20,1.000000020040877343e+20,1.000000020040877343e+20,1.000000020040877343e+20,1.000000020040877343e+20,1.000000020040877343e+20,1.000000020040877343e+20,1.000000020040877343e+20,1.000000020040877343e+20,1.000000020040877343e+20,1.000000020040877343e+20,1.000000020040877343e+20,1.000000020040877343e+20,1.000000020040877343e+20,1.000000020040877343e+20,1.000000020040877343e+20,1.000000020040877343e+20,1.000000020040877343e+20,1.000000020040877343e+20,1.000000020040877343e+20,1.000000020040877343e+20,1.000000020040877343e+20,1.000000020040877343e+20,1.000000020040877343e+20,1.000000020040877343e+20,1.000000020040877343e+20,1.000000020040877343e+20,1.000000020040877343e+20,1.000000020040877343e+20,1.000000020040877343e+20,1.000000020040877343e+20,1.000000020040877343e+20
1.000000020040877343e+20,1.000000020040877343e+20,1.000000020040877343e+20,1.000000020040877343e+20,1.000000020040877343e+20,1.000000020040877343e+20,1.000000020040877343e+20,1.000000020040877343e+20,1.000000020040877343e+20,1.000000020040877343e+20,1.000000020040877343e+20,1.000000020040877343e+20,1.000000020040877343e+20,1.000000020040877343e+20,1.000000020040877343e+20,1.000000020040877343e+20,1.000000020040877343e+20,1.000000020040877343e+20,1.000000020040877343e+20,1.000000020040877343e+20,1.000000020040877343e+20,1.000000020040877343e+20,1.000000020040877343e+20,1.000000020040877343e+20,1.000000020040877343e+20,1.000000020040877343e+20,1.000000020040877343e+20,1.000000020040877343e+20,1.000000020040877343e+20,1.000000020040877343e+20,1.000000020040877343e+20,1.000000020040877343e+20,1.000000020040877343e+20,1.000000020040877343e+20,1.000000020040877343e+20,1.000000020040877343e+20,1.000000020040877343e+20,1.000000020040877343e+20,1.000000020040877343e+20,1.000000020040877343e+20,1.000000020040877343e+20,1.000000020040877343e+20,1.000000020040877343e+20,1.000000020040877343e+20,1.000000020040877343e+20,1.000000020040877343e+20,1.000000020040877343e+20,1.000000020040877343e+20,1.000000020040877343e+20,1.000000020040877343e+20,1.000000020040877343e+20,1.000000020040877343e+20,1.000000020040877343e+20,1.000000020040877343e+20,1.000000020040877343e+20,1.000000020040877343e+20,1.000000020040877343e+20,1.000000020040877343e+20,1.000000020040877343e+20,1.000000020040877343e+20,1.000000020040877343e+20,1.000000020040877343e+20,1.000000020040877343e+20,1.000000020040877343e+20,1.000000020040877343e+20,1.000000020040877343e+20,1.000000020040877343e+20,1.000000020040877343e+20,1.000000020040877343e+20,1.000000020040877343e+20,1.000000020040877343e+20,1.000000020040877343e+20,1.000000020040877343e+20,1.000000020040877343e+20,1.000000020040877343e+20,1.000000020040877343e+20,1.000000020040877343e+20,1.000000020040877343e+20,1.000000020040877343e+20,1.000000020040877343e+20,1.000000020040877343e+20,1.000000020040877343e+20,1.000000020040877343e+20,1.000000020040877343e+20,1.000000020040877343e+20,1.000000020040877343e+20,1.000000020040877343e+20,1.000000020040877343e+20,1.000000020040877343e+20,1.000000020040877343e+20,1.000000020040877343e+20,1.000000020040877343e+20,1.000000020040877343e+20,1.000000020040877343e+20,1.000000020040877343e+20,1.000000020040877343e+20,1.000000020040877343e+20,1.000000020040877343e+20,1.000000020040877343e+20,1.000000020040877343e+20,1.000000020040877343e+20,1.000000020040877343e+20,1.000000020040877343e+20,1.000000020040877343e+20,1.000000020040877343e+20,1.000000020040877343e+20,1.000000020040877343e+20,1.000000020040877343e+20,1.000000020040877343e+20,1.000000020040877343e+20,1.000000020040877343e+20,1.000000020040877343e+20,1.000000020040877343e+20,1.000000020040877343e+20,1.000000020040877343e+20,1.000000020040877343e+20,1.000000020040877343e+20,1.000000020040877343e+20,1.000000020040877343e+20,1.000000020040877343e+20,1.000000020040877343e+20,1.000000020040877343e+20,1.000000020040877343e+20,1.000000020040877343e+20,1.000000020040877343e+20,1.000000020040877343e+20,1.000000020040877343e+20,1.000000020040877343e+20,1.000000020040877343e+20,1.000000020040877343e+20,1.000000020040877343e+20,1.000000020040877343e+20,1.000000020040877343e+20,1.000000020040877343e+20,1.000000020040877343e+20,1.000000020040877343e+20,1.000000020040877343e+20,1.000000020040877343e+20,1.000000020040877343e+20,1.000000020040877343e+20,1.000000020040877343e+20,1.000000020040877343e+20,1.000000020040877343e+20,1.000000020040877343e+20,1.000000020040877343e+20,1.000000020040877343e+20,1.000000020040877343e+20,1.000000020040877343e+20,1.000000020040877343e+20,1.000000020040877343e+20,1.000000020040877343e+20,1.000000020040877343e+20,1.000000020040877343e+20,1.000000020040877343e+20,1.000000020040877343e+20,1.000000020040877343e+20,1.000000020040877343e+20,1.000000020040877343e+20,1.000000020040877343e+20,1.000000020040877343e+20,-1.850000143051147461e+00,-1.850000143051147461e+00,-1.850000143051147461e+00,-1.850000143051147461e+00,-1.850000143051147461e+00,-1.850000143051147461e+00,-1.850000143051147461e+00,-1.850000143051147461e+00,-1.850000143051147461e+00,-1.850000143051147461e+00,-1.850000143051147461e+00,-1.850000143051147461e+00,-1.850000143051147461e+00,-1.850000143051147461e+00,-1.850000143051147461e+00,-1.850000143051147461e+00,-1.850000143051147461e+00,-1.850000143051147461e+00,-1.850000143051147461e+00,-1.850000143051147461e+00,-1.850000143051147461e+00,-1.850000143051147461e+00,-1.850000143051147461e+00,-1.850000143051147461e+00,-1.850000143051147461e+00,-1.850000143051147461e+00,-1.850000143051147461e+00,-1.850000143051147461e+00,-1.850000143051147461e+00,-1.850000143051147461e+00,-1.850000143051147461e+00,-1.850000143051147461e+00,-1.850000143051147461e+00,-1.850000143051147461e+00,-1.850000143051147461e+00,-1.850000143051147461e+00,-1.850000143051147461e+00,-1.850000143051147461e+00,1.000000020040877343e+20,1.000000020040877343e+20,1.000000020040877343e+20,-1.850000143051147461e+00,-1.850000143051147461e+00,-1.850000143051147461e+00,-1.850000143051147461e+00,-1.850000143051147461e+00,-1.850000143051147461e+00,-1.850000143051147461e+00,-1.850000143051147461e+00,-1.850000143051147461e+00,-1.850000143051147461e+00,-1.850000143051147461e+00,1.000000020040877343e+20,1.000000020040877343e+20,1.000000020040877343e+20,1.000000020040877343e+20,1.000000020040877343e+20,1.000000020040877343e+20,1.000000020040877343e+20,1.000000020040877343e+20,1.000000020040877343e+20,1.000000020040877343e+20,1.000000020040877343e+20,1.000000020040877343e+20,1.000000020040877343e+20,1.000000020040877343e+20,1.000000020040877343e+20,1.000000020040877343e+20,1.000000020040877343e+20,1.000000020040877343e+20,1.000000020040877343e+20,1.000000020040877343e+20,1.000000020040877343e+20,1.000000020040877343e+20,1.000000020040877343e+20,1.000000020040877343e+20,1.000000020040877343e+20,1.000000020040877343e+20,1.000000020040877343e+20,1.000000020040877343e+20,1.000000020040877343e+20,1.000000020040877343e+20,1.000000020040877343e+20,1.000000020040877343e+20,1.000000020040877343e+20,1.000000020040877343e+20,1.000000020040877343e+20,1.000000020040877343e+20,1.000000020040877343e+20,1.000000020040877343e+20,1.000000020040877343e+20,1.000000020040877343e+20,1.000000020040877343e+20,1.000000020040877343e+20,1.000000020040877343e+20,1.000000020040877343e+20,1.000000020040877343e+20,1.000000020040877343e+20,1.000000020040877343e+20,1.000000020040877343e+20,1.000000020040877343e+20,1.000000020040877343e+20,1.000000020040877343e+20,1.000000020040877343e+20,1.000000020040877343e+20,1.000000020040877343e+20,1.000000020040877343e+20,1.000000020040877343e+20,1.000000020040877343e+20,1.000000020040877343e+20,1.000000020040877343e+20,1.000000020040877343e+20,1.000000020040877343e+20,1.000000020040877343e+20,1.000000020040877343e+20,1.000000020040877343e+20,1.000000020040877343e+20,1.000000020040877343e+20,1.000000020040877343e+20,1.000000020040877343e+20,1.000000020040877343e+20,1.000000020040877343e+20,1.000000020040877343e+20,-1.850000143051147461e+00,-1.850000143051147461e+00,-1.850000143051147461e+00,-1.850000143051147461e+00,-1.850000143051147461e+00,-1.850000143051147461e+00,-1.850000143051147461e+00,-1.850000143051147461e+00,-1.850000143051147461e+00,-1.850000143051147461e+00,-1.850000143051147461e+00,-1.850000143051147461e+00,-1.850000143051147461e+00,-1.850000143051147461e+00,-1.850000143051147461e+00,-1.850000143051147461e+00,-1.850000143051147461e+00,-1.850000143051147461e+00,-1.850000143051147461e+00,-1.850000143051147461e+00,-1.850000143051147461e+00,-1.850000143051147461e+00,-1.850000143051147461e+00,-1.850000143051147461e+00,-1.850000143051147461e+00,-1.850000143051147461e+00,1.000000020040877343e+20,1.000000020040877343e+20,1.000000020040877343e+20,1.000000020040877343e+20,1.000000020040877343e+20,1.000000020040877343e+20,1.000000020040877343e+20,-1.850000143051147461e+00,-1.850000143051147461e+00,-1.850000143051147461e+00,-1.850000143051147461e+00,-1.850000143051147461e+00,-1.850000143051147461e+00,-1.850000143051147461e+00,-1.850000143051147461e+00,-1.850000143051147461e+00,-1.850000143051147461e+00,-1.850000143051147461e+00,-1.850000143051147461e+00,-1.850000143051147461e+00,-1.850000143051147461e+00,-1.850000143051147461e+00,1.000000020040877343e+20,1.000000020040877343e+20,1.000000020040877343e+20,1.000000020040877343e+20,1.000000020040877343e+20,1.000000020040877343e+20,1.000000020040877343e+20,1.000000020040877343e+20,1.000000020040877343e+20,1.000000020040877343e+20,1.000000020040877343e+20,1.000000020040877343e+20,1.000000020040877343e+20,1.000000020040877343e+20,1.000000020040877343e+20,1.000000020040877343e+20,1.000000020040877343e+20,1.000000020040877343e+20,1.000000020040877343e+20,1.000000020040877343e+20,1.000000020040877343e+20,1.000000020040877343e+20,1.000000020040877343e+20,1.000000020040877343e+20,1.000000020040877343e+20,1.000000020040877343e+20,1.000000020040877343e+20,1.000000020040877343e+20,1.000000020040877343e+20
1.000000020040877343e+20,1.000000020040877343e+20,1.000000020040877343e+20,1.000000020040877343e+20,1.000000020040877343e+20,1.000000020040877343e+20,1.000000020040877343e+20,1.000000020040877343e+20,1.000000020040877343e+20,1.000000020040877343e+20,1.000000020040877343e+20,1.000000020040877343e+20,1.000000020040877343e+20,1.000000020040877343e+20,1.000000020040877343e+20,1.000000020040877343e+20,1.000000020040877343e+20,1.000000020040877343e+20,1.000000020040877343e+20,1.000000020040877343e+20,1.000000020040877343e+20,1.000000020040877343e+20,1.000000020040877343e+20,1.000000020040877343e+20,1.000000020040877343e+20,1.000000020040877343e+20,1.000000020040877343e+20,1.000000020040877343e+20,1.000000020040877343e+20,1.000000020040877343e+20,1.000000020040877343e+20,1.000000020040877343e+20,1.000000020040877343e+20,1.000000020040877343e+20,1.000000020040877343e+20,1.000000020040877343e+20,1.000000020040877343e+20,1.000000020040877343e+20,1.000000020040877343e+20,1.000000020040877343e+20,1.000000020040877343e+20,1.000000020040877343e+20,1.000000020040877343e+20,1.000000020040877343e+20,1.000000020040877343e+20,1.000000020040877343e+20,1.000000020040877343e+20,1.000000020040877343e+20,1.000000020040877343e+20,1.000000020040877343e+20,1.000000020040877343e+20,1.000000020040877343e+20,1.000000020040877343e+20,1.000000020040877343e+20,1.000000020040877343e+20,1.000000020040877343e+20,1.000000020040877343e+20,1.000000020040877343e+20,1.000000020040877343e+20,1.000000020040877343e+20,1.000000020040877343e+20,1.000000020040877343e+20,1.000000020040877343e+20,1.000000020040877343e+20,1.000000020040877343e+20,1.000000020040877343e+20,1.000000020040877343e+20,1.000000020040877343e+20,1.000000020040877343e+20,1.000000020040877343e+20,1.000000020040877343e+20,1.000000020040877343e+20,1.000000020040877343e+20,1.000000020040877343e+20,1.000000020040877343e+20,1.000000020040877343e+20,1.000000020040877343e+20,1.000000020040877343e+20,1.000000020040877343e+20,1.000000020040877343e+20,1.000000020040877343e+20,1.000000020040877343e+20,1.000000020040877343e+20,1.000000020040877343e+20,1.000000020040877343e+20,1.000000020040877343e+20,1.000000020040877343e+20,1.000000020040877343e+20,1.000000020040877343e+20,1.000000020040877343e+20,1.000000020040877343e+20,1.000000020040877343e+20,1.000000020040877343e+20,1.000000020040877343e+20,1.000000020040877343e+20,1.000000020040877343e+20,1.000000020040877343e+20,1.000000020040877343e+20,1.000000020040877343e+20,1.000000020040877343e+20,1.000000020040877343e+20,1.000000020040877343e+20,1.000000020040877343e+20,1.000000020040877343e+20,1.000000020040877343e+20,1.000000020040877343e+20,1.000000020040877343e+20,1.000000020040877343e+20,1.000000020040877343e+20,1.000000020040877343e+20,1.000000020040877343e+20,1.000000020040877343e+20,1.000000020040877343e+20,1.000000020040877343e+20,1.000000020040877343e+20,1.000000020040877343e+20,1.000000020040877343e+20,1.000000020040877343e+20,1.000000020040877343e+20,1.000000020040877343e+20,1.000000020040877343e+20,1.000000020040877343e+20,1.000000020040877343e+20,1.000000020040877343e+20,1.000000020040877343e+20,1.000000020040877343e+20,1.000000020040877343e+20,1.000000020040877343e+20,1.000000020040877343e+20,1.000000020040877343e+20,1.000000020040877343e+20,1.000000020040877343e+20,1.000000020040877343e+20,1.000000020040877343e+20,1.000000020040877343e+20,1.000000020040877343e+20,1.000000020040877343e+20,1.000000020040877343e+20,1.000000020040877343e+20,1.000000020040877343e+20,1.000000020040877343e+20,1.000000020040877343e+20,1.000000020040877343e+20,1.000000020040877343e+20,1.000000020040877343e+20,1.000000020040877343e+20,1.000000020040877343e+20,1.000000020040877343e+20,1.000000020040877343e+20,1.000000020040877343e+20,1.000000020040877343e+20,1.000000020040877343e+20,1.000000020040877343e+20,1.000000020040877343e+20,1.000000020040877343e+20,1.000000020040877343e+20,1.000000020040877343e+20,1.000000020040877343e+20,1.000000020040877343e+20,1.000000020040877343e+20,-1.850000143051147461e+00,-1.850000143051147461e+00,-1.850000143051147461e+00,-1.850000143051147461e+00,-1.850000143051147461e+00,-1.850000143051147461e+00,-1.850000143051147461e+00,-1.850000143051147461e+00,-1.850000143051147461e+00,-1.850000143051147461e+00,-1.850000143051147461e+00,-1.850000143051147461e+00,-1.850000143051147461e+00,-1.850000143051147461e+00,-1.850000143051147461e+00,-1.850000143051147461e+00,-1.850000143051147461e+00,-1.850000143051147461e+00,-1.850000143051147461e+00,-1.850000143051147461e+00,-1.850000143051147461e+00,-1.850000143051147461e+00,-1.850000143051147461e+00,-1.850000143051147461e+00,-1.850000143051147461e+00,-1.850000143051147461e+00,-1.850000143051147461e+00,-1.850000143051147461e+00,-1.850000143051147461e+00,-1.850000143051147461e+00,-1.850000143051147461e+00,-1.850000143051147461e+00,-1.850000143051147461e+00,-1.850000143051147461e+00,-1.850000143051147461e+00,-1.850000143051147461e+00,-1.850000143051147461e+00,-1.850000143051147461e+00,-1.850000143051147461e+00,-1.850000143051147461e+00,-1.850000143051147461e+00,-1.850000143051147461e+00,-1.850000143051147461e+00,-1.850000143051147461e+00,-1.850000143051147461e+00,-1.850000143051147461e+00,-1.850000143051147461e+00,-1.850000143051147461e+00,-1.850000143051147461e+00,-1.850000143051147461e+00,-1.850000143051147461e+00,-1.850000143051147461e+00,-1.850000143051147461e+00,-1.850000143051147461e+00,1.000000020040877343e+20,1.000000020040877343e+20,1.000000020040877343e+20,1.000000020040877343e+20,1.000000020040877343e+20,1.000000020040877343e+20,1.000000020040877343e+20,1.000000020040877343e+20,1.000000020040877343e+20,1.000000020040877343e+20,1.000000020040877343e+20,1.000000020040877343e+20,1.000000020040877343e+20,1.000000020040877343e+20,1.000000020040877343e+20,1.000000020040877343e+20,1.000000020040877343e+20,1.000000020040877343e+20,1.000000020040877343e+20,1.000000020040877343e+20,1.000000020040877343e+20,1.000000020040877343e+20,1.000000020040877343e+20,1.000000020040877343e+20,1.000000020040877343e+20,1.000000020040877343e+20,1.000000020040877343e+20,1.000000020040877343e+20,1.000000020040877343e+20,1.000000020040877343e+20,1.000000020040877343e+20,1.000000020040877343e+20,1.000000020040877343e+20,1.000000020040877343e+20,1.000000020040877343e+20,1.000000020040877343e+20,1.000000020040877343e+20,1.000000020040877343e+20,1.000000020040877343e+20,1.000000020040877343e+20,1.000000020040877343e+20,1.000000020040877343e+20,1.000000020040877343e+20,1.000000020040877343e+20,1.000000020040877343e+20,1.000000020040877343e+20,1.000000020040877343e+20,1.000000020040877343e+20,1.000000020040877343e+20,1.000000020040877343e+20,1.000000020040877343e+20,1.000000020040877343e+20,1.000000020040877343e+20,1.000000020040877343e+20,1.000000020040877343e+20,1.000000020040877343e+20,1.000000020040877343e+20,1.000000020040877343e+20,1.000000020040877343e+20,1.000000020040877343e+20,1.000000020040877343e+20,1.000000020040877343e+20,1.000000020040877343e+20,1.000000020040877343e+20,1.000000020040877343e+20,1.000000020040877343e+20,1.000000020040877343e+20,1.000000020040877343e+20,1.000000020040877343e+20,1.000000020040877343e+20,-1.850000143051147461e+00,-1.850000143051147461e+00,-1.850000143051147461e+00,-1.850000143051147461e+00,-1.850000143051147461e+00,-1.850000143051147461e+00,-1.850000143051147461e+00,-1.850000143051147461e+00,-1.850000143051147461e+00,-1.850000143051147461e+00,-1.850000143051147461e+00,-1.850000143051147461e+00,-1.850000143051147461e+00,1.000000020040877343e+20,1.000000020040877343e+20,-1.850000143051147461e+00,-1.850000143051147461e+00,-1.850000143051147461e+00,-1.850000143051147461e+00,-1.850000143051147461e+00,-1.850000143051147461e+00,-1.850000143051147461e+00,1.000000020040877343e+20,1.000000020040877343e+20,1.000000020040877343e+20,1.000000020040877343e+20,1.000000020040877343e+20,1.000000020040877343e+20,1.000000020040877343e+20,1.000000020040877343e+20,1.000000020040877343e+20,-1.850000143051147461e+00,-1.850000143051147461e+00,-1.850000143051147461e+00,-1.850000143051147461e+00,-1.850000143051147461e+00,-1.850000143051147461e+00,-1.850000143051147461e+00,-1.850000143051147461e+00,-1.850000143051147461e+00,-1.850000143051147461e+00,-1.850000143051147461e+00,-1.850000143051147461e+00,-1.850000143051147461e+00,-1.850000143051147461e+00,-1.850000143051147461e+00,1.000000020040877343e+20,1.000000020040877343e+20,1.000000020040877343e+20,1.000000020040877343e+20,1.000000020040877343e+20,1.000000020040877343e+20,1.000000020040877343e+20,1.000000020040877343e+20,1.000000020040877343e+20,1.000000020040877343e+20,1.000000020040877343e+20,1.000000020040877343e+20,1.000000020040877343e+20,1.000000020040877343e+20,1.000000020040877343e+20,1.000000020040877343e+20,1.000000020040877343e+20,1.000000020040877343e+20,1.000000020040877343e+20,1.000000020040877343e+20,1.000000020040877343e+20,1.000000020040877343e+20,1.000000020040877343e+20,1.000000020040877343e+20,1.000000020040877343e+20,1.000000020040877343e+20,1.000000020040877343e+20,1.000000020040877343e+20,1.000000020040877343e+20,1.000000020040877343e+20
1.000000020040877343e+20,1.000000020040877343e+20,1.000000020040877343e+20,1.000000020040877343e+20,1.000000020040877343e+20,1.000000020040877343e+20,1.000000020040877343e+20,1.000000020040877343e+20,1.000000020040877343e+20,1.000000020040877343e+20,1.000000020040877343e+20,1.000000020040877343e+20,1.000000020040877343e+20,1.000000020040877343e+20,1.000000020040877343e+20,1.000000020040877343e+20,1.000000020040877343e+20,1.000000020040877343e+20,1.000000020040877343e+20,1.000000020040877343e+20,1.000000020040877343e+20,1.000000020040877343e+20,1.000000020040877343e+20,1.000000020040877343e+20,1.000000020040877343e+20,1.000000020040877343e+20,1.000000020040877343e+20,1.000000020040877343e+20,1.000000020040877343e+20,1.000000020040877343e+20,1.000000020040877343e+20,1.000000020040877343e+20,1.000000020040877343e+20,1.000000020040877343e+20,1.000000020040877343e+20,1.000000020040877343e+20,1.000000020040877343e+20,1.000000020040877343e+20,1.000000020040877343e+20,1.000000020040877343e+20,1.000000020040877343e+20,1.000000020040877343e+20,1.000000020040877343e+20,1.000000020040877343e+20,1.000000020040877343e+20,1.000000020040877343e+20,1.000000020040877343e+20,1.000000020040877343e+20,1.000000020040877343e+20,1.000000020040877343e+20,1.000000020040877343e+20,1.000000020040877343e+20,1.000000020040877343e+20,1.000000020040877343e+20,1.000000020040877343e+20,1.000000020040877343e+20,1.000000020040877343e+20,1.000000020040877343e+20,1.000000020040877343e+20,1.000000020040877343e+20,1.000000020040877343e+20,1.000000020040877343e+20,1.000000020040877343e+20,1.000000020040877343e+20,1.000000020040877343e+20,1.000000020040877343e+20,1.000000020040877343e+20,1.000000020040877343e+20,1.000000020040877343e+20,1.000000020040877343e+20,1.000000020040877343e+20,1.000000020040877343e+20,1.000000020040877343e+20,1.000000020040877343e+20,1.000000020040877343e+20,1.000000020040877343e+20,1.000000020040877343e+20,1.000000020040877343e+20,1.000000020040877343e+20,1.000000020040877343e+20,1.000000020040877343e+20,1.000000020040877343e+20,1.000000020040877343e+20,1.000000020040877343e+20,1.000000020040877343e+20,1.000000020040877343e+20,1.000000020040877343e+20,1.000000020040877343e+20,1.000000020040877343e+20,1.000000020040877343e+20,1.000000020040877343e+20,1.000000020040877343e+20,1.000000020040877343e+20,1.000000020040877343e+20,1.000000020040877343e+20,1.000000020040877343e+20,1.000000020040877343e+20,1.000000020040877343e+20,1.000000020040877343e+20,1.000000020040877343e+20,1.000000020040877343e+20,1.000000020040877343e+20,1.000000020040877343e+20,1.000000020040877343e+20,1.000000020040877343e+20,1.000000020040877343e+20,1.000000020040877343e+20,1.000000020040877343e+20,1.000000020040877343e+20,1.000000020040877343e+20,1.000000020040877343e+20,1.000000020040877343e+20,1.000000020040877343e+20,1.000000020040877343e+20,1.000000020040877343e+20,1.000000020040877343e+20,1.000000020040877343e+20,1.000000020040877343e+20,1.000000020040877343e+20,1.000000020040877343e+20,1.000000020040877343e+20,1.000000020040877343e+20,1.000000020040877343e+20,1.000000020040877343e+20,1.000000020040877343e+20,1.000000020040877343e+20,1.000000020040877343e+20,1.000000020040877343e+20,1.000000020040877343e+20,1.000000020040877343e+20,1.000000020040877343e+20,1.000000020040877343e+20,1.000000020040877343e+20,1.000000020040877343e+20,1.000000020040877343e+20,1.000000020040877343e+20,1.000000020040877343e+20,1.000000020040877343e+20,1.000000020040877343e+20,1.000000020040877343e+20,1.000000020040877343e+20,1.000000020040877343e+20,1.000000020040877343e+20,1.000000020040877343e+20,1.000000020040877343e+20,1.000000020040877343e+20,1.000000020040877343e+20,1.000000020040877343e+20,1.000000020040877343e+20,1.000000020040877343e+20,1.000000020040877343e+20,1.000000020040877343e+20,1.000000020040877343e+20,1.000000020040877343e+20,1.000000020040877343e+20,1.000000020040877343e+20,1.000000020040877343e+20,1.000000020040877343e+20,1.000000020040877343e+20,1.000000020040877343e+20,1.000000020040877343e+20,1.000000020040877343e+20,-1.850000143051147461e+00,-1.850000143051147461e+00,-1.850000143051147461e+00,-1.850000143051147461e+00,-1.850000143051147461e+00,-1.850000143051147461e+00,-1.850000143051147461e+00,-1.850000143051147461e+00,-1.850000143051147461e+00,-1.850000143051147461e+00,-1.850000143051147461e+00,-1.850000143051147461e+00,-1.850000143051147461e+00,-1.850000143051147461e+00,-1.850000143051147461e+00,-1.850000143051147461e+00,-1.850000143051147461e+00,-1.850000143051147461e+00,-1.850000143051147461e+00,-1.850000143051147461e+00,-1.850000143051147461e+00,-1.850000143051147461e+00,-1.850000143051147461e+00,-1.850000143051147461e+00,-1.850000143051147461e+00,-1.850000143051147461e+00,-1.850000143051147461e+00,-1.850000143051147461e+00,-1.850000143051147461e+00,-1.850000143051147461e+00,-1.850000143051147461e+00,-1.850000143051147461e+00,-1.850000143051147461e+00,-1.850000143051147461e+00,-1.850000143051147461e+00,-1.850000143051147461e+00,-1.850000143051147461e+00,-1.850000143051147461e+00,-1.850000143051147461e+00,-1.850000143051147461e+00,-1.850000143051147461e+00,-1.850000143051147461e+00,-1.850000143051147461e+00,1.000000020040877343e+20,1.000000020040877343e+20,1.000000020040877343e+20,1.000000020040877343e+20,1.000000020040877343e+20,1.000000020040877343e+20,1.000000020040877343e+20,1.000000020040877343e+20,1.000000020040877343e+20,1.000000020040877343e+20,1.000000020040877343e+20,1.000000020040877343e+20,1.000000020040877343e+20,1.000000020040877343e+20,1.000000020040877343e+20,1.000000020040877343e+20,1.000000020040877343e+20,1.000000020040877343e+20,1.000000020040877343e+20,1.000000020040877343e+20,1.000000020040877343e+20,1.000000020040877343e+20,1.000000020040877343e+20,1.000000020040877343e+20,1.000000020040877343e+20,1.000000020040877343e+20,1.000000020040877343e+20,1.000000020040877343e+20,1.000000020040877343e+20,1.000000020040877343e+20,1.000000020040877343e+20,1.000000020040877343e+20,1.000000020040877343e+20,1.000000020040877343e+20,1.000000020040877343e+20,1.000000020040877343e+20,1.000000020040877343e+20,1.000000020040877343e+20,1.000000020040877343e+20,1.000000020040877343e+20,1.000000020040877343e+20,1.000000020040877343e+20,1.000000020040877343e+20,1.000000020040877343e+20,1.000000020040877343e+20,1.000000020040877343e+20,1.000000020040877343e+20,1.000000020040877343e+20,1.000000020040877343e+20,1.000000020040877343e+20,1.000000020040877343e+20,1.000000020040877343e+20,1.000000020040877343e+20,1.000000020040877343e+20,1.000000020040877343e+20,1.000000020040877343e+20,1.000000020040877343e+20,1.000000020040877343e+20,1.000000020040877343e+20,1.000000020040877343e+20,1.000000020040877343e+20,1.000000020040877343e+20,1.000000020040877343e+20,1.000000020040877343e+20,1.000000020040877343e+20,1.000000020040877343e+20,1.000000020040877343e+20,1.000000020040877343e+20,1.000000020040877343e+20,1.000000020040877343e+20,1.000000020040877343e+20,1.000000020040877343e+20,1.000000020040877343e+20,1.000000020040877343e+20,1.000000020040877343e+20,1.000000020040877343e+20,1.000000020040877343e+20,1.000000020040877343e+20,1.000000020040877343e+20,1.000000020040877343e+20,1.000000020040877343e+20,1.000000020040877343e+20,1.000000020040877343e+20,1.000000020040877343e+20,1.000000020040877343e+20,1.000000020040877343e+20,1.000000020040877343e+20,1.000000020040877343e+20,-1.850000143051147461e+00,-1.850000143051147461e+00,-1.850000143051147461e+00,-1.850000143051147461e+00,-1.850000143051147461e+00,-1.850000143051147461e+00,-1.850000143051147461e+00,-1.850000143051147461e+00,-1.850000143051147461e+00,-1.850000143051147461e+00,-1.850000143051147461e+00,-1.850000143051147461e+00,-1.850000143051147461e+00,-1.850000143051147461e+00,-1.850000143051147461e+00,-1.850000143051147461e+00,-1.850000143051147461e+00,-1.850000143051147461e+00,-1.850000143051147461e+00,-1.850000143051147461e+00,-1.850000143051147461e+00,-1.850000143051147461e+00,-1.850000143051147461e+00,-1.850000143051147461e+00,-1.850000143051147461e+00,-1.850000143051147461e+00,1.000000020040877343e+20,1.000000020040877343e+20,1.000000020040877343e+20,1.000000020040877343e+20,1.000000020040877343e+20,1.000000020040877343e+20,1.000000020040877343e+20,1.000000020040877343e+20,1.000000020040877343e+20,1.000000020040877343e+20,1.000000020040877343e+20,1.000000020040877343e+20,1.000000020040877343e+20,1.000000020040877343e+20,1.000000020040877343e+20,1.000000020040877343e+20,1.000000020040877343e+20,1.000000020040877343e+20,1.000000020040877343e+20,1.000000020040877343e+20,1.000000020040877343e+20,1.000000020040877343e+20,1.000000020040877343e+20,1.000000020040877343e+20,1.000000020040877343e+20,1.000000020040877343e+20,1.000000020040877343e+20,1.000000020040877343e+20,1.000000020040877343e+20,1.000000020040877343e+20,1.000000020040877343e+20,1.000000020040877343e+20,1.000000020040877343e+20,1.000000020040877343e+20,1.000000020040877343e+20,1.000000020040877343e+20,1.000000020040877343e+20,1.000000020040877343e+20,1.000000020040877343e+20,1.000000020040877343e+20,1.000000020040877343e+20
1.000000020040877343e+20,1.000000020040877343e+20,1.000000020040877343e+20,1.000000020040877343e+20,1.000000020040877343e+20,1.000000020040877343e+20,1.000000020040877343e+20,1.000000020040877343e+20,1.000000020040877343e+20,1.000000020040877343e+20,1.000000020040877343e+20,1.000000020040877343e+20,1.000000020040877343e+20,1.000000020040877343e+20,1.000000020040877343e+20,1.000000020040877343e+20,1.000000020040877343e+20,1.000000020040877343e+20,1.000000020040877343e+20,1.000000020040877343e+20,1.000000020040877343e+20,1.000000020040877343e+20,1.000000020040877343e+20,1.000000020040877343e+20,1.000000020040877343e+20,1.000000020040877343e+20,1.000000020040877343e+20,1.000000020040877343e+20,1.000000020040877343e+20,1.000000020040877343e+20,1.000000020040877343e+20,1.000000020040877343e+20,1.000000020040877343e+20,1.000000020040877343e+20,1.000000020040877343e+20,1.000000020040877343e+20,1.000000020040877343e+20,1.000000020040877343e+20,1.000000020040877343e+20,1.000000020040877343e+20,1.000000020040877343e+20,1.000000020040877343e+20,1.000000020040877343e+20,1.000000020040877343e+20,1.000000020040877343e+20,1.000000020040877343e+20,1.000000020040877343e+20,1.000000020040877343e+20,1.000000020040877343e+20,1.000000020040877343e+20,1.000000020040877343e+20,1.000000020040877343e+20,1.000000020040877343e+20,1.000000020040877343e+20,1.000000020040877343e+20,1.000000020040877343e+20,1.000000020040877343e+20,1.000000020040877343e+20,1.000000020040877343e+20,1.000000020040877343e+20,1.000000020040877343e+20,1.000000020040877343e+20,1.000000020040877343e+20,1.000000020040877343e+20,1.000000020040877343e+20,1.000000020040877343e+20,1.000000020040877343e+20,1.000000020040877343e+20,1.000000020040877343e+20,1.000000020040877343e+20,1.000000020040877343e+20,1.000000020040877343e+20,1.000000020040877343e+20,1.000000020040877343e+20,1.000000020040877343e+20,1.000000020040877343e+20,1.000000020040877343e+20,1.000000020040877343e+20,1.000000020040877343e+20,1.000000020040877343e+20,1.000000020040877343e+20,1.000000020040877343e+20,1.000000020040877343e+20,1.000000020040877343e+20,1.000000020040877343e+20,1.000000020040877343e+20,1.000000020040877343e+20,1.000000020040877343e+20,1.000000020040877343e+20,1.000000020040877343e+20,1.000000020040877343e+20,1.000000020040877343e+20,1.000000020040877343e+20,1.000000020040877343e+20,1.000000020040877343e+20,1.000000020040877343e+20,1.000000020040877343e+20,1.000000020040877343e+20,1.000000020040877343e+20,1.000000020040877343e+20,1.000000020040877343e+20,1.000000020040877343e+20,1.000000020040877343e+20,1.000000020040877343e+20,1.000000020040877343e+20,1.000000020040877343e+20,1.000000020040877343e+20,1.000000020040877343e+20,1.000000020040877343e+20,1.000000020040877343e+20,1.000000020040877343e+20,1.000000020040877343e+20,1.000000020040877343e+20,1.000000020040877343e+20,1.000000020040877343e+20,1.000000020040877343e+20,1.000000020040877343e+20,1.000000020040877343e+20,1.000000020040877343e+20,1.000000020040877343e+20,1.000000020040877343e+20,1.000000020040877343e+20,1.000000020040877343e+20,1.000000020040877343e+20,1.000000020040877343e+20,1.000000020040877343e+20,1.000000020040877343e+20,1.000000020040877343e+20,1.000000020040877343e+20,1.000000020040877343e+20,1.000000020040877343e+20,1.000000020040877343e+20,1.000000020040877343e+20,1.000000020040877343e+20,1.000000020040877343e+20,1.000000020040877343e+20,1.000000020040877343e+20,1.000000020040877343e+20,1.000000020040877343e+20,1.000000020040877343e+20,1.000000020040877343e+20,1.000000020040877343e+20,1.000000020040877343e+20,1.000000020040877343e+20,1.000000020040877343e+20,1.000000020040877343e+20,1.000000020040877343e+20,1.000000020040877343e+20,1.000000020040877343e+20,1.000000020040877343e+20,1.000000020040877343e+20,1.000000020040877343e+20,1.000000020040877343e+20,1.000000020040877343e+20,1.000000020040877343e+20,1.000000020040877343e+20,1.000000020040877343e+20,1.000000020040877343e+20,1.000000020040877343e+20,1.000000020040877343e+20,1.000000020040877343e+20,1.000000020040877343e+20,1.000000020040877343e+20,1.000000020040877343e+20,1.000000020040877343e+20,-1.850000143051147461e+00,-1.850000143051147461e+00,-1.850000143051147461e+00,-1.850000143051147461e+00,-1.850000143051147461e+00,-1.850000143051147461e+00,-1.850000143051147461e+00,-1.850000143051147461e+00,-1.850000143051147461e+00,-1.850000143051147461e+00,-1.850000143051147461e+00,-1.850000143051147461e+00,-1.850000143051147461e+00,-1.850000143051147461e+00,-1.850000143051147461e+00,-1.850000143051147461e+00,-1.850000143051147461e+00,-1.850000143051147461e+00,-1.850000143051147461e+00,-1.850000143051147461e+00,-1.850000143051147461e+00,-1.850000143051147461e+00,-1.850000143051147461e+00,-1.850000143051147461e+00,-1.850000143051147461e+00,-1.850000143051147461e+00,-1.850000143051147461e+00,-1.850000143051147461e+00,-1.850000143051147461e+00,-1.850000143051147461e+00,-1.850000143051147461e+00,-1.850000143051147461e+00,-1.850000143051147461e+00,-1.850000143051147461e+00,-1.850000143051147461e+00,-1.850000143051147461e+00,-1.850000143051147461e+00,-1.850000143051147461e+00,-1.850000143051147461e+00,-1.850000143051147461e+00,-1.850000143051147461e+00,-1.850000143051147461e+00,-1.840000033378601074e+00,1.000000020040877343e+20,1.000000020040877343e+20,1.000000020040877343e+20,1.000000020040877343e+20,1.000000020040877343e+20,1.000000020040877343e+20,1.000000020040877343e+20,1.000000020040877343e+20,1.000000020040877343e+20,1.000000020040877343e+20,1.000000020040877343e+20,1.000000020040877343e+20,1.000000020040877343e+20,1.000000020040877343e+20,1.000000020040877343e+20,1.000000020040877343e+20,1.000000020040877343e+20,1.000000020040877343e+20,1.000000020040877343e+20,1.000000020040877343e+20,1.000000020040877343e+20,1.000000020040877343e+20,1.000000020040877343e+20,1.000000020040877343e+20,1.000000020040877343e+20,1.000000020040877343e+20,1.000000020040877343e+20,1.000000020040877343e+20,1.000000020040877343e+20,1.000000020040877343e+20,1.000000020040877343e+20,1.000000020040877343e+20,1.000000020040877343e+20,1.000000020040877343e+20,1.000000020040877343e+20,1.000000020040877343e+20,1.000000020040877343e+20,1.000000020040877343e+20,1.000000020040877343e+20,1.000000020040877343e+20,1.000000020040877343e+20,1.000000020040877343e+20,1.000000020040877343e+20,1.000000020040877343e+20,1.000000020040877343e+20,1.000000020040877343e+20,1.000000020040877343e+20,1.000000020040877343e+20,1.000000020040877343e+20,1.000000020040877343e+20,1.000000020040877343e+20,1.000000020040877343e+20,1.000000020040877343e+20,1.000000020040877343e+20,1.000000020040877343e+20,1.000000020040877343e+20,1.000000020040877343e+20,1.000000020040877343e+20,1.000000020040877343e+20,1.000000020040877343e+20,1.000000020040877343e+20,1.000000020040877343e+20,1.000000020040877343e+20,1.000000020040877343e+20,1.000000020040877343e+20,1.000000020040877343e+20,1.000000020040877343e+20,1.000000020040877343e+20,1.000000020040877343e+20,1.000000020040877343e+20,1.000000020040877343e+20,1.000000020040877343e+20,1.000000020040877343e+20,1.000000020040877343e+20,1.000000020040877343e+20,1.000000020040877343e+20,1.000000020040877343e+20,1.000000020040877343e+20,1.000000020040877343e+20,1.000000020040877343e+20,1.000000020040877343e+20,1.000000020040877343e+20,1.000000020040877343e+20,1.000000020040877343e+20,1.000000020040877343e+20,1.000000020040877343e+20,1.000000020040877343e+20,1.000000020040877343e+20,1.000000020040877343e+20,1.000000020040877343e+20,1.000000020040877343e+20,1.000000020040877343e+20,-1.850000143051147461e+00,-1.850000143051147461e+00,-1.850000143051147461e+00,-1.850000143051147461e+00,1.000000020040877343e+20,1.000000020040877343e+20,1.000000020040877343e+20,1.000000020040877343e+20,1.000000020040877343e+20,1.000000020040877343e+20,1.000000020040877343e+20,1.000000020040877343e+20,1.000000020040877343e+20,1.000000020040877343e+20,1.000000020040877343e+20,1.000000020040877343e+20,1.000000020040877343e+20,1.000000020040877343e+20,1.000000020040877343e+20,1.000000020040877343e+20,1.000000020040877343e+20,1.000000020040877343e+20,1.000000020040877343e+20,1.000000020040877343e+20,1.000000020040877343e+20,1.000000020040877343e+20,1.000000020040877343e+20,1.000000020040877343e+20,1.000000020040877343e+20,1.000000020040877343e+20,1.000000020040877343e+20,1.000000020040877343e+20,1.000000020040877343e+20,1.000000020040877343e+20,1.000000020040877343e+20,1.000000020040877343e+20,1.000000020040877343e+20,1.000000020040877343e+20,1.000000020040877343e+20,1.000000020040877343e+20,1.000000020040877343e+20,1.000000020040877343e+20,1.000000020040877343e+20,1.000000020040877343e+20,1.000000020040877343e+20,1.000000020040877343e+20,1.000000020040877343e+20,1.000000020040877343e+20,1.000000020040877343e+20,1.000000020040877343e+20,1.000000020040877343e+20,1.000000020040877343e+20,1.000000020040877343e+20,1.000000020040877343e+20,1.000000020040877343e+20,1.000000020040877343e+20,1.000000020040877343e+20,1.000000020040877343e+20,1.000000020040877343e+20,1.000000020040877343e+20
1.000000020040877343e+20,1.000000020040877343e+20,1.000000020040877343e+20,1.000000020040877343e+20,1.000000020040877343e+20,1.000000020040877343e+20,1.000000020040877343e+20,1.000000020040877343e+20,1.000000020040877343e+20,1.000000020040877343e+20,1.000000020040877343e+20,1.000000020040877343e+20,1.000000020040877343e+20,1.000000020040877343e+20,1.000000020040877343e+20,1.000000020040877343e+20,1.000000020040877343e+20,1.000000020040877343e+20,1.000000020040877343e+20,1.000000020040877343e+20,1.000000020040877343e+20,1.000000020040877343e+20,1.000000020040877343e+20,1.000000020040877343e+20,1.000000020040877343e+20,1.000000020040877343e+20,1.000000020040877343e+20,1.000000020040877343e+20,1.000000020040877343e+20,1.000000020040877343e+20,1.000000020040877343e+20,1.000000020040877343e+20,1.000000020040877343e+20,1.000000020040877343e+20,1.000000020040877343e+20,1.000000020040877343e+20,1.000000020040877343e+20,1.000000020040877343e+20,1.000000020040877343e+20,1.000000020040877343e+20,1.000000020040877343e+20,1.000000020040877343e+20,1.000000020040877343e+20,1.000000020040877343e+20,1.000000020040877343e+20,1.000000020040877343e+20,1.000000020040877343e+20,1.000000020040877343e+20,1.000000020040877343e+20,1.000000020040877343e+20,1.000000020040877343e+20,1.000000020040877343e+20,1.000000020040877343e+20,1.000000020040877343e+20,1.000000020040877343e+20,1.000000020040877343e+20,1.000000020040877343e+20,1.000000020040877343e+20,1.000000020040877343e+20,1.000000020040877343e+20,1.000000020040877343e+20,1.000000020040877343e+20,1.000000020040877343e+20,1.000000020040877343e+20,1.000000020040877343e+20,1.000000020040877343e+20,1.000000020040877343e+20,1.000000020040877343e+20,1.000000020040877343e+20,1.000000020040877343e+20,1.000000020040877343e+20,1.000000020040877343e+20,1.000000020040877343e+20,1.000000020040877343e+20,1.000000020040877343e+20,1.000000020040877343e+20,1.000000020040877343e+20,1.000000020040877343e+20,1.000000020040877343e+20,1.000000020040877343e+20,1.000000020040877343e+20,1.000000020040877343e+20,1.000000020040877343e+20,1.000000020040877343e+20,1.000000020040877343e+20,1.000000020040877343e+20,1.000000020040877343e+20,1.000000020040877343e+20,1.000000020040877343e+20,1.000000020040877343e+20,1.000000020040877343e+20,1.000000020040877343e+20,1.000000020040877343e+20,1.000000020040877343e+20,1.000000020040877343e+20,1.000000020040877343e+20,1.000000020040877343e+20,1.000000020040877343e+20,1.000000020040877343e+20,1.000000020040877343e+20,1.000000020040877343e+20,1.000000020040877343e+20,1.000000020040877343e+20,1.000000020040877343e+20,1.000000020040877343e+20,1.000000020040877343e+20,1.000000020040877343e+20,1.000000020040877343e+20,1.000000020040877343e+20,1.000000020040877343e+20,1.000000020040877343e+20,1.000000020040877343e+20,1.000000020040877343e+20,1.000000020040877343e+20,1.000000020040877343e+20,1.000000020040877343e+20,1.000000020040877343e+20,1.000000020040877343e+20,1.000000020040877343e+20,1.000000020040877343e+20,1.000000020040877343e+20,1.000000020040877343e+20,1.000000020040877343e+20,1.000000020040877343e+20,1.000000020040877343e+20,1.000000020040877343e+20,1.000000020040877343e+20,1.000000020040877343e+20,1.000000020040877343e+20,1.000000020040877343e+20,1.000000020040877343e+20,1.000000020040877343e+20,1.000000020040877343e+20,1.000000020040877343e+20,1.000000020040877343e+20,1.000000020040877343e+20,1.000000020040877343e+20,1.000000020040877343e+20,1.000000020040877343e+20,1.000000020040877343e+20,1.000000020040877343e+20,1.000000020040877343e+20,1.000000020040877343e+20,1.000000020040877343e+20,1.000000020040877343e+20,1.000000020040877343e+20,1.000000020040877343e+20,1.000000020040877343e+20,1.000000020040877343e+20,1.000000020040877343e+20,1.000000020040877343e+20,1.000000020040877343e+20,1.000000020040877343e+20,1.000000020040877343e+20,1.000000020040877343e+20,1.000000020040877343e+20,1.000000020040877343e+20,1.000000020040877343e+20,1.000000020040877343e+20,1.000000020040877343e+20,1.000000020040877343e+20,1.000000020040877343e+20,1.000000020040877343e+20,1.000000020040877343e+20,1.000000020040877343e+20,1.000000020040877343e+20,1.000000020040877343e+20,1.000000020040877343e+20,1.000000020040877343e+20,1.000000020040877343e+20,-1.850000143051147461e+00,-1.850000143051147461e+00,-1.850000143051147461e+00,-1.850000143051147461e+00,-1.850000143051147461e+00,-1.850000143051147461e+00,-1.850000143051147461e+00,-1.850000143051147461e+00,-1.850000143051147461e+00,-1.850000143051147461e+00,-1.850000143051147461e+00,-1.850000143051147461e+00,-1.850000143051147461e+00,-1.850000143051147461e+00,-1.850000143051147461e+00,-1.850000143051147461e+00,-1.850000143051147461e+00,-1.850000143051147461e+00,-1.850000143051147461e+00,-1.850000143051147461e+00,-1.850000143051147461e+00,-1.850000143051147461e+00,-1.850000143051147461e+00,-1.842000126838684082e+00,-1.850000143051147461e+00,-1.850000143051147461e+00,-1.850000143051147461e+00,-1.850000143051147461e+00,-1.850000143051147461e+00,-1.842000126838684082e+00,-1.850000143051147461e+00,-1.847000122070312500e+00,-1.850000143051147461e+00,-1.850000143051147461e+00,-1.850000143051147461e+00,-1.850000143051147461e+00,-1.850000143051147461e+00,1.000000020040877343e+20,1.000000020040877343e+20,1.000000020040877343e+20,1.000000020040877343e+20,1.000000020040877343e+20,1.000000020040877343e+20,1.000000020040877343e+20,1.000000020040877343e+20,1.000000020040877343e+20,1.000000020040877343e+20,1.000000020040877343e+20,1.000000020040877343e+20,1.000000020040877343e+20,1.000000020040877343e+20,1.000000020040877343e+20,1.000000020040877343e+20,1.000000020040877343e+20,1.000000020040877343e+20,1.000000020040877343e+20,1.000000020040877343e+20,1.000000020040877343e+20,1.000000020040877343e+20,1.000000020040877343e+20,1.000000020040877343e+20,1.000000020040877343e+20,1.000000020040877343e+20,1.000000020040877343e+20,1.000000020040877343e+20,1.000000020040877343e+20,1.000000020040877343e+20,1.000000020040877343e+20,1.000000020040877343e+20,1.000000020040877343e+20,1.000000020040877343e+20,1.000000020040877343e+20,1.000000020040877343e+20,1.000000020040877343e+20,1.000000020040877343e+20,1.000000020040877343e+20,1.000000020040877343e+20,1.000000020040877343e+20,1.000000020040877343e+20,1.000000020040877343e+20,1.000000020040877343e+20,1.000000020040877343e+20,1.000000020040877343e+20,1.000000020040877343e+20,1.000000020040877343e+20,1.000000020040877343e+20,1.000000020040877343e+20,1.000000020040877343e+20,1.000000020040877343e+20,1.000000020040877343e+20,1.000000020040877343e+20,1.000000020040877343e+20,1.000000020040877343e+20,1.000000020040877343e+20,1.000000020040877343e+20,1.000000020040877343e+20,1.000000020040877343e+20,1.000000020040877343e+20,1.000000020040877343e+20,1.000000020040877343e+20,1.000000020040877343e+20,1.000000020040877343e+20,1.000000020040877343e+20,1.000000020040877343e+20,1.000000020040877343e+20,1.000000020040877343e+20,1.000000020040877343e+20,1.000000020040877343e+20,1.000000020040877343e+20,1.000000020040877343e+20,1.000000020040877343e+20,1.000000020040877343e+20,1.000000020040877343e+20,1.000000020040877343e+20,1.000000020040877343e+20,1.000000020040877343e+20,1.000000020040877343e+20,1.000000020040877343e+20,1.000000020040877343e+20,1.000000020040877343e+20,1.000000020040877343e+20,1.000000020040877343e+20,1.000000020040877343e+20,1.000000020040877343e+20,1.000000020040877343e+20,1.000000020040877343e+20,1.000000020040877343e+20,1.000000020040877343e+20,1.000000020040877343e+20,1.000000020040877343e+20,1.000000020040877343e+20,1.000000020040877343e+20,1.000000020040877343e+20,1.000000020040877343e+20,1.000000020040877343e+20,1.000000020040877343e+20,1.000000020040877343e+20,1.000000020040877343e+20,1.000000020040877343e+20,1.000000020040877343e+20,1.000000020040877343e+20,1.000000020040877343e+20,1.000000020040877343e+20,1.000000020040877343e+20,1.000000020040877343e+20,1.000000020040877343e+20,1.000000020040877343e+20,1.000000020040877343e+20,1.000000020040877343e+20,1.000000020040877343e+20,1.000000020040877343e+20,1.000000020040877343e+20,1.000000020040877343e+20,1.000000020040877343e+20,1.000000020040877343e+20,1.000000020040877343e+20,1.000000020040877343e+20,1.000000020040877343e+20,1.000000020040877343e+20,1.000000020040877343e+20,1.000000020040877343e+20,1.000000020040877343e+20,1.000000020040877343e+20,1.000000020040877343e+20,1.000000020040877343e+20,1.000000020040877343e+20,1.000000020040877343e+20,1.000000020040877343e+20,1.000000020040877343e+20,1.000000020040877343e+20,1.000000020040877343e+20,1.000000020040877343e+20,1.000000020040877343e+20,1.000000020040877343e+20,1.000000020040877343e+20,1.000000020040877343e+20,1.000000020040877343e+20,1.000000020040877343e+20,1.000000020040877343e+20,1.000000020040877343e+20,1.000000020040877343e+20,1.000000020040877343e+20,1.000000020040877343e+20,1.000000020040877343e+20,1.000000020040877343e+20,1.000000020040877343e+20,1.000000020040877343e+20,1.000000020040877343e+20,1.000000020040877343e+20,1.000000020040877343e+20
1.000000020040877343e+20,1.000000020040877343e+20,1.000000020040877343e+20,1.000000020040877343e+20,1.000000020040877343e+20,1.000000020040877343e+20,1.000000020040877343e+20,1.000000020040877343e+20,1.000000020040877343e+20,1.000000020040877343e+20,1.000000020040877343e+20,1.000000020040877343e+20,1.000000020040877343e+20,1.000000020040877343e+20,1.000000020040877343e+20,1.000000020040877343e+20,1.000000020040877343e+20,1.000000020040877343e+20,1.000000020040877343e+20,1.000000020040877343e+20,1.000000020040877343e+20,1.000000020040877343e+20,1.000000020040877343e+20,1.000000020040877343e+20,1.000000020040877343e+20,1.000000020040877343e+20,1.000000020040877343e+20,1.000000020040877343e+20,1.000000020040877343e+20,1.000000020040877343e+20,1.000000020040877343e+20,1.000000020040877343e+20,1.000000020040877343e+20,1.000000020040877343e+20,1.000000020040877343e+20,1.000000020040877343e+20,1.000000020040877343e+20,1.000000020040877343e+20,1.000000020040877343e+20,1.000000020040877343e+20,1.000000020040877343e+20,1.000000020040877343e+20,1.000000020040877343e+20,1.000000020040877343e+20,1.000000020040877343e+20,1.000000020040877343e+20,1.000000020040877343e+20,1.000000020040877343e+20,1.000000020040877343e+20,1.000000020040877343e+20,1.000000020040877343e+20,1.000000020040877343e+20,1.000000020040877343e+20,1.000000020040877343e+20,1.000000020040877343e+20,1.000000020040877343e+20,1.000000020040877343e+20,1.000000020040877343e+20,1.000000020040877343e+20,1.000000020040877343e+20,1.000000020040877343e+20,1.000000020040877343e+20,1.000000020040877343e+20,1.000000020040877343e+20,1.000000020040877343e+20,1.000000020040877343e+20,1.000000020040877343e+20,1.000000020040877343e+20,1.000000020040877343e+20,1.000000020040877343e+20,1.000000020040877343e+20,1.000000020040877343e+20,1.000000020040877343e+20,1.000000020040877343e+20,1.000000020040877343e+20,1.000000020040877343e+20,1.000000020040877343e+20,1.000000020040877343e+20,1.000000020040877343e+20,1.000000020040877343e+20,1.000000020040877343e+20,1.000000020040877343e+20,1.000000020040877343e+20,1.000000020040877343e+20,1.000000020040877343e+20,1.000000020040877343e+20,1.000000020040877343e+20,1.000000020040877343e+20,1.000000020040877343e+20,1.000000020040877343e+20,1.000000020040877343e+20,1.000000020040877343e+20,1.000000020040877343e+20,1.000000020040877343e+20,1.000000020040877343e+20,1.000000020040877343e+20,1.000000020040877343e+20,1.000000020040877343e+20,1.000000020040877343e+20,1.000000020040877343e+20,1.000000020040877343e+20,1.000000020040877343e+20,1.000000020040877343e+20,1.000000020040877343e+20,1.000000020040877343e+20,1.000000020040877343e+20,1.000000020040877343e+20,1.000000020040877343e+20,1.000000020040877343e+20,1.000000020040877343e+20,1.000000020040877343e+20,1.000000020040877343e+20,1.000000020040877343e+20,1.000000020040877343e+20,1.000000020040877343e+20,1.000000020040877343e+20,1.000000020040877343e+20,1.000000020040877343e+20,1.000000020040877343e+20,1.000000020040877343e+20,1.000000020040877343e+20,1.000000020040877343e+20,1.000000020040877343e+20,1.000000020040877343e+20,1.000000020040877343e+20,1.000000020040877343e+20,1.000000020040877343e+20,1.000000020040877343e+20,1.000000020040877343e+20,1.000000020040877343e+20,1.000000020040877343e+20,1.000000020040877343e+20,1.000000020040877343e+20,1.000000020040877343e+20,1.000000020040877343e+20,1.000000020040877343e+20,1.000000020040877343e+20,1.000000020040877343e+20,1.000000020040877343e+20,1.000000020040877343e+20,1.000000020040877343e+20,1.000000020040877343e+20,1.000000020040877343e+20,1.000000020040877343e+20,1.000000020040877343e+20,1.000000020040877343e+20,1.000000020040877343e+20,1.000000020040877343e+20,1.000000020040877343e+20,1.000000020040877343e+20,1.000000020040877343e+20,1.000000020040877343e+20,1.000000020040877343e+20,1.000000020040877343e+20,1.000000020040877343e+20,1.000000020040877343e+20,1.000000020040877343e+20,1.000000020040877343e+20,1.000000020040877343e+20,1.000000020040877343e+20,1.000000020040877343e+20,1.000000020040877343e+20,1.000000020040877343e+20,1.000000020040877343e+20,1.000000020040877343e+20,1.000000020040877343e+20,1.000000020040877343e+20,1.000000020040877343e+20,1.000000020040877343e+20,1.000000020040877343e+20,1.000000020040877343e+20,1.000000020040877343e+20,1.000000020040877343e+20,1.000000020040877343e+20,1.000000020040877343e+20,1.000000020040877343e+20,1.000000020040877343e+20,1.000000020040877343e+20,1.000000020040877343e+20,1.000000020040877343e+20,-1.850000143051147461e+00,-1.850000143051147461e+00,-1.850000143051147461e+00,-1.850000143051147461e+00,-1.850000143051147461e+00,-1.850000143051147461e+00,-1.850000143051147461e+00,-1.850000143051147461e+00,-1.850000143051147461e+00,-1.850000143051147461e+00,-1.850000143051147461e+00,-1.850000143051147461e+00,-1.850000143051147461e+00,-1.850000143051147461e+00,-1.850000143051147461e+00,-1.850000143051147461e+00,-1.847000122070312500e+00,-1.840000033378601074e+00,-1.867000102996826172e+00,-1.915000081062316895e+00,-1.830000042915344238e+00,-1.822000145912170410e+00,-1.887000083923339844e+00,-1.870000123977661133e+00,-1.842000126838684082e+00,-1.850000143051147461e+00,-1.850000143051147461e+00,-1.850000143051147461e+00,-1.850000143051147461e+00,1.000000020040877343e+20,1.000000020040877343e+20,1.000000020040877343e+20,1.000000020040877343e+20,1.000000020040877343e+20,1.000000020040877343e+20,1.000000020040877343e+20,1.000000020040877343e+20,1.000000020040877343e+20,1.000000020040877343e+20,1.000000020040877343e+20,1.000000020040877343e+20,1.000000020040877343e+20,1.000000020040877343e+20,1.000000020040877343e+20,1.000000020040877343e+20,1.000000020040877343e+20,1.000000020040877343e+20,1.000000020040877343e+20,1.000000020040877343e+20,1.000000020040877343e+20,1.000000020040877343e+20,1.000000020040877343e+20,1.000000020040877343e+20,1.000000020040877343e+20,1.000000020040877343e+20,1.000000020040877343e+20,1.000000020040877343e+20,1.000000020040877343e+20,1.000000020040877343e+20,1.000000020040877343e+20,1.000000020040877343e+20,1.000000020040877343e+20,1.000000020040877343e+20,1.000000020040877343e+20,1.000000020040877343e+20,1.000000020040877343e+20,1.000000020040877343e+20,1.000000020040877343e+20,1.000000020040877343e+20,1.000000020040877343e+20,1.000000020040877343e+20,1.000000020040877343e+20,1.000000020040877343e+20,1.000000020040877343e+20,1.000000020040877343e+20,1.000000020040877343e+20,1.000000020040877343e+20,1.000000020040877343e+20,1.000000020040877343e+20,1.000000020040877343e+20,1.000000020040877343e+20,1.000000020040877343e+20,1.000000020040877343e+20,1.000000020040877343e+20,1.000000020040877343e+20,1.000000020040877343e+20,1.000000020040877343e+20,1.000000020040877343e+20,1.000000020040877343e+20,1.000000020040877343e+20,1.000000020040877343e+20,1.000000020040877343e+20,1.000000020040877343e+20,1.000000020040877343e+20,1.000000020040877343e+20,1.000000020040877343e+20,1.000000020040877343e+20,1.000000020040877343e+20,1.000000020040877343e+20,1.000000020040877343e+20,1.000000020040877343e+20,1.000000020040877343e+20,1.000000020040877343e+20,1.000000020040877343e+20,1.000000020040877343e+20,1.000000020040877343e+20,1.000000020040877343e+20,1.000000020040877343e+20,1.000000020040877343e+20,1.000000020040877343e+20,1.000000020040877343e+20,1.000000020040877343e+20,1.000000020040877343e+20,1.000000020040877343e+20,1.000000020040877343e+20,1.000000020040877343e+20,1.000000020040877343e+20,1.000000020040877343e+20,1.000000020040877343e+20,1.000000020040877343e+20,1.000000020040877343e+20,1.000000020040877343e+20,1.000000020040877343e+20,1.000000020040877343e+20,1.000000020040877343e+20,1.000000020040877343e+20,1.000000020040877343e+20,1.000000020040877343e+20,1.000000020040877343e+20,1.000000020040877343e+20,1.000000020040877343e+20,1.000000020040877343e+20,1.000000020040877343e+20,1.000000020040877343e+20,1.000000020040877343e+20,1.000000020040877343e+20,1.000000020040877343e+20,1.000000020040877343e+20,1.000000020040877343e+20,1.000000020040877343e+20,1.000000020040877343e+20,1.000000020040877343e+20,1.000000020040877343e+20,1.000000020040877343e+20,1.000000020040877343e+20,1.000000020040877343e+20,1.000000020040877343e+20,1.000000020040877343e+20,1.000000020040877343e+20,1.000000020040877343e+20,1.000000020040877343e+20,1.000000020040877343e+20,1.000000020040877343e+20,1.000000020040877343e+20,1.000000020040877343e+20,1.000000020040877343e+20,1.000000020040877343e+20,1.000000020040877343e+20,1.000000020040877343e+20,1.000000020040877343e+20,1.000000020040877343e+20,1.000000020040877343e+20,1.000000020040877343e+20,1.000000020040877343e+20,1.000000020040877343e+20,1.000000020040877343e+20,1.000000020040877343e+20,1.000000020040877343e+20,1.000000020040877343e+20,1.000000020040877343e+20,1.000000020040877343e+20,1.000000020040877343e+20,1.000000020040877343e+20,1.000000020040877343e+20,1.000000020040877343e+20,1.000000020040877343e+20,1.000000020040877343e+20,1.000000020040877343e+20,1.000000020040877343e+20,1.000000020040877343e+20
1.000000020040877343e+20,1.000000020040877343e+20,1.000000020040877343e+20,1.000000020040877343e+20,1.000000020040877343e+20,1.000000020040877343e+20,1.000000020040877343e+20,1.000000020040877343e+20,1.000000020040877343e+20,1.000000020040877343e+20,1.000000020040877343e+20,1.000000020040877343e+20,1.000000020040877343e+20,1.000000020040877343e+20,1.000000020040877343e+20,1.000000020040877343e+20,1.000000020040877343e+20,1.000000020040877343e+20,1.000000020040877343e+20,1.000000020040877343e+20,1.000000020040877343e+20,1.000000020040877343e+20,1.000000020040877343e+20,1.000000020040877343e+20,1.000000020040877343e+20,1.000000020040877343e+20,1.000000020040877343e+20,1.000000020040877343e+20,1.000000020040877343e+20,1.000000020040877343e+20,1.000000020040877343e+20,1.000000020040877343e+20,1.000000020040877343e+20,1.000000020040877343e+20,1.000000020040877343e+20,1.000000020040877343e+20,1.000000020040877343e+20,1.000000020040877343e+20,1.000000020040877343e+20,1.000000020040877343e+20,1.000000020040877343e+20,1.000000020040877343e+20,1.000000020040877343e+20,1.000000020040877343e+20,1.000000020040877343e+20,1.000000020040877343e+20,1.000000020040877343e+20,1.000000020040877343e+20,1.000000020040877343e+20,1.000000020040877343e+20,1.000000020040877343e+20,1.000000020040877343e+20,1.000000020040877343e+20,1.000000020040877343e+20,1.000000020040877343e+20,1.000000020040877343e+20,1.000000020040877343e+20,1.000000020040877343e+20,1.000000020040877343e+20,1.000000020040877343e+20,1.000000020040877343e+20,1.000000020040877343e+20,1.000000020040877343e+20,1.000000020040877343e+20,1.000000020040877343e+20,1.000000020040877343e+20,1.000000020040877343e+20,1.000000020040877343e+20,1.000000020040877343e+20,1.000000020040877343e+20,1.000000020040877343e+20,1.000000020040877343e+20,1.000000020040877343e+20,1.000000020040877343e+20,1.000000020040877343e+20,1.000000020040877343e+20,1.000000020040877343e+20,1.000000020040877343e+20,1.000000020040877343e+20,1.000000020040877343e+20,1.000000020040877343e+20,1.000000020040877343e+20,1.000000020040877343e+20,1.000000020040877343e+20,1.000000020040877343e+20,1.000000020040877343e+20,1.000000020040877343e+20,1.000000020040877343e+20,1.000000020040877343e+20,1.000000020040877343e+20,1.000000020040877343e+20,1.000000020040877343e+20,1.000000020040877343e+20,1.000000020040877343e+20,1.000000020040877343e+20,1.000000020040877343e+20,1.000000020040877343e+20,1.000000020040877343e+20,1.000000020040877343e+20,1.000000020040877343e+20,1.000000020040877343e+20,1.000000020040877343e+20,1.000000020040877343e+20,1.000000020040877343e+20,1.000000020040877343e+20,1.000000020040877343e+20,1.000000020040877343e+20,1.000000020040877343e+20,1.000000020040877343e+20,1.000000020040877343e+20,1.000000020040877343e+20,1.000000020040877343e+20,1.000000020040877343e+20,1.000000020040877343e+20,1.000000020040877343e+20,1.000000020040877343e+20,1.000000020040877343e+20,1.000000020040877343e+20,1.000000020040877343e+20,1.000000020040877343e+20,1.000000020040877343e+20,1.000000020040877343e+20,1.000000020040877343e+20,1.000000020040877343e+20,1.000000020040877343e+20,1.000000020040877343e+20,1.000000020040877343e+20,1.000000020040877343e+20,1.000000020040877343e+20,1.000000020040877343e+20,1.000000020040877343e+20,1.000000020040877343e+20,1.000000020040877343e+20,1.000000020040877343e+20,1.000000020040877343e+20,1.000000020040877343e+20,1.000000020040877343e+20,1.000000020040877343e+20,1.000000020040877343e+20,1.000000020040877343e+20,1.000000020040877343e+20,1.000000020040877343e+20,1.000000020040877343e+20,1.000000020040877343e+20,1.000000020040877343e+20,1.000000020040877343e+20,1.000000020040877343e+20,1.000000020040877343e+20,1.000000020040877343e+20,1.000000020040877343e+20,1.000000020040877343e+20,1.000000020040877343e+20,1.000000020040877343e+20,1.000000020040877343e+20,1.000000020040877343e+20,1.000000020040877343e+20,1.000000020040877343e+20,1.000000020040877343e+20,1.000000020040877343e+20,1.000000020040877343e+20,1.000000020040877343e+20,1.000000020040877343e+20,1.000000020040877343e+20,1.000000020040877343e+20,1.000000020040877343e+20,1.000000020040877343e+20,1.000000020040877343e+20,1.000000020040877343e+20,1.000000020040877343e+20,1.000000020040877343e+20,1.000000020040877343e+20,1.000000020040877343e+20,1.000000020040877343e+20,1.000000020040877343e+20,1.000000020040877343e+20,1.000000020040877343e+20,1.000000020040877343e+20,1.000000020040877343e+20,1.000000020040877343e+20,1.000000020040877343e+20,1.000000020040877343e+20,1.000000020040877343e+20,1.000000020040877343e+20,1.000000020040877343e+20,1.000000020040877343e+20,1.000000020040877343e+20,1.000000020040877343e+20,1.000000020040877343e+20,1.000000020040877343e+20,1.000000020040877343e+20,1.000000020040877343e+20,1.000000020040877343e+20,1.000000020040877343e+20,1.000000020040877343e+20,1.000000020040877343e+20,1.000000020040877343e+20,1.000000020040877343e+20,1.000000020040877343e+20,1.000000020040877343e+20,1.000000020040877343e+20,1.000000020040877343e+20,1.000000020040877343e+20,1.000000020040877343e+20,1.000000020040877343e+20,1.000000020040877343e+20,1.000000020040877343e+20,1.000000020040877343e+20,1.000000020040877343e+20,1.000000020040877343e+20,1.000000020040877343e+20,1.000000020040877343e+20,1.000000020040877343e+20,1.000000020040877343e+20,1.000000020040877343e+20,1.000000020040877343e+20,1.000000020040877343e+20,1.000000020040877343e+20,1.000000020040877343e+20,1.000000020040877343e+20,1.000000020040877343e+20,1.000000020040877343e+20,1.000000020040877343e+20,1.000000020040877343e+20,1.000000020040877343e+20,1.000000020040877343e+20,1.000000020040877343e+20,1.000000020040877343e+20,1.000000020040877343e+20,1.000000020040877343e+20,1.000000020040877343e+20,1.000000020040877343e+20,1.000000020040877343e+20,1.000000020040877343e+20,1.000000020040877343e+20,1.000000020040877343e+20,1.000000020040877343e+20,1.000000020040877343e+20,1.000000020040877343e+20,1.000000020040877343e+20,1.000000020040877343e+20,1.000000020040877343e+20,1.000000020040877343e+20,1.000000020040877343e+20,1.000000020040877343e+20,1.000000020040877343e+20,1.000000020040877343e+20,1.000000020040877343e+20,1.000000020040877343e+20,1.000000020040877343e+20,1.000000020040877343e+20,1.000000020040877343e+20,1.000000020040877343e+20,1.000000020040877343e+20,1.000000020040877343e+20,1.000000020040877343e+20,1.000000020040877343e+20,1.000000020040877343e+20,1.000000020040877343e+20,1.000000020040877343e+20,1.000000020040877343e+20,1.000000020040877343e+20,1.000000020040877343e+20,1.000000020040877343e+20,1.000000020040877343e+20,1.000000020040877343e+20,1.000000020040877343e+20,1.000000020040877343e+20,1.000000020040877343e+20,1.000000020040877343e+20,1.000000020040877343e+20,1.000000020040877343e+20,1.000000020040877343e+20,1.000000020040877343e+20,1.000000020040877343e+20,1.000000020040877343e+20,1.000000020040877343e+20,1.000000020040877343e+20,1.000000020040877343e+20,1.000000020040877343e+20,1.000000020040877343e+20,1.000000020040877343e+20,1.000000020040877343e+20,1.000000020040877343e+20,1.000000020040877343e+20,1.000000020040877343e+20,1.000000020040877343e+20,1.000000020040877343e+20,1.000000020040877343e+20,1.000000020040877343e+20,1.000000020040877343e+20,1.000000020040877343e+20,1.000000020040877343e+20,1.000000020040877343e+20,1.000000020040877343e+20,1.000000020040877343e+20,1.000000020040877343e+20,1.000000020040877343e+20,1.000000020040877343e+20,1.000000020040877343e+20,1.000000020040877343e+20,1.000000020040877343e+20,1.000000020040877343e+20,1.000000020040877343e+20,1.000000020040877343e+20,1.000000020040877343e+20,1.000000020040877343e+20,1.000000020040877343e+20,1.000000020040877343e+20,1.000000020040877343e+20,1.000000020040877343e+20,1.000000020040877343e+20,1.000000020040877343e+20,1.000000020040877343e+20,1.000000020040877343e+20,1.000000020040877343e+20,1.000000020040877343e+20,1.000000020040877343e+20,1.000000020040877343e+20,1.000000020040877343e+20,1.000000020040877343e+20,1.000000020040877343e+20,1.000000020040877343e+20,1.000000020040877343e+20,1.000000020040877343e+20,1.000000020040877343e+20,1.000000020040877343e+20,1.000000020040877343e+20,1.000000020040877343e+20,1.000000020040877343e+20,1.000000020040877343e+20,1.000000020040877343e+20,1.000000020040877343e+20,1.000000020040877343e+20,1.000000020040877343e+20,1.000000020040877343e+20,1.000000020040877343e+20,1.000000020040877343e+20,1.000000020040877343e+20,1.000000020040877343e+20,1.000000020040877343e+20,1.000000020040877343e+20,1.000000020040877343e+20,1.000000020040877343e+20,1.000000020040877343e+20,1.000000020040877343e+20,1.000000020040877343e+20,1.000000020040877343e+20,1.000000020040877343e+20,1.000000020040877343e+20,1.000000020040877343e+20,1.000000020040877343e+20,1.000000020040877343e+20,1.000000020040877343e+20,1.000000020040877343e+20,1.000000020040877343e+20,1.000000020040877343e+20,1.000000020040877343e+20,1.000000020040877343e+20,1.000000020040877343e+20,1.000000020040877343e+20
1.000000020040877343e+20,1.000000020040877343e+20,1.000000020040877343e+20,1.000000020040877343e+20,1.000000020040877343e+20,1.000000020040877343e+20,1.000000020040877343e+20,1.000000020040877343e+20,1.000000020040877343e+20,1.000000020040877343e+20,1.000000020040877343e+20,1.000000020040877343e+20,1.000000020040877343e+20,1.000000020040877343e+20,1.000000020040877343e+20,1.000000020040877343e+20,1.000000020040877343e+20,1.000000020040877343e+20,1.000000020040877343e+20,1.000000020040877343e+20,1.000000020040877343e+20,1.000000020040877343e+20,1.000000020040877343e+20,1.000000020040877343e+20,1.000000020040877343e+20,1.000000020040877343e+20,1.000000020040877343e+20,1.000000020040877343e+20,1.000000020040877343e+20,1.000000020040877343e+20,1.000000020040877343e+20,1.000000020040877343e+20,1.000000020040877343e+20,1.000000020040877343e+20,1.000000020040877343e+20,1.000000020040877343e+20,1.000000020040877343e+20,1.000000020040877343e+20,1.000000020040877343e+20,1.000000020040877343e+20,1.000000020040877343e+20,1.000000020040877343e+20,1.000000020040877343e+20,1.000000020040877343e+20,1.000000020040877343e+20,1.000000020040877343e+20,1.000000020040877343e+20,1.000000020040877343e+20,1.000000020040877343e+20,1.000000020040877343e+20,1.000000020040877343e+20,1.000000020040877343e+20,1.000000020040877343e+20,1.000000020040877343e+20,1.000000020040877343e+20,1.000000020040877343e+20,1.000000020040877343e+20,1.000000020040877343e+20,1.000000020040877343e+20,1.000000020040877343e+20,1.000000020040877343e+20,1.000000020040877343e+20,1.000000020040877343e+20,1.000000020040877343e+20,1.000000020040877343e+20,1.000000020040877343e+20,1.000000020040877343e+20,1.000000020040877343e+20,1.000000020040877343e+20,1.000000020040877343e+20,1.000000020040877343e+20,1.000000020040877343e+20,1.000000020040877343e+20,1.000000020040877343e+20,1.000000020040877343e+20,1.000000020040877343e+20,1.000000020040877343e+20,1.000000020040877343e+20,1.000000020040877343e+20,1.000000020040877343e+20,1.000000020040877343e+20,1.000000020040877343e+20,1.000000020040877343e+20,1.000000020040877343e+20,1.000000020040877343e+20,1.000000020040877343e+20,1.000000020040877343e+20,1.000000020040877343e+20,1.000000020040877343e+20,1.000000020040877343e+20,1.000000020040877343e+20,1.000000020040877343e+20,1.000000020040877343e+20,1.000000020040877343e+20,1.000000020040877343e+20,1.000000020040877343e+20,1.000000020040877343e+20,1.000000020040877343e+20,1.000000020040877343e+20,1.000000020040877343e+20,1.000000020040877343e+20,1.000000020040877343e+20,1.000000020040877343e+20,1.000000020040877343e+20,1.000000020040877343e+20,1.000000020040877343e+20,1.000000020040877343e+20,1.000000020040877343e+20,1.000000020040877343e+20,1.000000020040877343e+20,1.000000020040877343e+20,1.000000020040877343e+20,1.000000020040877343e+20,1.000000020040877343e+20,1.000000020040877343e+20,1.000000020040877343e+20,1.000000020040877343e+20,1.000000020040877343e+20,1.000000020040877343e+20,1.000000020040877343e+20,1.000000020040877343e+20,1.000000020040877343e+20,1.000000020040877343e+20,1.000000020040877343e+20,1.000000020040877343e+20,1.000000020040877343e+20,1.000000020040877343e+20,1.000000020040877343e+20,1.000000020040877343e+20,1.000000020040877343e+20,1.000000020040877343e+20,1.000000020040877343e+20,1.000000020040877343e+20,1.000000020040877343e+20,1.000000020040877343e+20,1.000000020040877343e+20,1.000000020040877343e+20,1.000000020040877343e+20,1.000000020040877343e+20,1.000000020040877343e+20,1.000000020040877343e+20,1.000000020040877343e+20,1.000000020040877343e+20,1.000000020040877343e+20,1.000000020040877343e+20,1.000000020040877343e+20,1.000000020040877343e+20,1.000000020040877343e+20,1.000000020040877343e+20,1.000000020040877343e+20,1.000000020040877343e+20,1.000000020040877343e+20,1.000000020040877343e+20,1.000000020040877343e+20,1.000000020040877343e+20,1.000000020040877343e+20,1.000000020040877343e+20,1.000000020040877343e+20,1.000000020040877343e+20,1.000000020040877343e+20,1.000000020040877343e+20,1.000000020040877343e+20,1.000000020040877343e+20,1.000000020040877343e+20,1.000000020040877343e+20,1.000000020040877343e+20,1.000000020040877343e+20,1.000000020040877343e+20,1.000000020040877343e+20,1.000000020040877343e+20,1.000000020040877343e+20,1.000000020040877343e+20,1.000000020040877343e+20,1.000000020040877343e+20,1.000000020040877343e+20,1.000000020040877343e+20,1.000000020040877343e+20,1.000000020040877343e+20,1.000000020040877343e+20,1.000000020040877343e+20,1.000000020040877343e+20,1.000000020040877343e+20,1.000000020040877343e+20,1.000000020040877343e+20,1.000000020040877343e+20,1.000000020040877343e+20,1.000000020040877343e+20,1.000000020040877343e+20,1.000000020040877343e+20,1.000000020040877343e+20,1.000000020040877343e+20,1.000000020040877343e+20,1.000000020040877343e+20,1.000000020040877343e+20,1.000000020040877343e+20,1.000000020040877343e+20,1.000000020040877343e+20,1.000000020040877343e+20,1.000000020040877343e+20,1.000000020040877343e+20,1.000000020040877343e+20,1.000000020040877343e+20,1.000000020040877343e+20,1.000000020040877343e+20,1.000000020040877343e+20,1.000000020040877343e+20,1.000000020040877343e+20,1.000000020040877343e+20,1.000000020040877343e+20,1.000000020040877343e+20,1.000000020040877343e+20,1.000000020040877343e+20,1.000000020040877343e+20,1.000000020040877343e+20,1.000000020040877343e+20,1.000000020040877343e+20,1.000000020040877343e+20,1.000000020040877343e+20,1.000000020040877343e+20,1.000000020040877343e+20,1.000000020040877343e+20,1.000000020040877343e+20,1.000000020040877343e+20,1.000000020040877343e+20,1.000000020040877343e+20,1.000000020040877343e+20,1.000000020040877343e+20,1.000000020040877343e+20,1.000000020040877343e+20,1.000000020040877343e+20,1.000000020040877343e+20,1.000000020040877343e+20,1.000000020040877343e+20,1.000000020040877343e+20,1.000000020040877343e+20,1.000000020040877343e+20,1.000000020040877343e+20,1.000000020040877343e+20,1.000000020040877343e+20,1.000000020040877343e+20,1.000000020040877343e+20,1.000000020040877343e+20,1.000000020040877343e+20,1.000000020040877343e+20,1.000000020040877343e+20,1.000000020040877343e+20,1.000000020040877343e+20,1.000000020040877343e+20,1.000000020040877343e+20,1.000000020040877343e+20,1.000000020040877343e+20,1.000000020040877343e+20,1.000000020040877343e+20,1.000000020040877343e+20,1.000000020040877343e+20,1.000000020040877343e+20,1.000000020040877343e+20,1.000000020040877343e+20,1.000000020040877343e+20,1.000000020040877343e+20,1.000000020040877343e+20,1.000000020040877343e+20,1.000000020040877343e+20,1.000000020040877343e+20,1.000000020040877343e+20,1.000000020040877343e+20,1.000000020040877343e+20,1.000000020040877343e+20,1.000000020040877343e+20,1.000000020040877343e+20,1.000000020040877343e+20,1.000000020040877343e+20,1.000000020040877343e+20,1.000000020040877343e+20,1.000000020040877343e+20,1.000000020040877343e+20,1.000000020040877343e+20,1.000000020040877343e+20,1.000000020040877343e+20,1.000000020040877343e+20,1.000000020040877343e+20,1.000000020040877343e+20,1.000000020040877343e+20,1.000000020040877343e+20,1.000000020040877343e+20,1.000000020040877343e+20,1.000000020040877343e+20,1.000000020040877343e+20,1.000000020040877343e+20,1.000000020040877343e+20,1.000000020040877343e+20,1.000000020040877343e+20,1.000000020040877343e+20,1.000000020040877343e+20,1.000000020040877343e+20,1.000000020040877343e+20,1.000000020040877343e+20,1.000000020040877343e+20,1.000000020040877343e+20,1.000000020040877343e+20,1.000000020040877343e+20,1.000000020040877343e+20,1.000000020040877343e+20,1.000000020040877343e+20,1.000000020040877343e+20,1.000000020040877343e+20,1.000000020040877343e+20,1.000000020040877343e+20,1.000000020040877343e+20,1.000000020040877343e+20,1.000000020040877343e+20,1.000000020040877343e+20,1.000000020040877343e+20,1.000000020040877343e+20,1.000000020040877343e+20,1.000000020040877343e+20,1.000000020040877343e+20,1.000000020040877343e+20,1.000000020040877343e+20,1.000000020040877343e+20,1.000000020040877343e+20,1.000000020040877343e+20,1.000000020040877343e+20,1.000000020040877343e+20,1.000000020040877343e+20,1.000000020040877343e+20,1.000000020040877343e+20,1.000000020040877343e+20,1.000000020040877343e+20,1.000000020040877343e+20,1.000000020040877343e+20,1.000000020040877343e+20,1.000000020040877343e+20,1.000000020040877343e+20,1.000000020040877343e+20,1.000000020040877343e+20,1.000000020040877343e+20,1.000000020040877343e+20,1.000000020040877343e+20,1.000000020040877343e+20,1.000000020040877343e+20,1.000000020040877343e+20,1.000000020040877343e+20,1.000000020040877343e+20,1.000000020040877343e+20,1.000000020040877343e+20,1.000000020040877343e+20,1.000000020040877343e+20,1.000000020040877343e+20,1.000000020040877343e+20,1.000000020040877343e+20,1.000000020040877343e+20,1.000000020040877343e+20,1.000000020040877343e+20,1.000000020040877343e+20,1.000000020040877343e+20,1.000000020040877343e+20,1.000000020040877343e+20,1.000000020040877343e+20,1.000000020040877343e+20
1.000000020040877343e+20,1.000000020040877343e+20,1.000000020040877343e+20,1.000000020040877343e+20,1.000000020040877343e+20,1.000000020040877343e+20,1.000000020040877343e+20,1.000000020040877343e+20,1.000000020040877343e+20,1.000000020040877343e+20,1.000000020040877343e+20,1.000000020040877343e+20,1.000000020040877343e+20,1.000000020040877343e+20,1.000000020040877343e+20,1.000000020040877343e+20,1.000000020040877343e+20,1.000000020040877343e+20,1.000000020040877343e+20,1.000000020040877343e+20,1.000000020040877343e+20,1.000000020040877343e+20,1.000000020040877343e+20,1.000000020040877343e+20,1.000000020040877343e+20,1.000000020040877343e+20,1.000000020040877343e+20,1.000000020040877343e+20,1.000000020040877343e+20,1.000000020040877343e+20,1.000000020040877343e+20,1.000000020040877343e+20,1.000000020040877343e+20,1.000000020040877343e+20,1.000000020040877343e+20,1.000000020040877343e+20,1.000000020040877343e+20,1.000000020040877343e+20,1.000000020040877343e+20,1.000000020040877343e+20,1.000000020040877343e+20,1.000000020040877343e+20,1.000000020040877343e+20,1.000000020040877343e+20,1.000000020040877343e+20,1.000000020040877343e+20,1.000000020040877343e+20,1.000000020040877343e+20,1.000000020040877343e+20,1.000000020040877343e+20,1.000000020040877343e+20,1.000000020040877343e+20,1.000000020040877343e+20,1.000000020040877343e+20,1.000000020040877343e+20,1.000000020040877343e+20,1.000000020040877343e+20,1.000000020040877343e+20,1.000000020040877343e+20,1.000000020040877343e+20,1.000000020040877343e+20,1.000000020040877343e+20,1.000000020040877343e+20,1.000000020040877343e+20,1.000000020040877343e+20,1.000000020040877343e+20,1.000000020040877343e+20,1.000000020040877343e+20,1.000000020040877343e+20,1.000000020040877343e+20,1.000000020040877343e+20,1.000000020040877343e+20,1.000000020040877343e+20,1.000000020040877343e+20,1.000000020040877343e+20,1.000000020040877343e+20,1.000000020040877343e+20,1.000000020040877343e+20,1.000000020040877343e+20,1.000000020040877343e+20,1.000000020040877343e+20,1.000000020040877343e+20,1.000000020040877343e+20,1.000000020040877343e+20,1.000000020040877343e+20,1.000000020040877343e+20,1.000000020040877343e+20,1.000000020040877343e+20,1.000000020040877343e+20,1.000000020040877343e+20,1.000000020040877343e+20,1.000000020040877343e+20,1.000000020040877343e+20,1.000000020040877343e+20,1.000000020040877343e+20,1.000000020040877343e+20,1.000000020040877343e+20,1.000000020040877343e+20,1.000000020040877343e+20,1.000000020040877343e+20,1.000000020040877343e+20,1.000000020040877343e+20,1.000000020040877343e+20,1.000000020040877343e+20,1.000000020040877343e+20,1.000000020040877343e+20,1.000000020040877343e+20,1.000000020040877343e+20,1.000000020040877343e+20,1.000000020040877343e+20,1.000000020040877343e+20,1.000000020040877343e+20,1.000000020040877343e+20,1.000000020040877343e+20,1.000000020040877343e+20,1.000000020040877343e+20,1.000000020040877343e+20,1.000000020040877343e+20,1.000000020040877343e+20,1.000000020040877343e+20,1.000000020040877343e+20,1.000000020040877343e+20,1.000000020040877343e+20,1.000000020040877343e+20,1.000000020040877343e+20,1.000000020040877343e+20,1.000000020040877343e+20,1.000000020040877343e+20,1.000000020040877343e+20,1.000000020040877343e+20,1.000000020040877343e+20,1.000000020040877343e+20,1.000000020040877343e+20,1.000000020040877343e+20,1.000000020040877343e+20,1.000000020040877343e+20,1.000000020040877343e+20,1.000000020040877343e+20,1.000000020040877343e+20,1.000000020040877343e+20,1.000000020040877343e+20,1.000000020040877343e+20,1.000000020040877343e+20,1.000000020040877343e+20,1.000000020040877343e+20,1.000000020040877343e+20,1.000000020040877343e+20,1.000000020040877343e+20,1.000000020040877343e+20,1.000000020040877343e+20,1.000000020040877343e+20,1.000000020040877343e+20,1.000000020040877343e+20,1.000000020040877343e+20,1.000000020040877343e+20,1.000000020040877343e+20,1.000000020040877343e+20,1.000000020040877343e+20,1.000000020040877343e+20,1.000000020040877343e+20,1.000000020040877343e+20,1.000000020040877343e+20,1.000000020040877343e+20,1.000000020040877343e+20,1.000000020040877343e+20,1.000000020040877343e+20,1.000000020040877343e+20,1.000000020040877343e+20,1.000000020040877343e+20,1.000000020040877343e+20,1.000000020040877343e+20,1.000000020040877343e+20,1.000000020040877343e+20,1.000000020040877343e+20,1.000000020040877343e+20,1.000000020040877343e+20,1.000000020040877343e+20,1.000000020040877343e+20,1.000000020040877343e+20,1.000000020040877343e+20,1.000000020040877343e+20,1.000000020040877343e+20,1.000000020040877343e+20,1.000000020040877343e+20,1.000000020040877343e+20,1.000000020040877343e+20,1.000000020040877343e+20,1.000000020040877343e+20,1.000000020040877343e+20,1.000000020040877343e+20,1.000000020040877343e+20,1.000000020040877343e+20,1.000000020040877343e+20,1.000000020040877343e+20,1.000000020040877343e+20,1.000000020040877343e+20,1.000000020040877343e+20,1.000000020040877343e+20,1.000000020040877343e+20,1.000000020040877343e+20,1.000000020040877343e+20,1.000000020040877343e+20,1.000000020040877343e+20,1.000000020040877343e+20,1.000000020040877343e+20,1.000000020040877343e+20,1.000000020040877343e+20,1.000000020040877343e+20,1.000000020040877343e+20,1.000000020040877343e+20,1.000000020040877343e+20,1.000000020040877343e+20,1.000000020040877343e+20,1.000000020040877343e+20,1.000000020040877343e+20,1.000000020040877343e+20,1.000000020040877343e+20,1.000000020040877343e+20,1.000000020040877343e+20,1.000000020040877343e+20,1.000000020040877343e+20,1.000000020040877343e+20,1.000000020040877343e+20,1.000000020040877343e+20,1.000000020040877343e+20,1.000000020040877343e+20,1.000000020040877343e+20,1.000000020040877343e+20,1.000000020040877343e+20,1.000000020040877343e+20,1.000000020040877343e+20,1.000000020040877343e+20,1.000000020040877343e+20,1.000000020040877343e+20,1.000000020040877343e+20,1.000000020040877343e+20,1.000000020040877343e+20,1.000000020040877343e+20,1.000000020040877343e+20,1.000000020040877343e+20,1.000000020040877343e+20,1.000000020040877343e+20,1.000000020040877343e+20,1.000000020040877343e+20,1.000000020040877343e+20,1.000000020040877343e+20,1.000000020040877343e+20,1.000000020040877343e+20,1.000000020040877343e+20,1.000000020040877343e+20,1.000000020040877343e+20,1.000000020040877343e+20,1.000000020040877343e+20,1.000000020040877343e+20,1.000000020040877343e+20,1.000000020040877343e+20,1.000000020040877343e+20,1.000000020040877343e+20,1.000000020040877343e+20,1.000000020040877343e+20,1.000000020040877343e+20,1.000000020040877343e+20,1.000000020040877343e+20,1.000000020040877343e+20,1.000000020040877343e+20,1.000000020040877343e+20,1.000000020040877343e+20,1.000000020040877343e+20,1.000000020040877343e+20,1.000000020040877343e+20,1.000000020040877343e+20,1.000000020040877343e+20,1.000000020040877343e+20,1.000000020040877343e+20,1.000000020040877343e+20,1.000000020040877343e+20,1.000000020040877343e+20,1.000000020040877343e+20,1.000000020040877343e+20,1.000000020040877343e+20,1.000000020040877343e+20,1.000000020040877343e+20,1.000000020040877343e+20,1.000000020040877343e+20,1.000000020040877343e+20,1.000000020040877343e+20,1.000000020040877343e+20,1.000000020040877343e+20,1.000000020040877343e+20,1.000000020040877343e+20,1.000000020040877343e+20,1.000000020040877343e+20,1.000000020040877343e+20,1.000000020040877343e+20,1.000000020040877343e+20,1.000000020040877343e+20,1.000000020040877343e+20,1.000000020040877343e+20,1.000000020040877343e+20,1.000000020040877343e+20,1.000000020040877343e+20,1.000000020040877343e+20,1.000000020040877343e+20,1.000000020040877343e+20,1.000000020040877343e+20,1.000000020040877343e+20,1.000000020040877343e+20,1.000000020040877343e+20,1.000000020040877343e+20,1.000000020040877343e+20,1.000000020040877343e+20,1.000000020040877343e+20,1.000000020040877343e+20,1.000000020040877343e+20,1.000000020040877343e+20,1.000000020040877343e+20,1.000000020040877343e+20,1.000000020040877343e+20,1.000000020040877343e+20,1.000000020040877343e+20,1.000000020040877343e+20,1.000000020040877343e+20,1.000000020040877343e+20,1.000000020040877343e+20,1.000000020040877343e+20,1.000000020040877343e+20,1.000000020040877343e+20,1.000000020040877343e+20,1.000000020040877343e+20,1.000000020040877343e+20,1.000000020040877343e+20,1.000000020040877343e+20,1.000000020040877343e+20,1.000000020040877343e+20,1.000000020040877343e+20,1.000000020040877343e+20,1.000000020040877343e+20,1.000000020040877343e+20,1.000000020040877343e+20,1.000000020040877343e+20,1.000000020040877343e+20,1.000000020040877343e+20,1.000000020040877343e+20,1.000000020040877343e+20,1.000000020040877343e+20,1.000000020040877343e+20,1.000000020040877343e+20,1.000000020040877343e+20,1.000000020040877343e+20,1.000000020040877343e+20,1.000000020040877343e+20,1.000000020040877343e+20,1.000000020040877343e+20,1.000000020040877343e+20,1.000000020040877343e+20,1.000000020040877343e+20,1.000000020040877343e+20,1.000000020040877343e+20,1.000000020040877343e+20,1.000000020040877343e+20
1.000000020040877343e+20,1.000000020040877343e+20,1.000000020040877343e+20,1.000000020040877343e+20,1.000000020040877343e+20,1.000000020040877343e+20,1.000000020040877343e+20,1.000000020040877343e+20,1.000000020040877343e+20,1.000000020040877343e+20,1.000000020040877343e+20,1.000000020040877343e+20,1.000000020040877343e+20,1.000000020040877343e+20,1.000000020040877343e+20,1.000000020040877343e+20,1.000000020040877343e+20,1.000000020040877343e+20,1.000000020040877343e+20,1.000000020040877343e+20,1.000000020040877343e+20,1.000000020040877343e+20,1.000000020040877343e+20,1.000000020040877343e+20,1.000000020040877343e+20,1.000000020040877343e+20,1.000000020040877343e+20,1.000000020040877343e+20,1.000000020040877343e+20,1.000000020040877343e+20,1.000000020040877343e+20,1.000000020040877343e+20,1.000000020040877343e+20,1.000000020040877343e+20,1.000000020040877343e+20,1.000000020040877343e+20,1.000000020040877343e+20,1.000000020040877343e+20,1.000000020040877343e+20,1.000000020040877343e+20,1.000000020040877343e+20,1.000000020040877343e+20,1.000000020040877343e+20,1.000000020040877343e+20,1.000000020040877343e+20,1.000000020040877343e+20,1.000000020040877343e+20,1.000000020040877343e+20,1.000000020040877343e+20,1.000000020040877343e+20,1.000000020040877343e+20,1.000000020040877343e+20,1.000000020040877343e+20,1.000000020040877343e+20,1.000000020040877343e+20,1.000000020040877343e+20,1.000000020040877343e+20,1.000000020040877343e+20,1.000000020040877343e+20,1.000000020040877343e+20,1.000000020040877343e+20,1.000000020040877343e+20,1.000000020040877343e+20,1.000000020040877343e+20,1.000000020040877343e+20,1.000000020040877343e+20,1.000000020040877343e+20,1.000000020040877343e+20,1.000000020040877343e+20,1.000000020040877343e+20,1.000000020040877343e+20,1.000000020040877343e+20,1.000000020040877343e+20,1.000000020040877343e+20,1.000000020040877343e+20,1.000000020040877343e+20,1.000000020040877343e+20,1.000000020040877343e+20,1.000000020040877343e+20,1.000000020040877343e+20,1.000000020040877343e+20,1.000000020040877343e+20,1.000000020040877343e+20,1.000000020040877343e+20,1.000000020040877343e+20,1.000000020040877343e+20,1.000000020040877343e+20,1.000000020040877343e+20,1.000000020040877343e+20,1.000000020040877343e+20,1.000000020040877343e+20,1.000000020040877343e+20,1.000000020040877343e+20,1.000000020040877343e+20,1.000000020040877343e+20,1.000000020040877343e+20,1.000000020040877343e+20,1.000000020040877343e+20,1.000000020040877343e+20,1.000000020040877343e+20,1.000000020040877343e+20,1.000000020040877343e+20,1.000000020040877343e+20,1.000000020040877343e+20,1.000000020040877343e+20,1.000000020040877343e+20,1.000000020040877343e+20,1.000000020040877343e+20,1.000000020040877343e+20,1.000000020040877343e+20,1.000000020040877343e+20,1.000000020040877343e+20,1.000000020040877343e+20,1.000000020040877343e+20,1.000000020040877343e+20,1.000000020040877343e+20,1.000000020040877343e+20,1.000000020040877343e+20,1.000000020040877343e+20,1.000000020040877343e+20,1.000000020040877343e+20,1.000000020040877343e+20,1.000000020040877343e+20,1.000000020040877343e+20,1.000000020040877343e+20,1.000000020040877343e+20,1.000000020040877343e+20,1.000000020040877343e+20,1.000000020040877343e+20,1.000000020040877343e+20,1.000000020040877343e+20,1.000000020040877343e+20,1.000000020040877343e+20,1.000000020040877343e+20,1.000000020040877343e+20,1.000000020040877343e+20,1.000000020040877343e+20,1.000000020040877343e+20,1.000000020040877343e+20,1.000000020040877343e+20,1.000000020040877343e+20,1.000000020040877343e+20,1.000000020040877343e+20,1.000000020040877343e+20,1.000000020040877343e+20,1.000000020040877343e+20,1.000000020040877343e+20,1.000000020040877343e+20,1.000000020040877343e+20,1.000000020040877343e+20,1.000000020040877343e+20,1.000000020040877343e+20,1.000000020040877343e+20,1.000000020040877343e+20,1.000000020040877343e+20,1.000000020040877343e+20,1.000000020040877343e+20,1.000000020040877343e+20,1.000000020040877343e+20,1.000000020040877343e+20,1.000000020040877343e+20,1.000000020040877343e+20,1.000000020040877343e+20,1.000000020040877343e+20,1.000000020040877343e+20,1.000000020040877343e+20,1.000000020040877343e+20,1.000000020040877343e+20,1.000000020040877343e+20,1.000000020040877343e+20,1.000000020040877343e+20,1.000000020040877343e+20,1.000000020040877343e+20,1.000000020040877343e+20,1.000000020040877343e+20,1.000000020040877343e+20,1.000000020040877343e+20,1.000000020040877343e+20,1.000000020040877343e+20,1.000000020040877343e+20,1.000000020040877343e+20,1.000000020040877343e+20,1.000000020040877343e+20,1.000000020040877343e+20,1.000000020040877343e+20,1.000000020040877343e+20,1.000000020040877343e+20,1.000000020040877343e+20,1.000000020040877343e+20,1.000000020040877343e+20,1.000000020040877343e+20,1.000000020040877343e+20,1.000000020040877343e+20,1.000000020040877343e+20,1.000000020040877343e+20,1.000000020040877343e+20,1.000000020040877343e+20,1.000000020040877343e+20,1.000000020040877343e+20,1.000000020040877343e+20,1.000000020040877343e+20,1.000000020040877343e+20,1.000000020040877343e+20,1.000000020040877343e+20,1.000000020040877343e+20,1.000000020040877343e+20,1.000000020040877343e+20,1.000000020040877343e+20,1.000000020040877343e+20,1.000000020040877343e+20,1.000000020040877343e+20,1.000000020040877343e+20,1.000000020040877343e+20,1.000000020040877343e+20,1.000000020040877343e+20,1.000000020040877343e+20,1.000000020040877343e+20,1.000000020040877343e+20,1.000000020040877343e+20,1.000000020040877343e+20,1.000000020040877343e+20,1.000000020040877343e+20,1.000000020040877343e+20,1.000000020040877343e+20,1.000000020040877343e+20,1.000000020040877343e+20,1.000000020040877343e+20,1.000000020040877343e+20,1.000000020040877343e+20,1.000000020040877343e+20,1.000000020040877343e+20,1.000000020040877343e+20,1.000000020040877343e+20,1.000000020040877343e+20,1.000000020040877343e+20,1.000000020040877343e+20,1.000000020040877343e+20,1.000000020040877343e+20,1.000000020040877343e+20,1.000000020040877343e+20,1.000000020040877343e+20,1.000000020040877343e+20,1.000000020040877343e+20,1.000000020040877343e+20,1.000000020040877343e+20,1.000000020040877343e+20,1.000000020040877343e+20,1.000000020040877343e+20,1.000000020040877343e+20,1.000000020040877343e+20,1.000000020040877343e+20,1.000000020040877343e+20,1.000000020040877343e+20,1.000000020040877343e+20,1.000000020040877343e+20,1.000000020040877343e+20,1.000000020040877343e+20,1.000000020040877343e+20,1.000000020040877343e+20,1.000000020040877343e+20,1.000000020040877343e+20,1.000000020040877343e+20,1.000000020040877343e+20,1.000000020040877343e+20,1.000000020040877343e+20,1.000000020040877343e+20,1.000000020040877343e+20,1.000000020040877343e+20,1.000000020040877343e+20,1.000000020040877343e+20,1.000000020040877343e+20,1.000000020040877343e+20,1.000000020040877343e+20,1.000000020040877343e+20,1.000000020040877343e+20,1.000000020040877343e+20,1.000000020040877343e+20,1.000000020040877343e+20,1.000000020040877343e+20,1.000000020040877343e+20,1.000000020040877343e+20,1.000000020040877343e+20,1.000000020040877343e+20,1.000000020040877343e+20,1.000000020040877343e+20,1.000000020040877343e+20,1.000000020040877343e+20,1.000000020040877343e+20,1.000000020040877343e+20,1.000000020040877343e+20,1.000000020040877343e+20,1.000000020040877343e+20,1.000000020040877343e+20,1.000000020040877343e+20,1.000000020040877343e+20,1.000000020040877343e+20,1.000000020040877343e+20,1.000000020040877343e+20,1.000000020040877343e+20,1.000000020040877343e+20,1.000000020040877343e+20,1.000000020040877343e+20,1.000000020040877343e+20,1.000000020040877343e+20,1.000000020040877343e+20,1.000000020040877343e+20,1.000000020040877343e+20,1.000000020040877343e+20,1.000000020040877343e+20,1.000000020040877343e+20,1.000000020040877343e+20,1.000000020040877343e+20,1.000000020040877343e+20,1.000000020040877343e+20,1.000000020040877343e+20,1.000000020040877343e+20,1.000000020040877343e+20,1.000000020040877343e+20,1.000000020040877343e+20,1.000000020040877343e+20,1.000000020040877343e+20,1.000000020040877343e+20,1.000000020040877343e+20,1.000000020040877343e+20,1.000000020040877343e+20,1.000000020040877343e+20,1.000000020040877343e+20,1.000000020040877343e+20,1.000000020040877343e+20,1.000000020040877343e+20,1.000000020040877343e+20,1.000000020040877343e+20,1.000000020040877343e+20,1.000000020040877343e+20,1.000000020040877343e+20,1.000000020040877343e+20,1.000000020040877343e+20,1.000000020040877343e+20,1.000000020040877343e+20,1.000000020040877343e+20,1.000000020040877343e+20,1.000000020040877343e+20,1.000000020040877343e+20,1.000000020040877343e+20,1.000000020040877343e+20,1.000000020040877343e+20,1.000000020040877343e+20,1.000000020040877343e+20,1.000000020040877343e+20,1.000000020040877343e+20,1.000000020040877343e+20,1.000000020040877343e+20,1.000000020040877343e+20,1.000000020040877343e+20,1.000000020040877343e+20,1.000000020040877343e+20,1.000000020040877343e+20,1.000000020040877343e+20,1.000000020040877343e+20,1.000000020040877343e+20
1.000000020040877343e+20,1.000000020040877343e+20,1.000000020040877343e+20,1.000000020040877343e+20,1.000000020040877343e+20,1.000000020040877343e+20,1.000000020040877343e+20,1.000000020040877343e+20,1.000000020040877343e+20,1.000000020040877343e+20,1.000000020040877343e+20,1.000000020040877343e+20,1.000000020040877343e+20,1.000000020040877343e+20,1.000000020040877343e+20,1.000000020040877343e+20,1.000000020040877343e+20,1.000000020040877343e+20,1.000000020040877343e+20,1.000000020040877343e+20,1.000000020040877343e+20,1.000000020040877343e+20,1.000000020040877343e+20,1.000000020040877343e+20,1.000000020040877343e+20,1.000000020040877343e+20,1.000000020040877343e+20,1.000000020040877343e+20,1.000000020040877343e+20,1.000000020040877343e+20,1.000000020040877343e+20,1.000000020040877343e+20,1.000000020040877343e+20,1.000000020040877343e+20,1.000000020040877343e+20,1.000000020040877343e+20,1.000000020040877343e+20,1.000000020040877343e+20,1.000000020040877343e+20,1.000000020040877343e+20,1.000000020040877343e+20,1.000000020040877343e+20,1.000000020040877343e+20,1.000000020040877343e+20,1.000000020040877343e+20,1.000000020040877343e+20,1.000000020040877343e+20,1.000000020040877343e+20,1.000000020040877343e+20,1.000000020040877343e+20,1.000000020040877343e+20,1.000000020040877343e+20,1.000000020040877343e+20,1.000000020040877343e+20,1.000000020040877343e+20,1.000000020040877343e+20,1.000000020040877343e+20,1.000000020040877343e+20,1.000000020040877343e+20,1.000000020040877343e+20,1.000000020040877343e+20,1.000000020040877343e+20,1.000000020040877343e+20,1.000000020040877343e+20,1.000000020040877343e+20,1.000000020040877343e+20,1.000000020040877343e+20,1.000000020040877343e+20,1.000000020040877343e+20,1.000000020040877343e+20,1.000000020040877343e+20,1.000000020040877343e+20,1.000000020040877343e+20,1.000000020040877343e+20,1.000000020040877343e+20,1.000000020040877343e+20,1.000000020040877343e+20,1.000000020040877343e+20,1.000000020040877343e+20,1.000000020040877343e+20,1.000000020040877343e+20,1.000000020040877343e+20,1.000000020040877343e+20,1.000000020040877343e+20,1.000000020040877343e+20,1.000000020040877343e+20,1.000000020040877343e+20,1.000000020040877343e+20,1.000000020040877343e+20,1.000000020040877343e+20,1.000000020040877343e+20,1.000000020040877343e+20,1.000000020040877343e+20,1.000000020040877343e+20,1.000000020040877343e+20,1.000000020040877343e+20,1.000000020040877343e+20,1.000000020040877343e+20,1.000000020040877343e+20,1.000000020040877343e+20,1.000000020040877343e+20,1.000000020040877343e+20,1.000000020040877343e+20,1.000000020040877343e+20,1.000000020040877343e+20,1.000000020040877343e+20,1.000000020040877343e+20,1.000000020040877343e+20,1.000000020040877343e+20,1.000000020040877343e+20,1.000000020040877343e+20,1.000000020040877343e+20,1.000000020040877343e+20,1.000000020040877343e+20,1.000000020040877343e+20,1.000000020040877343e+20,1.000000020040877343e+20,1.000000020040877343e+20,1.000000020040877343e+20,1.000000020040877343e+20,1.000000020040877343e+20,1.000000020040877343e+20,1.000000020040877343e+20,1.000000020040877343e+20,1.000000020040877343e+20,1.000000020040877343e+20,1.000000020040877343e+20,1.000000020040877343e+20,1.000000020040877343e+20,1.000000020040877343e+20,1.000000020040877343e+20,1.000000020040877343e+20,1.000000020040877343e+20,1.000000020040877343e+20,1.000000020040877343e+20,1.000000020040877343e+20,1.000000020040877343e+20,1.000000020040877343e+20,1.000000020040877343e+20,1.000000020040877343e+20,1.000000020040877343e+20,1.000000020040877343e+20,1.000000020040877343e+20,1.000000020040877343e+20,1.000000020040877343e+20,1.000000020040877343e+20,1.000000020040877343e+20,1.000000020040877343e+20,1.000000020040877343e+20,1.000000020040877343e+20,1.000000020040877343e+20,1.000000020040877343e+20,1.000000020040877343e+20,1.000000020040877343e+20,1.000000020040877343e+20,1.000000020040877343e+20,1.000000020040877343e+20,1.000000020040877343e+20,1.000000020040877343e+20,1.000000020040877343e+20,1.000000020040877343e+20,1.000000020040877343e+20,1.000000020040877343e+20,1.000000020040877343e+20,1.000000020040877343e+20,1.000000020040877343e+20,1.000000020040877343e+20,1.000000020040877343e+20,1.000000020040877343e+20,1.000000020040877343e+20,1.000000020040877343e+20,1.000000020040877343e+20,1.000000020040877343e+20,1.000000020040877343e+20,1.000000020040877343e+20,1.000000020040877343e+20,1.000000020040877343e+20,1.000000020040877343e+20,1.000000020040877343e+20,1.000000020040877343e+20,1.000000020040877343e+20,1.000000020040877343e+20,1.000000020040877343e+20,1.000000020040877343e+20,1.000000020040877343e+20,1.000000020040877343e+20,1.000000020040877343e+20,1.000000020040877343e+20,1.000000020040877343e+20,1.000000020040877343e+20,1.000000020040877343e+20,1.000000020040877343e+20,1.000000020040877343e+20,1.000000020040877343e+20,1.000000020040877343e+20,1.000000020040877343e+20,1.000000020040877343e+20,1.000000020040877343e+20,1.000000020040877343e+20,1.000000020040877343e+20,1.000000020040877343e+20,1.000000020040877343e+20,1.000000020040877343e+20,1.000000020040877343e+20,1.000000020040877343e+20,1.000000020040877343e+20,1.000000020040877343e+20,1.000000020040877343e+20,1.000000020040877343e+20,1.000000020040877343e+20,1.000000020040877343e+20,1.000000020040877343e+20,1.000000020040877343e+20,1.000000020040877343e+20,1.000000020040877343e+20,1.000000020040877343e+20,1.000000020040877343e+20,1.000000020040877343e+20,1.000000020040877343e+20,1.000000020040877343e+20,1.000000020040877343e+20,1.000000020040877343e+20,1.000000020040877343e+20,1.000000020040877343e+20,1.000000020040877343e+20,1.000000020040877343e+20,1.000000020040877343e+20,1.000000020040877343e+20,1.000000020040877343e+20,1.000000020040877343e+20,1.000000020040877343e+20,1.000000020040877343e+20,1.000000020040877343e+20,1.000000020040877343e+20,1.000000020040877343e+20,1.000000020040877343e+20,1.000000020040877343e+20,1.000000020040877343e+20,1.000000020040877343e+20,1.000000020040877343e+20,1.000000020040877343e+20,1.000000020040877343e+20,1.000000020040877343e+20,1.000000020040877343e+20,1.000000020040877343e+20,1.000000020040877343e+20,1.000000020040877343e+20,1.000000020040877343e+20,1.000000020040877343e+20,1.000000020040877343e+20,1.000000020040877343e+20,1.000000020040877343e+20,1.000000020040877343e+20,1.000000020040877343e+20,1.000000020040877343e+20,1.000000020040877343e+20,1.000000020040877343e+20,1.000000020040877343e+20,1.000000020040877343e+20,1.000000020040877343e+20,1.000000020040877343e+20,1.000000020040877343e+20,1.000000020040877343e+20,1.000000020040877343e+20,1.000000020040877343e+20,1.000000020040877343e+20,1.000000020040877343e+20,1.000000020040877343e+20,1.000000020040877343e+20,1.000000020040877343e+20,1.000000020040877343e+20,1.000000020040877343e+20,1.000000020040877343e+20,1.000000020040877343e+20,1.000000020040877343e+20,1.000000020040877343e+20,1.000000020040877343e+20,1.000000020040877343e+20,1.000000020040877343e+20,1.000000020040877343e+20,1.000000020040877343e+20,1.000000020040877343e+20,1.000000020040877343e+20,1.000000020040877343e+20,1.000000020040877343e+20,1.000000020040877343e+20,1.000000020040877343e+20,1.000000020040877343e+20,1.000000020040877343e+20,1.000000020040877343e+20,1.000000020040877343e+20,1.000000020040877343e+20,1.000000020040877343e+20,1.000000020040877343e+20,1.000000020040877343e+20,1.000000020040877343e+20,1.000000020040877343e+20,1.000000020040877343e+20,1.000000020040877343e+20,1.000000020040877343e+20,1.000000020040877343e+20,1.000000020040877343e+20,1.000000020040877343e+20,1.000000020040877343e+20,1.000000020040877343e+20,1.000000020040877343e+20,1.000000020040877343e+20,1.000000020040877343e+20,1.000000020040877343e+20,1.000000020040877343e+20,1.000000020040877343e+20,1.000000020040877343e+20,1.000000020040877343e+20,1.000000020040877343e+20,1.000000020040877343e+20,1.000000020040877343e+20,1.000000020040877343e+20,1.000000020040877343e+20,1.000000020040877343e+20,1.000000020040877343e+20,1.000000020040877343e+20,1.000000020040877343e+20,1.000000020040877343e+20,1.000000020040877343e+20,1.000000020040877343e+20,1.000000020040877343e+20,1.000000020040877343e+20,1.000000020040877343e+20,1.000000020040877343e+20,1.000000020040877343e+20,1.000000020040877343e+20,1.000000020040877343e+20,1.000000020040877343e+20,1.000000020040877343e+20,1.000000020040877343e+20,1.000000020040877343e+20,1.000000020040877343e+20,1.000000020040877343e+20,1.000000020040877343e+20,1.000000020040877343e+20,1.000000020040877343e+20,1.000000020040877343e+20,1.000000020040877343e+20,1.000000020040877343e+20,1.000000020040877343e+20,1.000000020040877343e+20,1.000000020040877343e+20,1.000000020040877343e+20,1.000000020040877343e+20,1.000000020040877343e+20,1.000000020040877343e+20,1.000000020040877343e+20,1.000000020040877343e+20,1.000000020040877343e+20,1.000000020040877343e+20,1.000000020040877343e+20,1.000000020040877343e+20,1.000000020040877343e+20,1.000000020040877343e+20,1.000000020040877343e+20
